182,15,16,12,1,4,0,0
289,9,13,10,1,4,0,0
319,6,12,11,1,4,0,0
330,4,14,11,1,4,0,0
626,49,19,11,1,4,0,1
671,49,20,11,1,4,0,0
718,50,25,11,1,4,0,0
699,73,26,13,1,4,0,0
729,66,17,11,1,4,0,0
704,26,22,10,1,4,0,1
677,28,22,10,1,4,0,1
755,76,22,11,1,4,0,1
692,27,24,13,1,5,0,1
765,55,4,9,1,1,0,0
788,73,4,9,1,1,0,0
690,43,25,11,1,4,0,1
401,143,33,16,1,4,0,1
367,154,32,14,1,4,0,1
411,152,30,13,1,4,0,2
414,154,30,16,1,4,0,1
466,145,34,13,1,4,0,1
486,134,34,15,1,4,0,1
402,177,34,14,1,4,0,1
404,171,29,12,1,4,0,1
391,167,32,14,1,4,0,1
388,191,32,20,1,4,0,1
431,157,30,15,1,4,0,0
562,248,39,21,1,4,0,0
466,150,34,15,1,4,0,0
384,180,28,18,1,5,0,1
607,201,36,21,1,5,0,1
475,166,28,17,1,5,0,1
492,185,27,17,1,5,0,1
499,190,35,18,1,5,0,1
531,215,36,20,1,5,0,1
556,238,42,18,1,5,0,1
470,280,30,35,1,5,0,1
476,172,37,18,1,4,0,1
484,179,41,18,1,4,0,1
499,196,37,19,1,4,0,1
512,210,38,15,1,4,0,1
521,214,35,16,1,4,0,2
539,224,36,16,1,4,0,1
542,230,37,16,1,4,0,1
552,231,38,18,1,4,0,1
427,239,41,19,1,4,0,1
411,213,36,21,1,4,0,1
403,213,28,19,1,4,0,2
432,224,28,22,1,4,0,1
469,236,24,28,1,5,0,0
575,192,32,16,1,4,0,1
597,196,36,13,1,4,0,1
473,270,38,23,1,6,0,1
441,185,7,13,1,1,0,0
629,242,11,16,1,1,0,0
645,237,6,14,1,1,0,0
492,124,34,15,1,6,0,1
757,91,29,13,1,4,0,2
800,70,100,27,1,6,0,1
929,108,26,14,1,4,0,1
911,86,25,11,1,4,0,1
934,100,23,13,1,5,0,1
992,91,23,13,1,4,0,1
990,61,21,11,1,4,0,0
1029,87,19,13,1,4,0,1
987,50,22,16,1,6,0,1
939,233,5,14,1,1,0,1
957,232,6,16,1,1,0,0
1034,136,15,21,1,5,0,1
806,2,70,14,0,0,0,0
960,0,36,19,1,9,0,1
1036,2,16,10,1,4,0,1
1043,60,5,9,1,2,0,1
999,101,7,12,1,1,0,0
1048,79,39,24,1,6,0,0
1089,75,39,32,0,11,0,0
1097,49,18,13,1,4,0,1
1134,46,20,12,1,4,0,1
1154,47,18,11,1,4,0,1
1166,49,21,12,1,4,0,1
1178,51,22,12,1,4,0,1
1119,56,17,9,1,4,0,2
1126,58,18,10,1,4,0,1
1130,60,22,10,1,4,0,1
1156,66,22,11,1,4,0,0
1181,70,6,11,1,1,0,1
1174,78,20,10,1,4,0,0
1261,54,21,16,1,5,0,1
1143,81,27,26,1,6,0,1
1180,96,25,13,1,4,0,0
1193,108,21,13,1,4,0,0
1232,105,25,14,1,4,0,1
1260,98,23,16,1,5,0,1
1177,121,16,15,1,4,0,0
1154,133,17,16,1,4,0,0
1202,123,12,15,1,4,0,1
1216,77,4,7,1,2,0,1
1207,84,4,12,1,2,0,1
1201,88,12,9,1,3,0,1
1154,150,14,17,1,4,0,1
1151,161,14,17,1,4,0,1
1130,188,16,15,1,4,0,1
1200,136,15,17,1,4,0,1
1202,147,13,16,1,4,0,1
1203,212,35,15,1,4,0,1
1146,220,16,16,1,4,0,1
1125,219,18,20,1,4,0,1
1139,243,18,20,1,4,0,1
1198,274,19,24,1,4,0,1
1198,256,19,19,1,4,0,1
1198,315,21,22,1,4,0,1
1092,163,33,13,1,4,0,1
1084,184,35,15,1,4,0,1
1094,173,30,14,1,4,0,1
1091,177,28,15,1,5,0,1
1250,153,27,18,1,5,0,1
1248,148,28,18,1,5,0,2
1201,160,15,16,1,4,0,0
1151,174,15,18,1,4,0,0
1170,225,19,20,1,4,0,0
1196,291,19,25,1,4,0,0
1200,198,17,20,1,4,0,1
1289,210,28,19,1,5,0,1
1141,257,18,29,1,5,0,1
1203,177,14,24,1,6,0,1
1072,170,6,14,1,1,0,0
1366,219,9,12,0,0,0,0
1370,227,7,13,1,1,1,0
1362,227,7,12,1,1,1,0
1353,222,6,12,1,1,0,0
1344,208,6,15,1,1,0,0
1123,229,37,20,1,4,0,1
1283,304,20,14,1,10,0,1
1287,313,20,13,1,10,0,1
1131,310,18,12,1,10,0,1
1132,298,21,13,1,10,0,1
1139,306,6,14,1,2,0,1
1117,302,8,12,1,2,0,1
1165,245,6,11,1,2,0,1
1165,249,6,12,1,10,0,1
1204,222,7,13,1,2,0,1
1203,230,10,9,1,3,0,1
1799,353,49,27,1,4,0,0
202,397,47,22,1,4,0,0
22,523,63,28,1,4,0,1
35,462,59,28,1,4,0,1
280,388,66,35,1,4,0,0
327,359,48,33,1,5,0,1
0,492,49,32,1,4,1,1
0,537,50,53,1,6,1,0
112,484,81,51,1,6,0,0
37,486,82,46,1,6,0,1
81,456,89,44,1,6,0,1
152,440,64,28,1,6,0,1
121,449,66,32,1,5,0,1
139,418,11,19,1,1,0,0
385,390,11,19,1,1,0,0
403,398,11,14,1,2,0,0
435,364,87,93,0,11,0,1
254,846,25,23,1,1,0,0
630,880,17,26,1,1,0,0
552,974,21,27,1,1,0,0
589,991,20,28,1,1,0,1
725,1037,17,27,1,1,0,0
797,1073,15,26,1,1,0,1
735,1121,16,29,1,1,0,1
810,1110,12,26,1,1,0,0
1162,327,22,32,1,4,0,0
1126,346,24,25,1,4,0,0
1199,334,20,26,1,4,0,1
1195,349,21,35,1,5,0,0
1110,355,10,15,1,10,0,0
1125,379,19,13,1,10,0,0
1124,371,18,12,1,10,0,1
1105,382,16,17,1,3,0,1
1197,389,23,31,1,4,0,1
1194,421,24,35,1,4,0,1
1195,445,23,41,1,5,0,0
1118,405,29,47,1,6,0,1
1107,493,27,40,1,4,0,0
1146,498,27,38,1,4,0,0
1184,415,7,15,1,10,0,2
1184,418,5,9,1,2,0,1
1183,411,8,15,1,2,0,2
1104,534,9,18,1,10,0,0
1190,515,38,58,1,6,0,0
1193,574,30,41,1,4,0,0
1090,630,30,52,1,4,0,0
1192,657,32,57,1,4,0,0
1194,713,34,56,1,4,0,0
1092,592,17,26,1,7,0,0
1100,575,10,19,1,1,0,0
908,677,12,27,1,1,0,0
1069,791,38,65,1,4,0,0
1193,771,37,65,1,4,0,1
1187,833,41,76,1,4,0,0
1049,883,41,67,1,4,0,0
1036,964,46,87,1,4,0,0
1196,913,40,85,1,5,0,0
1191,1031,45,91,1,4,0,0
969,1045,19,21,1,2,0,0
958,1087,21,28,1,1,0,0
909,1091,24,24,1,1,0,0
943,1030,20,24,1,1,0,1
1073,1126,14,23,1,1,0,1
1020,1075,54,107,1,4,0,0
1007,1201,63,132,1,4,0,0
1185,1152,53,107,1,4,0,0
1253,1175,57,106,1,4,0,0
987,1351,63,146,1,4,0,0
1086,1443,55,57,1,4,1,0
1620,685,14,25,1,1,0,0
1761,625,51,44,1,4,0,0
1716,659,17,17,1,1,0,0
1756,675,17,17,1,1,0,0
1854,724,23,25,1,10,0,0
