3 0.925000 0.835185 0.102083 0.137037
3 0.702604 0.608333 0.069792 0.094444
3 0.310937 0.215741 0.015625 0.024074
3 0.263021 0.161111 0.013542 0.018519
3 0.351562 0.232407 0.015625 0.020370
3 0.340104 0.221296 0.011458 0.020370
3 0.330729 0.211111 0.011458 0.018519
3 0.323958 0.203704 0.012500 0.014815
5 0.405208 0.315741 0.062500 0.083333
0 0.273438 0.160185 0.005208 0.009259
1 0.182292 0.299074 0.006250 0.009259
0 0.181771 0.294444 0.007292 0.014815
9 0.182292 0.301852 0.010417 0.018519
8 0.415104 0.375926 0.051042 0.081481
4 0.471354 0.409259 0.030208 0.048148
5 0.552604 0.544444 0.132292 0.196296
3 0.374479 0.256481 0.015625 0.020370
1 0.471354 0.373148 0.007292 0.016667
9 0.470312 0.378704 0.013542 0.016667
9 0.275000 0.164815 0.006250 0.011111
1 0.284896 0.162963 0.005208 0.011111
3 0.284896 0.168519 0.009375 0.011111
1 0.353646 0.243519 0.005208 0.009259
1 0.344271 0.242593 0.005208 0.007407
9 0.353646 0.252778 0.007292 0.012963
9 0.344271 0.251852 0.007292 0.014815
0 0.636458 0.324074 0.010417 0.029630
0 0.473958 0.225000 0.006250 0.024074
0 0.483333 0.228704 0.006250 0.016667
0 0.493750 0.226852 0.006250 0.020370
0 0.479167 0.225926 0.004167 0.018519
5 0.828646 0.726852 0.094792 0.105556
1 0.993750 0.554630 0.012500 0.027778
1 0.344271 0.462037 0.007292 0.020370
2 0.344792 0.473148 0.008333 0.024074
