0 0.973162 0.013725 0.008088 0.027451
6 0.955147 0.015686 0.023529 0.031373
0 0.958088 0.060131 0.007353 0.026144
0 0.953309 0.054248 0.011029 0.032680
1 0.925735 0.120261 0.004412 0.020915
1 0.924632 0.116993 0.009559 0.027451
0 0.771324 0.025490 0.007353 0.027451
1 0.767279 0.023529 0.006618 0.018301
1 0.759559 0.032680 0.008824 0.020915
2 0.763235 0.045752 0.019118 0.020915
1 0.749632 0.041176 0.008088 0.022222
1 0.739706 0.054248 0.008824 0.024837
1 0.730147 0.071895 0.007353 0.026144
1 0.723529 0.087582 0.007353 0.020915
1 0.720956 0.091503 0.008088 0.026144
1 0.714338 0.115033 0.008088 0.013072
1 0.713603 0.126144 0.012500 0.027451
1 0.710662 0.151634 0.008088 0.026144
1 0.709191 0.161438 0.008088 0.030065
0 0.778676 0.124183 0.007353 0.036601
0 0.771324 0.128758 0.007353 0.035294
0 0.752941 0.185621 0.007353 0.039216
0 0.746691 0.183007 0.008088 0.036601
6 0.688971 0.185621 0.039706 0.028758
0 0.938971 0.007843 0.004412 0.015686
0 0.917647 0.011111 0.005882 0.022222
2 0.849265 0.005229 0.010294 0.010458
0 0.844118 0.509804 0.023529 0.049673
0 0.818750 0.496732 0.021324 0.049673
0 0.787500 0.482353 0.016176 0.044444
0 0.688235 0.287582 0.011765 0.041830
0 0.620221 0.216340 0.008088 0.040523
0 0.657353 0.164052 0.008824 0.037908
0 0.593750 0.269281 0.012500 0.041830
0 0.583088 0.298693 0.010294 0.045752
0 0.569118 0.290196 0.008824 0.039216
0 0.545956 0.226797 0.006618 0.040523
0 0.511765 0.192810 0.008824 0.037908
0 0.511765 0.179739 0.007353 0.035294
0 0.507353 0.422222 0.013235 0.044444
0 0.505515 0.515686 0.008088 0.043137
0 0.609191 0.486928 0.009559 0.037908
1 0.581985 0.494771 0.011029 0.024837
1 0.600735 0.505882 0.010294 0.026144
1 0.598529 0.521569 0.008824 0.028758
1 0.612132 0.537255 0.011029 0.026144
9 0.607353 0.554902 0.027941 0.030065
9 0.601471 0.535294 0.036765 0.032680
9 0.591176 0.517647 0.035294 0.033987
9 0.580882 0.506536 0.025000 0.040523
0 0.534559 0.010458 0.005882 0.020915
0 0.519485 0.011765 0.008088 0.023529
0 0.487132 0.013725 0.005147 0.027451
1 0.453676 0.007843 0.007353 0.015686
1 0.442647 0.007843 0.005882 0.015686
1 0.401103 0.007190 0.006618 0.014379
0 0.377206 0.010458 0.007353 0.020915
0 0.386765 0.064706 0.008824 0.035294
1 0.377574 0.066667 0.006618 0.023529
2 0.379044 0.075163 0.009559 0.019608
0 0.370221 0.064052 0.006618 0.033987
0 0.455882 0.291503 0.007353 0.039216
0 0.387500 0.294771 0.011765 0.043137
0 0.378676 0.291503 0.008824 0.044444
0 0.388603 0.394118 0.011029 0.045752
0 0.389338 0.383660 0.008088 0.037908
0 0.429779 0.643137 0.012500 0.052288
0 0.433456 0.856209 0.009559 0.031373
0 0.429044 0.889542 0.018382 0.058824
0 0.413971 0.888235 0.013235 0.061438
0 0.393750 0.917647 0.013971 0.054902
0 0.388235 0.711765 0.014706 0.056209
0 0.376471 0.709804 0.014706 0.052288
1 0.321691 0.850327 0.016912 0.066667
0 0.301471 0.833333 0.019118 0.061438
0 0.277941 0.769935 0.020588 0.052288
9 0.339706 0.830065 0.033824 0.041830
9 0.343382 0.779085 0.038235 0.047059
1 0.311397 0.682353 0.013971 0.023529
1 0.308088 0.635294 0.019118 0.031373
0 0.284191 0.588889 0.006618 0.035294
0 0.256985 0.677778 0.011029 0.050980
0 0.253309 0.669281 0.012500 0.052288
1 0.248162 0.664052 0.006618 0.023529
0 0.300000 0.418301 0.008824 0.044444
0 0.279044 0.528105 0.011029 0.047059
0 0.264706 0.558824 0.013235 0.043137
0 0.252206 0.542484 0.010294 0.052288
1 0.266912 0.537908 0.013235 0.024837
1 0.277574 0.483007 0.013971 0.030065
1 0.278309 0.469281 0.011029 0.026144
0 0.263603 0.472549 0.009559 0.040523
0 0.281985 0.425490 0.009559 0.027451
0 0.275000 0.418301 0.010294 0.026144
0 0.313235 0.016993 0.007353 0.033987
0 0.306250 0.016340 0.008088 0.032680
0 0.292647 0.047712 0.007353 0.037908
0 0.274632 0.035948 0.006618 0.035294
0 0.322426 0.098039 0.006618 0.033987
0 0.326838 0.209804 0.009559 0.040523
0 0.312500 0.218301 0.008824 0.041830
0 0.286765 0.213725 0.010294 0.040523
0 0.313971 0.158824 0.007353 0.040523
0 0.306985 0.167974 0.006618 0.037908
0 0.300368 0.092810 0.005147 0.020915
0 0.269853 0.094771 0.005882 0.022222
0 0.282353 0.094118 0.008824 0.028758
1 0.292647 0.108497 0.005882 0.020915
1 0.290074 0.101307 0.006618 0.019608
1 0.295221 0.092157 0.005147 0.016993
1 0.293015 0.090850 0.006618 0.019608
1 0.291912 0.083660 0.005882 0.020915
1 0.288235 0.080392 0.005882 0.016993
1 0.289338 0.098039 0.006618 0.020915
9 0.132353 0.979739 0.047059 0.040523
2 0.170588 0.941176 0.042647 0.044444
9 0.176103 0.907190 0.041912 0.044444
9 0.200000 0.884967 0.032353 0.049673
9 0.111029 0.901961 0.022059 0.065359
9 0.220956 0.832680 0.022794 0.047059
9 0.195956 0.847712 0.041912 0.040523
0 0.201103 0.821569 0.016912 0.045752
1 0.180515 0.830719 0.015441 0.030065
0 0.157353 0.850980 0.019118 0.052288
1 0.161765 0.829412 0.017647 0.056209
0 0.177941 0.806536 0.016176 0.052288
3 0.057353 0.927451 0.091176 0.142484
6 0.063971 0.722222 0.060294 0.074510
1 0.152574 0.701307 0.018382 0.035294
1 0.206618 0.667320 0.016176 0.030065
1 0.204779 0.650980 0.015441 0.028758
1 0.217279 0.629412 0.016912 0.027451
9 0.177206 0.584314 0.016176 0.049673
9 0.205515 0.528758 0.013971 0.053595
9 0.199632 0.493464 0.011029 0.043137
6 0.183456 0.520261 0.024265 0.057516
1 0.242647 0.381699 0.013235 0.026144
1 0.240441 0.369935 0.010294 0.020915
0 0.214338 0.352941 0.012500 0.041830
1 0.175735 0.384967 0.011765 0.019608
0 0.159926 0.382353 0.013971 0.043137
3 0.141544 0.452288 0.083088 0.083660
0 0.032353 0.514379 0.014706 0.045752
0 0.045588 0.496732 0.013235 0.047059
0 0.027574 0.497386 0.013971 0.050980
0 0.041176 0.481046 0.013235 0.044444
1 0.041544 0.465359 0.006618 0.023529
4 0.073529 0.395425 0.070588 0.092810
9 0.124265 0.367974 0.020588 0.032680
7 0.147426 0.384967 0.022794 0.074510
1 0.184559 0.317647 0.013235 0.039216
0 0.103309 0.320261 0.009559 0.031373
3 0.149265 0.324183 0.072059 0.070588
7 0.127941 0.287582 0.045588 0.052288
3 0.161765 0.256863 0.066176 0.048366
1 0.199265 0.258170 0.008824 0.024837
1 0.200368 0.250327 0.008088 0.022222
1 0.223162 0.293464 0.013971 0.035294
4 0.099265 0.215686 0.047059 0.060131
0 0.200000 0.217647 0.008824 0.032680
0 0.200368 0.206536 0.009559 0.036601
0 0.237500 0.197386 0.008824 0.033987
0 0.242279 0.186928 0.006618 0.036601
1 0.263235 0.175163 0.008824 0.020915
1 0.263235 0.167320 0.008824 0.020915
0 0.235294 0.134641 0.007353 0.036601
1 0.203676 0.167974 0.010294 0.027451
6 0.170588 0.207843 0.017647 0.044444
9 0.156618 0.175817 0.019118 0.024837
7 0.189338 0.162745 0.019853 0.058824
0 0.202941 0.133987 0.007353 0.032680
0 0.209926 0.137908 0.006618 0.030065
0 0.218382 0.128758 0.007353 0.030065
1 0.226103 0.132680 0.009559 0.019608
1 0.221324 0.120261 0.007353 0.033987
1 0.226838 0.099346 0.011029 0.026144
0 0.245588 0.080392 0.008824 0.037908
0 0.254779 0.068627 0.009559 0.024837
0 0.234926 0.071895 0.006618 0.028758
0 0.243382 0.059477 0.007353 0.030065
0 0.248897 0.056209 0.006618 0.028758
4 0.186765 0.131373 0.054412 0.050980
3 0.172794 0.113072 0.051471 0.043137
3 0.191176 0.081699 0.058824 0.050980
6 0.236397 0.039216 0.013971 0.026144
4 0.186765 0.041176 0.060294 0.043137
6 0.222059 0.055556 0.010294 0.024837
2 0.150368 0.050980 0.012500 0.020915
1 0.167279 0.043137 0.008088 0.028758
3 0.169485 0.011111 0.052206 0.022222
9 0.216176 0.026144 0.011765 0.023529
9 0.201103 0.014379 0.005147 0.020915
2 0.208456 0.015686 0.008088 0.026144
3 0.082353 0.008497 0.023529 0.016993
3 0.053676 0.035294 0.025000 0.041830
3 0.012132 0.013725 0.024265 0.027451
3 0.006985 0.039869 0.013971 0.043137
3 0.005515 0.086275 0.011029 0.041830
