4 0.781618 0.734641 0.055882 0.067974
3 0.601103 0.601307 0.044853 0.036601
3 0.129044 0.408497 0.022794 0.019608
4 0.197426 0.385621 0.021324 0.018301
8 0.420588 0.277124 0.033824 0.023529
3 0.615441 0.380392 0.025000 0.026144
3 0.690441 0.349020 0.020588 0.020915
4 0.622426 0.298693 0.011029 0.016993
5 0.701838 0.272549 0.030147 0.022222
5 0.733456 0.332026 0.030147 0.033987
4 0.813603 0.330719 0.019853 0.015686
5 0.775735 0.305229 0.026471 0.027451
3 0.934559 0.301307 0.014706 0.011765
5 0.033088 0.310458 0.041176 0.043137
