5 0.340104 0.161111 0.015625 0.014815
5 0.381250 0.182870 0.009375 0.019444
3 0.350521 0.369907 0.044792 0.030556
5 0.330729 0.845370 0.084375 0.216667
3 0.880208 0.709722 0.096875 0.067593
9 0.832812 0.650926 0.030208 0.031481
9 0.820573 0.615741 0.017188 0.038889
4 0.769792 0.619907 0.062500 0.075000
3 0.676562 0.639352 0.052083 0.075000
3 0.636198 0.543056 0.040104 0.056481
8 0.413802 0.460648 0.047396 0.125000
6 0.453385 0.569907 0.010937 0.043519
1 0.453125 0.559722 0.012500 0.037963
3 0.464323 0.498148 0.025521 0.048148
3 0.502604 0.559259 0.030208 0.055556
3 0.441667 0.319907 0.016667 0.036111
2 0.450781 0.394444 0.004687 0.024074
1 0.451302 0.389815 0.006771 0.027778
9 0.546354 0.566667 0.012500 0.038889
1 0.544271 0.562037 0.012500 0.038889
6 0.452604 0.423611 0.011458 0.028704
1 0.453125 0.419907 0.008333 0.025000
3 0.528125 0.424074 0.022917 0.044444
3 0.657292 0.435648 0.033333 0.041667
3 0.642448 0.412963 0.024479 0.031481
7 0.584375 0.410185 0.013542 0.033333
3 0.507812 0.240278 0.010417 0.017593
3 0.510417 0.256481 0.009375 0.014815
6 0.515104 0.289352 0.009375 0.021296
5 0.451823 0.274074 0.015104 0.044444
5 0.458333 0.252778 0.013542 0.037037
5 0.463021 0.222222 0.010417 0.018519
0 0.469271 0.247222 0.003125 0.014815
