3 0.263971 0.969281 0.135294 0.061438
3 0.145588 0.875163 0.129412 0.111111
3 0.168750 0.798039 0.128676 0.105882
0 0.371691 0.694118 0.012500 0.060131
4 0.337132 0.613725 0.065441 0.092810
3 0.670588 0.557516 0.045588 0.084967
0 0.651471 0.492810 0.008824 0.049673
3 0.601838 0.500000 0.033088 0.071895
3 0.629044 0.418954 0.033088 0.058824
1 0.673162 0.404575 0.011029 0.019608
2 0.651103 0.373856 0.016912 0.026144
9 0.653676 0.378431 0.016176 0.027451
1 0.614338 0.360131 0.008088 0.037908
1 0.625368 0.345752 0.008088 0.040523
1 0.655515 0.314379 0.011029 0.043137
6 0.618382 0.284314 0.027941 0.024837
9 0.289338 0.459477 0.028676 0.024837
9 0.292279 0.443137 0.027206 0.023529
2 0.295956 0.435294 0.028676 0.033987
5 0.366176 0.424837 0.067647 0.062745
4 0.375000 0.403268 0.058824 0.058824
3 0.388971 0.358824 0.064706 0.045752
1 0.448897 0.402614 0.011029 0.028758
6 0.451103 0.410458 0.016912 0.049673
1 0.516176 0.358170 0.008824 0.028758
9 0.516176 0.367320 0.008824 0.033987
0 0.544853 0.296078 0.007353 0.037908
9 0.618015 0.216340 0.006618 0.024837
3 0.560294 0.262745 0.023529 0.044444
3 0.558088 0.226797 0.022059 0.037908
3 0.553676 0.198693 0.023529 0.041830
0 0.614706 0.184967 0.005882 0.027451
0 0.590441 0.184967 0.005882 0.030065
1 0.569118 0.175163 0.005882 0.028758
1 0.575368 0.170588 0.005147 0.016993
7 0.568015 0.171895 0.027206 0.032680
3 0.353676 0.276471 0.036765 0.069281
9 0.388235 0.267974 0.011765 0.026144
3 0.406250 0.259477 0.050735 0.043137
3 0.409926 0.235948 0.041912 0.035294
9 0.402206 0.218954 0.016176 0.022222
3 0.431618 0.215686 0.038235 0.039216
3 0.413603 0.192157 0.044853 0.031373
5 0.397426 0.167320 0.059559 0.044444
3 0.427574 0.146405 0.036029 0.031373
4 0.426471 0.128758 0.030882 0.035294
3 0.428676 0.114379 0.029412 0.024837
3 0.500368 0.109150 0.011029 0.024837
3 0.434191 0.075817 0.019853 0.026144
3 0.443015 0.060131 0.024265 0.023529
3 0.458456 0.049020 0.012500 0.022222
3 0.440074 0.045098 0.012500 0.022222
5 0.436029 0.034641 0.032353 0.022222
3 0.447794 0.030065 0.023529 0.020915
3 0.443750 0.018954 0.012500 0.019608
3 0.418382 0.013725 0.027941 0.016993
3 0.547059 0.124837 0.016176 0.027451
3 0.544853 0.105882 0.016176 0.026144
3 0.542647 0.086275 0.014706 0.026144
3 0.531618 0.009150 0.026471 0.018301
3 0.531250 0.013725 0.022794 0.022222
3 0.544118 0.027451 0.025000 0.023529
3 0.524265 0.032680 0.011765 0.020915
0 0.511765 0.013725 0.004412 0.016993
0 0.515074 0.014379 0.003676 0.018301
3 0.538603 0.038562 0.012500 0.019608
3 0.538235 0.050980 0.013235 0.023529
3 0.536765 0.061438 0.014706 0.023529
9 0.566176 0.108497 0.010294 0.015686
9 0.563971 0.105229 0.011765 0.014379
9 0.571691 0.078431 0.011029 0.013072
9 0.575735 0.062745 0.005882 0.010458
