3 0.781985 0.874510 0.138971 0.219608
3 0.530147 0.671242 0.082353 0.155556
3 0.736765 0.584967 0.060294 0.113725
3 0.476838 0.450327 0.041912 0.079739
3 0.376103 0.709804 0.066912 0.167320
3 0.476838 0.328105 0.033088 0.065359
3 0.484191 0.275817 0.027206 0.049673
3 0.479412 0.201307 0.019118 0.026144
3 0.476471 0.177778 0.019118 0.026144
3 0.477574 0.163399 0.015441 0.026144
3 0.475368 0.152288 0.015441 0.024837
3 0.472059 0.135948 0.016176 0.026144
3 0.502574 0.121569 0.013971 0.020915
3 0.508456 0.101961 0.013971 0.020915
3 0.526838 0.138562 0.013971 0.020915
3 0.536765 0.193464 0.017647 0.028758
3 0.304044 0.286275 0.038971 0.047059
3 0.494485 0.084967 0.008088 0.015686
4 0.146324 0.431373 0.088235 0.099346
4 0.474632 0.075163 0.008088 0.016993
4 0.476103 0.062092 0.008088 0.016993
3 0.451471 0.081046 0.008824 0.013072
3 0.453309 0.061438 0.009559 0.015686
3 0.467279 0.058170 0.009559 0.011765
3 0.320956 0.231373 0.025735 0.041830
3 0.343750 0.182353 0.037500 0.024837
3 0.368382 0.147059 0.022059 0.024837
4 0.038971 0.482353 0.044118 0.073203
9 0.063235 0.409150 0.017647 0.052288
9 0.090074 0.376471 0.022794 0.033987
9 0.050000 0.369281 0.027941 0.027451
9 0.040074 0.395425 0.022794 0.035294
9 0.016912 0.391503 0.014706 0.040523
9 0.008824 0.345098 0.014706 0.039216
9 0.127941 0.311765 0.020588 0.027451
9 0.224632 0.406536 0.025735 0.031373
0 0.184191 0.345752 0.013971 0.050980
0 0.211029 0.341176 0.014706 0.054902
0 0.259191 0.315033 0.009559 0.044444
0 0.239338 0.314379 0.009559 0.045752
9 0.273897 0.244444 0.012500 0.028758
0 0.960662 0.567974 0.019853 0.074510
0 0.930515 0.549020 0.027206 0.070588
0 0.873529 0.400000 0.016176 0.052288
0 0.780515 0.350980 0.013971 0.048366
2 0.939706 0.568627 0.050000 0.039216
2 0.923162 0.368627 0.012500 0.039216
2 0.179779 0.461438 0.034559 0.036601
0 0.156250 0.354902 0.013971 0.050980
0 0.023897 0.607843 0.034559 0.073203
2 0.051838 0.435294 0.031618 0.036601
0 0.180515 0.441176 0.018382 0.053595
0 0.223162 0.400654 0.018382 0.053595
0 0.334559 0.285621 0.007353 0.027451
9 0.334926 0.299346 0.011029 0.023529
6 0.210662 0.282353 0.046324 0.054902
7 0.150735 0.335294 0.050000 0.053595
0 0.245588 0.303922 0.008824 0.043137
0 0.244118 0.284314 0.007353 0.032680
0 0.240074 0.269935 0.005147 0.035294
0 0.236397 0.256209 0.009559 0.036601
0 0.229412 0.195425 0.007353 0.022222
9 0.229779 0.205882 0.008088 0.024837
9 0.760294 0.435948 0.026471 0.037908
9 0.708088 0.373203 0.011765 0.032680
9 0.893750 0.445752 0.019853 0.039216
9 0.893750 0.389542 0.019853 0.039216
0 0.764338 0.336601 0.011029 0.048366
0 0.759191 0.324837 0.011029 0.048366
0 0.776103 0.331373 0.009559 0.037908
0 0.909191 0.332680 0.011029 0.045752
0 0.905147 0.322222 0.007353 0.040523
6 0.697426 0.268627 0.016912 0.030065
0 0.788235 0.318954 0.007353 0.036601
4 0.800735 0.401307 0.054412 0.078431
6 0.820956 0.361438 0.030147 0.040523
1 0.823897 0.349020 0.008088 0.028758
1 0.809559 0.347059 0.008824 0.030065
3 0.485294 0.054248 0.007353 0.009150
3 0.501471 0.055556 0.007353 0.011765
1 0.334926 0.904575 0.102206 0.190850
9 0.298162 0.742484 0.025735 0.112418
0 0.303309 0.727451 0.028676 0.082353
