3 0.106771 0.616204 0.044792 0.076852
3 0.033073 0.385185 0.015104 0.020370
3 0.055729 0.369444 0.012500 0.014815
3 0.069271 0.356944 0.009375 0.012037
3 0.178385 0.394444 0.016146 0.018519
3 0.126302 0.366204 0.011979 0.013889
3 0.114323 0.333796 0.007812 0.010185
3 0.094271 0.319444 0.006250 0.007407
3 0.105990 0.319907 0.005729 0.008333
3 0.112760 0.318056 0.005729 0.008333
3 0.101302 0.312500 0.004687 0.008333
3 0.098698 0.296759 0.003646 0.006481
3 0.091406 0.293056 0.004687 0.006481
3 0.093490 0.285648 0.003646 0.006481
3 0.071354 0.280556 0.004167 0.005556
3 0.078125 0.279167 0.003125 0.004630
4 0.071875 0.271296 0.004167 0.009259
3 0.977604 0.428241 0.015625 0.012037
4 0.958594 0.424537 0.014063 0.015741
3 0.942448 0.424537 0.011979 0.013889
3 0.868490 0.413889 0.009896 0.012963
5 0.702344 0.404630 0.033854 0.020370
5 0.918229 0.657870 0.034375 0.054630
5 0.947135 0.660185 0.035937 0.072222
5 0.986198 0.680093 0.027604 0.049074
5 0.977604 0.601389 0.044792 0.080556
