5 0.083456 0.645752 0.080147 0.159477
6 0.206618 0.847059 0.089706 0.083660
1 0.236029 0.845752 0.023529 0.047059
3 0.349265 0.594771 0.054412 0.156863
3 0.094853 0.279085 0.064706 0.048366
4 0.123897 0.239216 0.080147 0.060131
4 0.172426 0.156209 0.056618 0.050980
3 0.185662 0.141176 0.053676 0.036601
3 0.194853 0.121569 0.061765 0.039216
4 0.203309 0.100654 0.063971 0.036601
3 0.213235 0.087582 0.052941 0.031373
3 0.229044 0.069935 0.055147 0.043137
0 0.248529 0.067974 0.008824 0.031373
0 0.202941 0.056209 0.007353 0.026144
0 0.192647 0.058824 0.007353 0.028758
0 0.188235 0.036601 0.007353 0.031373
4 0.175735 0.017647 0.041176 0.035294
3 0.252941 0.018301 0.041176 0.031373
3 0.290809 0.034641 0.046324 0.030065
6 0.124632 0.076471 0.018382 0.032680
6 0.096324 0.100000 0.029412 0.024837
3 0.281985 0.161438 0.034559 0.056209
3 0.353309 0.426797 0.044853 0.090196
4 0.465441 0.438562 0.036765 0.118954
1 0.415074 0.241830 0.009559 0.039216
9 0.414706 0.252288 0.010294 0.033987
1 0.596324 0.954902 0.022059 0.064052
9 0.592647 0.961438 0.033824 0.074510
4 0.655882 0.718301 0.054412 0.134641
0 0.690809 0.565359 0.012500 0.058824
4 0.580882 0.266667 0.036765 0.070588
3 0.526471 0.173203 0.026471 0.045752
3 0.472059 0.117647 0.027941 0.057516
3 0.427941 0.125490 0.025000 0.062745
5 0.618750 0.231373 0.041912 0.086275
4 0.941176 0.475817 0.085294 0.078431
0 0.896324 0.477778 0.017647 0.050980
3 0.966912 0.432026 0.066176 0.064052
5 0.895956 0.298039 0.086029 0.088889
1 0.843382 0.319608 0.008824 0.030065
0 0.763971 0.309150 0.013235 0.048366
0 0.741912 0.267320 0.011765 0.045752
0 0.716912 0.216993 0.008824 0.044444
5 0.668750 0.088889 0.028676 0.052288
3 0.543750 0.078431 0.019853 0.033987
3 0.508456 0.028758 0.019853 0.033987
3 0.976103 0.649020 0.047794 0.079739
