5 0.656250 0.498039 0.066912 0.149020
5 0.515809 0.273203 0.018382 0.028758
5 0.539706 0.284314 0.014706 0.030065
5 0.117279 0.413072 0.093382 0.060131
4 0.103309 0.362745 0.025735 0.027451
5 0.119485 0.409804 0.088971 0.050980
3 0.173529 0.390196 0.041176 0.024837
3 0.200735 0.366667 0.039706 0.022222
3 0.510662 0.350327 0.013971 0.023529
5 0.459926 0.272549 0.008088 0.014379
3 0.467279 0.248366 0.008088 0.010458
3 0.450735 0.241830 0.005882 0.010458
4 0.457721 0.243791 0.006618 0.011765
3 0.462132 0.239869 0.006618 0.011765
5 0.522794 0.249020 0.011765 0.030065
4 0.706618 0.372549 0.016176 0.028758
3 0.671691 0.379739 0.018382 0.022222
3 0.687132 0.333333 0.013971 0.018301
3 0.654412 0.364052 0.014706 0.022222
3 0.647794 0.350980 0.016176 0.019608
3 0.638971 0.343137 0.016176 0.016993
3 0.631985 0.332680 0.013971 0.016993
3 0.676838 0.363399 0.015441 0.018301
3 0.665809 0.352288 0.013971 0.019608
3 0.658456 0.341176 0.013971 0.015686
3 0.680515 0.347712 0.013971 0.015686
3 0.669485 0.333987 0.013971 0.016993
3 0.573162 0.282353 0.009559 0.013072
3 0.625000 0.323529 0.013235 0.016993
3 0.620221 0.311765 0.013971 0.016993
3 0.615074 0.305229 0.013971 0.016993
4 0.610662 0.298039 0.013971 0.020915
3 0.606250 0.291503 0.013971 0.015686
4 0.593015 0.281046 0.009559 0.013072
3 0.660294 0.339869 0.013235 0.015686
3 0.649265 0.332680 0.013235 0.014379
3 0.643750 0.323529 0.012500 0.014379
3 0.637500 0.316993 0.013235 0.014379
3 0.632353 0.310458 0.013235 0.014379
3 0.626838 0.301307 0.012500 0.014379
3 0.618382 0.293464 0.013235 0.014379
3 0.661397 0.326144 0.012500 0.014379
3 0.655515 0.319608 0.012500 0.014379
3 0.648529 0.311765 0.011765 0.014379
3 0.644485 0.305882 0.012500 0.013072
3 0.639338 0.301307 0.012500 0.014379
3 0.625735 0.290850 0.011765 0.014379
3 0.605882 0.282353 0.010294 0.007843
3 0.602206 0.278431 0.010294 0.007843
4 0.618382 0.281699 0.011765 0.014379
4 0.666912 0.309804 0.011765 0.015686
4 0.660294 0.305229 0.011765 0.014379
4 0.673897 0.298039 0.009559 0.013072
4 0.656250 0.294771 0.009559 0.011765
5 0.680515 0.315686 0.018382 0.027451
5 0.690809 0.301307 0.021324 0.043137
5 0.718750 0.311765 0.018382 0.037908
5 0.705147 0.297386 0.020588 0.040523
5 0.688235 0.272549 0.022059 0.027451
5 0.671324 0.266013 0.008824 0.019608
5 0.658824 0.260784 0.008824 0.019608
5 0.640441 0.258170 0.013235 0.019608
5 0.623897 0.258170 0.013971 0.024837
5 0.644118 0.280392 0.027941 0.030065
3 0.471324 0.234641 0.007353 0.009150
3 0.481618 0.232026 0.007353 0.009150
3 0.536765 0.248366 0.007353 0.010458
