5 0.327574 0.515686 0.065441 0.134641
5 0.372794 0.469935 0.038235 0.084967
5 0.480515 0.463399 0.030147 0.069281
5 0.422794 0.471242 0.032353 0.066667
5 0.444485 0.444444 0.036029 0.054902
5 0.482353 0.536601 0.038235 0.066667
0 0.439706 0.567320 0.010294 0.047059
0 0.602941 0.552941 0.008824 0.044444
3 0.481618 0.501307 0.022059 0.024837
3 0.565441 0.553595 0.033824 0.048366
3 0.553676 0.528105 0.022059 0.036601
3 0.548529 0.512418 0.022059 0.036601
3 0.641176 0.554902 0.033824 0.048366
3 0.541176 0.498039 0.022059 0.036601
3 0.624632 0.530719 0.025735 0.033987
3 0.616912 0.513725 0.023529 0.026144
3 0.612868 0.452941 0.019853 0.024837
8 0.641176 0.461438 0.042647 0.052288
3 0.604044 0.493464 0.024265 0.027451
0 0.773529 0.470588 0.007353 0.026144
5 0.728676 0.462092 0.060294 0.058824
5 0.751838 0.443137 0.059559 0.033987
3 0.876838 0.563399 0.046324 0.049673
