3 0.730882 0.941176 0.089706 0.117647
3 0.731985 0.643137 0.080147 0.091503
3 0.664706 0.680392 0.080882 0.100654
3 0.836397 0.535294 0.071324 0.084967
3 0.540441 0.450327 0.066176 0.064052
3 0.621691 0.415686 0.065441 0.057516
3 0.612132 0.377124 0.065441 0.053595
5 0.711397 0.371895 0.072794 0.066667
3 0.696691 0.341176 0.056618 0.054902
3 0.780147 0.351634 0.057353 0.049673
3 0.837500 0.235948 0.041176 0.037908
3 0.780515 0.232026 0.046324 0.035294
4 0.793750 0.220915 0.036029 0.047059
3 0.809559 0.215033 0.038235 0.040523
3 0.840074 0.204575 0.034559 0.030065
3 0.870588 0.196078 0.033824 0.033987
3 0.892279 0.191503 0.031618 0.030065
3 0.902574 0.215033 0.030147 0.024837
0 0.835662 0.167320 0.006618 0.028758
0 0.815074 0.169281 0.006618 0.027451
4 0.725368 0.238562 0.038971 0.040523
4 0.619853 0.262092 0.039706 0.045752
0 0.669853 0.280392 0.008824 0.035294
0 0.653309 0.269281 0.006618 0.036601
0 0.631618 0.275817 0.005882 0.028758
0 0.634191 0.283660 0.006618 0.023529
0 0.613235 0.278431 0.005882 0.023529
3 0.611029 0.301961 0.051471 0.041830
4 0.587132 0.347059 0.050735 0.061438
3 0.555147 0.288235 0.048529 0.040523
3 0.518382 0.289542 0.038235 0.045752
9 0.472059 0.288889 0.010294 0.026144
0 0.552206 0.334641 0.011765 0.041830
1 0.534559 0.312418 0.010294 0.020915
6 0.535662 0.323529 0.031618 0.037908
6 0.514338 0.333333 0.031618 0.041830
0 0.504044 0.337908 0.008088 0.032680
4 0.482721 0.383007 0.059559 0.067974
0 0.395956 0.271895 0.008088 0.033987
2 0.438603 0.328105 0.019853 0.023529
9 0.425000 0.321569 0.017647 0.028758
9 0.405147 0.314379 0.017647 0.027451
9 0.414706 0.301961 0.019118 0.023529
9 0.388971 0.337908 0.007353 0.027451
6 0.422794 0.366013 0.030882 0.044444
1 0.412868 0.373856 0.009559 0.031373
0 0.396324 0.376471 0.011765 0.041830
0 0.386397 0.384967 0.009559 0.045752
0 0.381618 0.379739 0.007353 0.037908
6 0.393015 0.375163 0.027206 0.039216
6 0.359559 0.344444 0.027941 0.027451
1 0.369485 0.281699 0.009559 0.027451
1 0.375368 0.281046 0.008088 0.026144
6 0.361765 0.382353 0.030882 0.040523
0 0.357353 0.394771 0.008824 0.041830
0 0.345588 0.403922 0.008824 0.044444
0 0.337132 0.403922 0.009559 0.041830
0 0.313235 0.394771 0.010294 0.039216
9 0.297059 0.417647 0.020588 0.045752
6 0.291544 0.386928 0.025735 0.041830
0 0.298529 0.381046 0.007353 0.027451
0 0.276838 0.302614 0.008088 0.037908
1 0.289338 0.295425 0.008088 0.026144
3 0.377941 0.694118 0.107353 0.096732
1 0.234926 0.518301 0.015441 0.043137
9 0.236029 0.532026 0.039706 0.044444
0 0.763235 0.860784 0.016176 0.077124
1 0.791176 0.835948 0.030882 0.050980
7 0.122059 0.539216 0.083824 0.071895
6 0.105147 0.528105 0.076471 0.065359
3 0.092647 0.433333 0.064706 0.069281
4 0.009559 0.350980 0.019118 0.066667
0 0.103676 0.313725 0.010294 0.036601
0 0.116912 0.291503 0.008824 0.039216
1 0.238235 0.396732 0.011765 0.037908
0 0.215074 0.432026 0.012500 0.043137
0 0.211765 0.412418 0.008824 0.040523
0 0.200000 0.432680 0.013235 0.044444
6 0.197426 0.418954 0.022794 0.045752
6 0.171691 0.413725 0.031618 0.050980
0 0.159926 0.423529 0.011029 0.047059
1 0.137132 0.398693 0.009559 0.023529
0 0.142279 0.415686 0.011029 0.044444
0 0.150735 0.415686 0.011765 0.049673
6 0.143382 0.405229 0.023529 0.062745
1 0.146691 0.369281 0.013971 0.037908
1 0.158456 0.351634 0.008088 0.020915
0 0.150000 0.359477 0.010294 0.026144
6 0.156985 0.367974 0.050735 0.045752
4 0.201838 0.307843 0.055147 0.053595
3 0.174632 0.298693 0.043382 0.043137
3 0.146691 0.286275 0.038971 0.047059
3 0.137132 0.209804 0.049265 0.030065
5 0.156618 0.222876 0.039706 0.037908
4 0.137500 0.192810 0.036765 0.035294
8 0.094485 0.158170 0.046324 0.078431
3 0.060294 0.174510 0.032353 0.027451
3 0.071691 0.128105 0.028676 0.020915
5 0.058088 0.097386 0.079412 0.053595
4 0.027941 0.057516 0.026471 0.023529
4 0.017279 0.038562 0.028676 0.019608
9 0.234191 0.317647 0.028676 0.039216
9 0.244118 0.324183 0.026471 0.033987
0 0.925735 0.963399 0.017647 0.073203
1 0.707721 0.281699 0.008088 0.024837
9 0.707353 0.288235 0.014706 0.022222
9 0.581985 0.225490 0.013971 0.024837
9 0.607353 0.220261 0.011765 0.022222
0 0.008088 0.085621 0.005882 0.019608
0 0.003309 0.118954 0.006618 0.023529
1 0.046324 0.152941 0.007353 0.018301
0 0.028309 0.133333 0.005147 0.023529
0 0.032721 0.136601 0.005147 0.027451
1 0.019485 0.121569 0.008088 0.015686
0 0.004779 0.067320 0.006618 0.019608
0 0.036765 0.039869 0.004412 0.016993
0 0.042279 0.038562 0.005147 0.016993
1 0.154412 0.260784 0.013235 0.024837
1 0.166176 0.254902 0.010294 0.020915
9 0.194485 0.254248 0.011029 0.024837
