4 0.710938 0.953704 0.095833 0.092593
4 0.818750 0.954630 0.128125 0.090741
3 0.891146 0.970370 0.097917 0.059259
3 0.639583 0.833333 0.076042 0.107407
3 0.704167 0.821296 0.088542 0.116667
3 0.739583 0.758333 0.071875 0.083333
3 0.452083 0.675926 0.048958 0.070370
3 0.571875 0.699074 0.059375 0.075926
3 0.622396 0.691667 0.066667 0.087037
3 0.642708 0.630556 0.055208 0.064815
3 0.517188 0.588889 0.045833 0.059259
3 0.576562 0.605556 0.045833 0.055556
3 0.464323 0.554630 0.035937 0.050000
3 0.398177 0.517593 0.032813 0.046296
3 0.474219 0.500000 0.040104 0.048148
3 0.563281 0.513889 0.041146 0.044444
3 0.502865 0.484259 0.032813 0.040741
3 0.500000 0.426852 0.029167 0.035185
3 0.437760 0.434722 0.028646 0.032407
3 0.454427 0.403241 0.027604 0.030556
3 0.419271 0.395833 0.026042 0.028704
3 0.391406 0.401389 0.026562 0.034259
8 0.463542 0.342130 0.048958 0.076852
3 0.430729 0.361574 0.022917 0.030556
4 0.397917 0.329630 0.033333 0.062963
3 0.437500 0.307407 0.018750 0.027778
3 0.378906 0.304167 0.016146 0.023148
3 0.398177 0.296759 0.016146 0.019444
3 0.414323 0.285648 0.016146 0.019444
3 0.399479 0.254630 0.013542 0.020370
3 0.428125 0.250463 0.014583 0.017593
3 0.380469 0.260648 0.013021 0.019444
3 0.358594 0.260648 0.011979 0.017593
3 0.344531 0.229167 0.009896 0.015741
3 0.365885 0.337500 0.018229 0.025000
3 0.339844 0.337500 0.018229 0.025000
3 0.358594 0.312500 0.016146 0.021296
3 0.328385 0.313889 0.016146 0.022222
3 0.350781 0.294444 0.017188 0.024074
3 0.325000 0.295370 0.016667 0.020370
3 0.322917 0.284722 0.014583 0.017593
3 0.318490 0.272222 0.014063 0.018519
3 0.316146 0.259722 0.012500 0.017593
3 0.313281 0.249537 0.011979 0.013889
3 0.310677 0.241667 0.010937 0.016667
3 0.309115 0.230556 0.010937 0.016667
3 0.306771 0.223611 0.008333 0.015741
3 0.341667 0.279630 0.014583 0.020370
3 0.338281 0.268519 0.013021 0.016667
3 0.335938 0.257407 0.013542 0.016667
3 0.333594 0.247222 0.011979 0.014815
3 0.330729 0.237963 0.012500 0.014815
8 0.327083 0.225926 0.009375 0.018519
3 0.338802 0.212963 0.009896 0.014815
3 0.336719 0.199537 0.009896 0.012037
8 0.366146 0.224537 0.020833 0.039815
8 0.354687 0.201852 0.018750 0.035185
8 0.372917 0.200463 0.018750 0.032407
3 0.326042 0.187963 0.009375 0.011111
3 0.323177 0.177315 0.007812 0.010185
3 0.336458 0.174074 0.007292 0.009259
3 0.350521 0.177315 0.008333 0.010185
3 0.342969 0.167593 0.005729 0.009259
3 0.331250 0.159722 0.006250 0.010185
4 0.363802 0.164815 0.006771 0.011111
3 0.329948 0.153704 0.005729 0.009259
3 0.340365 0.154167 0.005729 0.008333
3 0.342187 0.148148 0.006250 0.007407
3 0.334635 0.143056 0.004687 0.008333
3 0.325521 0.145370 0.006250 0.007407
3 0.327344 0.137963 0.005729 0.007407
3 0.327083 0.131019 0.005208 0.006481
3 0.336458 0.134722 0.005208 0.008333
3 0.343750 0.140741 0.005208 0.007407
3 0.346094 0.136111 0.005729 0.007407
3 0.358073 0.136111 0.004687 0.005556
3 0.336458 0.128704 0.005208 0.005556
3 0.338021 0.122222 0.005208 0.005556
8 0.339583 0.111574 0.006250 0.012037
3 0.416667 0.140278 0.006250 0.010185
3 0.440625 0.189815 0.018750 0.011111
3 0.425260 0.186111 0.016146 0.011111
3 0.417448 0.180556 0.016146 0.009259
3 0.416927 0.175463 0.020313 0.010185
4 0.414323 0.172685 0.017188 0.010185
3 0.410677 0.167130 0.018229 0.008333
3 0.410156 0.163426 0.016146 0.006481
3 0.408594 0.161111 0.017188 0.007407
3 0.405469 0.156481 0.016146 0.009259
3 0.404687 0.150463 0.016667 0.006481
3 0.402083 0.149537 0.014583 0.010185
3 0.396615 0.146296 0.014063 0.007407
3 0.397396 0.143519 0.015625 0.007407
4 0.395052 0.139352 0.014063 0.010185
3 0.497656 0.180556 0.006771 0.011111
3 0.496354 0.191204 0.008333 0.012037
3 0.508854 0.180093 0.007292 0.012037
3 0.518750 0.190278 0.007292 0.010185
3 0.934635 0.243981 0.023438 0.017593
3 0.909375 0.236574 0.019792 0.019444
3 0.308594 0.587037 0.033854 0.072222
3 0.261198 0.550000 0.029687 0.061111
3 0.281250 0.399537 0.019792 0.037963
3 0.234115 0.428704 0.020313 0.042593
3 0.264062 0.318056 0.016667 0.026852
3 0.214323 0.291204 0.015104 0.025000
3 0.196875 0.285185 0.014583 0.012963
3 0.270573 0.291667 0.013021 0.022222
3 0.267969 0.269907 0.011979 0.019444
8 0.242969 0.247685 0.018229 0.049074
3 0.265625 0.244444 0.010417 0.018519
3 0.278385 0.231944 0.009896 0.017593
3 0.253906 0.223148 0.009896 0.016667
3 0.216146 0.216667 0.012500 0.012963
3 0.233594 0.212037 0.008854 0.014815
3 0.259115 0.203704 0.009896 0.014815
3 0.283073 0.200926 0.009896 0.016667
3 0.270313 0.191204 0.011458 0.012037
3 0.250260 0.187037 0.016146 0.033333
3 0.257812 0.182870 0.007292 0.012037
3 0.286198 0.183796 0.008854 0.012037
3 0.273958 0.179167 0.008333 0.010185
3 0.287760 0.176852 0.006771 0.011111
3 0.286719 0.167593 0.007812 0.012963
3 0.275781 0.171296 0.006771 0.009259
3 0.260937 0.172222 0.009375 0.011111
3 0.240365 0.172222 0.013021 0.011111
3 0.223958 0.176389 0.017708 0.010185
3 0.266927 0.164815 0.006771 0.011111
3 0.251042 0.167130 0.008333 0.010185
3 0.255469 0.162963 0.006771 0.009259
3 0.259115 0.157870 0.006771 0.008333
4 0.265885 0.147685 0.010937 0.008333
3 0.271615 0.158333 0.006771 0.009259
3 0.278385 0.164352 0.007812 0.010185
3 0.273698 0.152778 0.005729 0.007407
3 0.277344 0.149074 0.006771 0.009259
3 0.282813 0.155556 0.006250 0.009259
3 0.290625 0.161111 0.008333 0.011111
3 0.299219 0.164352 0.007812 0.010185
3 0.301823 0.161111 0.006771 0.009259
3 0.294010 0.155556 0.006771 0.009259
3 0.285677 0.150000 0.005729 0.009259
3 0.279948 0.146296 0.005729 0.007407
3 0.282031 0.142593 0.005729 0.007407
3 0.271354 0.145370 0.004167 0.007407
8 0.284896 0.132870 0.010417 0.017593
3 0.289323 0.145370 0.005729 0.007407
3 0.295833 0.150000 0.006250 0.007407
3 0.303385 0.156481 0.006771 0.009259
3 0.304167 0.153241 0.006250 0.008333
3 0.306510 0.150000 0.006771 0.009259
3 0.308333 0.146759 0.006250 0.010185
3 0.309896 0.144444 0.005208 0.009259
3 0.298177 0.143981 0.006771 0.008333
3 0.291667 0.139815 0.005208 0.007407
3 0.294792 0.136111 0.005208 0.007407
3 0.291927 0.127778 0.004687 0.007407
3 0.301563 0.140278 0.005208 0.008333
3 0.307552 0.136574 0.006771 0.006481
4 0.314063 0.132407 0.005208 0.009259
3 0.296615 0.130556 0.004687 0.009259
3 0.295052 0.122222 0.004687 0.007407
3 0.293750 0.118519 0.004167 0.005556
3 0.298958 0.116667 0.005208 0.007407
3 0.299219 0.128241 0.004687 0.008333
3 0.302604 0.122685 0.004167 0.006481
8 0.300260 0.110185 0.007812 0.012963
4 0.268750 0.129630 0.015625 0.012963
4 0.273698 0.128704 0.014063 0.012963
3 0.251563 0.111111 0.008333 0.007407
3 0.207292 0.146759 0.014583 0.008333
3 0.247135 0.142130 0.006771 0.008333
3 0.095573 0.163426 0.014063 0.008333
3 0.109115 0.166667 0.017188 0.011111
3 0.132552 0.168519 0.019271 0.011111
3 0.107552 0.181944 0.018229 0.012037
3 0.135937 0.185185 0.017708 0.012963
3 0.137760 0.181481 0.016146 0.011111
3 0.149740 0.170370 0.016146 0.011111
3 0.060417 0.166667 0.015625 0.009259
3 0.061458 0.177778 0.021875 0.012963
1 0.939844 0.590741 0.015104 0.025926
0 0.916146 0.628704 0.011458 0.050000
0 0.914583 0.619907 0.012500 0.043519
2 0.844531 0.632407 0.011979 0.029630
2 0.981250 0.627315 0.019792 0.037963
2 0.987760 0.660185 0.017188 0.025926
2 0.929427 0.634722 0.013021 0.023148
2 0.952083 0.659722 0.012500 0.037963
2 0.967448 0.673148 0.011979 0.035185
2 0.924740 0.657407 0.014063 0.022222
2 0.938542 0.668519 0.015625 0.022222
2 0.987240 0.695833 0.008854 0.039815
2 0.978125 0.681944 0.008333 0.039815
2 0.978385 0.698148 0.007812 0.037037
2 0.969010 0.685185 0.007812 0.042593
1 0.564063 0.401852 0.004167 0.020370
2 0.562760 0.414352 0.005729 0.021296
1 0.540625 0.362500 0.005208 0.017593
2 0.540625 0.372685 0.005208 0.017593
1 0.535937 0.349074 0.003125 0.018519
2 0.535156 0.359259 0.005729 0.016667
1 0.508854 0.325463 0.004167 0.019444
1 0.503125 0.316667 0.004167 0.014815
1 0.494531 0.312963 0.004687 0.012963
1 0.488281 0.317593 0.004687 0.012963
1 0.485937 0.308796 0.004167 0.012037
9 0.508594 0.332407 0.005729 0.014815
9 0.502865 0.324074 0.006771 0.012963
9 0.493750 0.318981 0.005208 0.013889
9 0.484635 0.312963 0.005729 0.012963
1 0.461979 0.266204 0.003125 0.015741
9 0.461979 0.275000 0.005208 0.012963
1 0.453125 0.258796 0.004167 0.012037
2 0.453385 0.267130 0.004687 0.010185
1 0.458854 0.248611 0.003125 0.012037
1 0.452604 0.251852 0.004167 0.011111
1 0.452865 0.247685 0.003646 0.010185
1 0.455990 0.239815 0.003646 0.011111
0 0.435417 0.253704 0.002083 0.018519
0 0.448437 0.217593 0.003125 0.014815
0 0.432812 0.163426 0.002083 0.012037
0 0.489583 0.175926 0.002083 0.012963
0 0.499740 0.175000 0.002604 0.012963
0 0.477865 0.176389 0.002604 0.010185
0 0.466146 0.168056 0.002083 0.012037
0 0.451302 0.217130 0.001563 0.013889
0 0.453125 0.216667 0.002083 0.014815
0 0.455990 0.217593 0.001563 0.014815
0 0.458854 0.217593 0.002083 0.014815
0 0.462240 0.216204 0.002604 0.017593
0 0.447135 0.206944 0.002604 0.015741
0 0.451562 0.210185 0.002083 0.011111
0 0.458854 0.210648 0.002083 0.010185
0 0.461458 0.191204 0.002083 0.013889
0 0.440885 0.181481 0.001563 0.009259
0 0.425260 0.168056 0.001563 0.010185
0 0.415365 0.219907 0.002604 0.015741
0 0.449479 0.198611 0.002083 0.012037
1 0.481510 0.198611 0.003646 0.013889
0 0.914583 0.202315 0.002083 0.013889
0 0.503125 0.176852 0.002083 0.011111
0 0.471094 0.198611 0.001563 0.012037
1 0.456771 0.188426 0.002083 0.010185
0 0.452865 0.197222 0.001563 0.011111
0 0.453385 0.189352 0.002604 0.010185
1 0.406510 0.222685 0.002604 0.010185
2 0.406510 0.231481 0.002604 0.005556
1 0.402083 0.225463 0.003125 0.012037
9 0.401823 0.231481 0.003646 0.007407
1 0.387500 0.172685 0.002083 0.010185
2 0.387500 0.179630 0.002083 0.005556
1 0.384635 0.185185 0.002604 0.007407
2 0.384635 0.192130 0.002604 0.004630
0 0.383594 0.169444 0.001563 0.011111
1 0.378125 0.180093 0.002083 0.006481
0 0.375781 0.178241 0.001563 0.008333
2 0.378646 0.185648 0.004167 0.004630
0 0.396875 0.187037 0.002083 0.011111
1 0.397656 0.189815 0.001563 0.007407
2 0.397917 0.196759 0.002083 0.004630
0 0.370052 0.165741 0.001563 0.009259
1 0.359115 0.157870 0.001563 0.008333
2 0.359115 0.162037 0.002604 0.003704
1 0.355729 0.160185 0.002083 0.007407
9 0.355469 0.164352 0.002604 0.006481
0 0.390365 0.164815 0.001563 0.012963
1 0.385677 0.157407 0.001563 0.005556
2 0.385677 0.162037 0.001563 0.005556
1 0.386198 0.152778 0.001563 0.005556
2 0.385937 0.155556 0.002083 0.003704
1 0.356510 0.146296 0.001563 0.005556
1 0.354167 0.144444 0.001042 0.005556
9 0.353906 0.148148 0.001563 0.003704
9 0.356510 0.149537 0.002604 0.002778
0 0.412240 0.190278 0.001563 0.008333
0 0.403646 0.192593 0.002083 0.011111
0 0.406771 0.192593 0.001042 0.011111
3 0.402604 0.188426 0.013542 0.012037
3 0.397917 0.181481 0.008333 0.012963
0 0.324479 0.212500 0.002083 0.010185
1 0.307552 0.171759 0.002604 0.008333
2 0.307292 0.177315 0.003125 0.004630
1 0.302604 0.172222 0.002083 0.009259
2 0.303125 0.176852 0.003125 0.005556
1 0.222396 0.180556 0.003125 0.009259
1 0.225260 0.178704 0.002604 0.009259
2 0.225521 0.187037 0.003125 0.009259
2 0.222917 0.185648 0.002083 0.004630
0 0.189323 0.158333 0.001563 0.011111
0 0.219531 0.136111 0.002604 0.009259
0 0.222656 0.136111 0.001563 0.011111
0 0.235677 0.123611 0.001563 0.008333
1 0.226823 0.163889 0.003646 0.009259
2 0.227344 0.167593 0.002604 0.005556
0 0.168750 0.162037 0.002083 0.007407
0 0.166667 0.161574 0.002083 0.008333
0 0.151302 0.186111 0.002604 0.011111
0 0.114062 0.195833 0.003125 0.015741
0 0.103906 0.214352 0.003646 0.017593
0 0.107031 0.188889 0.002604 0.014815
0 0.057292 0.189352 0.003125 0.015741
0 0.065365 0.187963 0.003646 0.012963
0 0.152865 0.163889 0.002604 0.007407
0 0.158594 0.162963 0.002604 0.007407
