2 0.030990 0.960185 0.027604 0.062963
9 0.015885 0.920833 0.020313 0.075000
2 0.019271 0.840278 0.012500 0.050926
0 0.074219 0.820370 0.014063 0.055556
0 0.231250 0.801852 0.015625 0.059259
0 0.283073 0.837037 0.017188 0.059259
0 0.288281 0.763426 0.010937 0.049074
1 0.312500 0.963889 0.014583 0.053704
2 0.315625 0.982407 0.018750 0.033333
0 0.252083 0.983333 0.020833 0.033333
0 0.116406 0.834259 0.015104 0.055556
0 0.102604 0.822685 0.013542 0.052778
0 0.113281 0.806481 0.016146 0.059259
2 0.219271 0.704630 0.008333 0.042593
1 0.219271 0.692593 0.010417 0.044444
0 0.088281 0.624537 0.014063 0.041667
2 0.200260 0.615741 0.010937 0.038889
1 0.201563 0.601389 0.008333 0.043519
2 0.233594 0.599074 0.009896 0.037037
1 0.233073 0.587037 0.009896 0.038889
2 0.211719 0.518981 0.009896 0.034259
1 0.210677 0.508333 0.007812 0.040741
2 0.192969 0.518981 0.006771 0.028704
1 0.191927 0.507870 0.009896 0.032407
2 0.195833 0.481481 0.009375 0.025926
1 0.195312 0.472222 0.010417 0.031481
3 0.125781 0.501389 0.067187 0.041667
3 0.080208 0.437500 0.025000 0.041667
3 0.019271 0.524537 0.038542 0.045370
2 0.057812 0.517593 0.011458 0.029630
1 0.057292 0.508796 0.008333 0.032407
4 0.097396 0.407870 0.056250 0.060185
0 0.124740 0.413426 0.007812 0.030556
2 0.144010 0.381019 0.005729 0.021296
1 0.144010 0.373611 0.006771 0.025000
2 0.198698 0.406944 0.006771 0.025000
9 0.155990 0.393981 0.006771 0.019444
1 0.155729 0.387963 0.006250 0.020370
1 0.155469 0.383796 0.006771 0.019444
2 0.132552 0.356019 0.004687 0.021296
1 0.132552 0.350463 0.005729 0.025000
9 0.142448 0.328704 0.005729 0.016667
1 0.141927 0.322685 0.004687 0.017593
3 0.013802 0.373148 0.027604 0.048148
3 0.202865 0.295370 0.020313 0.024074
3 0.239323 0.303241 0.020313 0.030556
3 0.254948 0.293519 0.019271 0.024074
8 0.871615 0.887500 0.247396 0.225000
3 0.954948 0.917593 0.082812 0.107407
3 0.861719 0.802778 0.091146 0.101852
4 0.716146 0.789352 0.077083 0.100926
3 0.737240 0.735648 0.072396 0.078704
3 0.790365 0.718056 0.075521 0.076852
8 0.850781 0.689352 0.198437 0.234259
2 0.759635 0.577778 0.023438 0.018519
0 0.760938 0.567593 0.011458 0.035185
3 0.822135 0.550926 0.054688 0.053704
0 0.873437 0.611574 0.010417 0.043519
3 0.721094 0.653704 0.058854 0.062963
4 0.674740 0.653241 0.070312 0.076852
4 0.668750 0.588889 0.059375 0.061111
3 0.657552 0.704167 0.068229 0.080556
3 0.597135 0.625000 0.056771 0.062963
3 0.548177 0.566667 0.050521 0.055556
3 0.608594 0.578704 0.057812 0.066667
3 0.649219 0.529167 0.048438 0.050926
3 0.608333 0.529167 0.052083 0.054630
3 0.558854 0.522685 0.044792 0.047222
3 0.509635 0.519907 0.039062 0.047222
3 0.570573 0.488426 0.038021 0.041667
3 0.518490 0.479630 0.041146 0.040741
3 0.480729 0.485185 0.033333 0.040741
3 0.523177 0.446296 0.034896 0.035185
8 0.570052 0.436111 0.081771 0.101852
3 0.494531 0.418519 0.027604 0.037037
2 0.667708 0.462037 0.015625 0.025926
1 0.669531 0.453704 0.007812 0.024074
3 0.677865 0.451852 0.043229 0.046296
3 0.646354 0.424074 0.038542 0.035185
9 0.630469 0.442130 0.015104 0.021296
1 0.630469 0.433333 0.007812 0.024074
2 0.600000 0.408333 0.012500 0.018519
1 0.601042 0.401852 0.006250 0.022222
8 0.465104 0.407407 0.072917 0.098148
3 0.447396 0.444907 0.034375 0.036111
8 0.489063 0.372222 0.072917 0.085185
3 0.532031 0.331481 0.034896 0.024074
3 0.415625 0.415741 0.031250 0.033333
3 0.418229 0.382407 0.031250 0.029630
3 0.387760 0.383333 0.025521 0.031481
3 0.415885 0.353704 0.021354 0.025926
3 0.425000 0.337500 0.027083 0.026852
3 0.351562 0.346759 0.025000 0.025000
3 0.375521 0.344907 0.025000 0.025000
3 0.372396 0.317130 0.023958 0.025000
3 0.320573 0.317130 0.021354 0.026852
3 0.336458 0.308796 0.021875 0.023148
3 0.347656 0.298611 0.022396 0.023148
8 0.374740 0.284722 0.039062 0.052778
3 0.301563 0.299074 0.019792 0.020370
3 0.305990 0.282870 0.018229 0.019444
3 0.323177 0.279167 0.018229 0.021296
3 0.343750 0.276852 0.018750 0.020370
3 0.330990 0.262500 0.013021 0.015741
3 0.282031 0.279167 0.019271 0.021296
3 0.282292 0.261111 0.017708 0.020370
3 0.296094 0.258333 0.017188 0.018519
4 0.361458 0.254630 0.017708 0.018519
3 0.184115 0.395370 0.024479 0.038889
0 0.187500 0.367593 0.006250 0.025926
3 0.196094 0.251852 0.017188 0.024074
3 0.215625 0.247685 0.016667 0.021296
4 0.253906 0.252315 0.015104 0.017593
3 0.275521 0.239352 0.016667 0.017593
3 0.253646 0.239352 0.016667 0.017593
3 0.231771 0.235185 0.014583 0.016667
3 0.169792 0.240741 0.016667 0.020370
3 0.180729 0.228241 0.013542 0.017593
1 0.564323 0.387963 0.006771 0.020370
0 0.541927 0.386574 0.006771 0.017593
1 0.527865 0.378241 0.005729 0.023148
0 0.515885 0.318056 0.004687 0.023148
0 0.510677 0.317593 0.003646 0.022222
3 0.503125 0.309259 0.030208 0.024074
4 0.486458 0.303704 0.031250 0.025926
3 0.468229 0.296296 0.023958 0.024074
3 0.439844 0.274537 0.022396 0.015741
3 0.251042 0.219907 0.014583 0.015741
3 0.230208 0.222222 0.014583 0.014815
3 0.208594 0.212963 0.013021 0.014815
3 0.231510 0.212500 0.014063 0.015741
3 0.184375 0.214815 0.012500 0.014815
3 0.197135 0.194444 0.011979 0.012963
3 0.189844 0.181019 0.010937 0.012037
4 0.173698 0.168981 0.010937 0.013889
3 0.154948 0.221759 0.014063 0.019444
3 0.155208 0.203241 0.012500 0.015741
3 0.140625 0.205093 0.012500 0.019444
3 0.129167 0.194444 0.009375 0.014815
4 0.120833 0.183333 0.012500 0.016667
3 0.164583 0.160648 0.010417 0.012037
3 0.110677 0.173148 0.009896 0.012963
3 0.116667 0.164815 0.010417 0.012963
