3 0.417187 0.014815 0.021875 0.029630
3 0.446875 0.019444 0.016667 0.024074
3 0.362500 0.232407 0.029167 0.050000
3 0.355729 0.266667 0.030208 0.062963
3 0.563021 0.319444 0.028125 0.053704
3 0.527604 0.199074 0.026042 0.046296
3 0.632812 0.120370 0.044792 0.033333
3 0.645312 0.091667 0.038542 0.031481
3 0.691667 0.115741 0.039583 0.031481
3 0.478125 0.229630 0.029167 0.051852
4 0.348958 0.327778 0.035417 0.081481
3 0.339062 0.381481 0.032292 0.074074
3 0.475521 0.399074 0.042708 0.072222
5 0.689583 0.069444 0.056250 0.050000
3 0.463542 0.140741 0.018750 0.040741
3 0.504167 0.058333 0.016667 0.031481
3 0.528646 0.044444 0.034375 0.029630
3 0.595313 0.095370 0.042708 0.031481
3 0.446875 0.081481 0.018750 0.033333
9 0.447396 0.035185 0.005208 0.018519
1 0.447917 0.028704 0.006250 0.020370
9 0.435417 0.056481 0.004167 0.016667
1 0.435417 0.048148 0.006250 0.014815
9 0.471875 0.051852 0.004167 0.014815
1 0.472396 0.043519 0.007292 0.012963
0 0.358333 0.484259 0.012500 0.057407
1 0.400521 0.457407 0.009375 0.040741
2 0.400521 0.475000 0.007292 0.046296
0 0.476562 0.101852 0.007292 0.029630
0 0.480208 0.075926 0.006250 0.029630
0 0.430729 0.149074 0.007292 0.031481
0 0.413542 0.148148 0.006250 0.029630
0 0.316146 0.320370 0.009375 0.044444
0 0.319792 0.305556 0.012500 0.044444
6 0.420833 0.397222 0.020833 0.053704
9 0.381771 0.153704 0.019792 0.025926
1 0.483333 0.269444 0.006250 0.024074
1 0.482812 0.260185 0.009375 0.027778
9 0.483854 0.269444 0.009375 0.031481
1 0.511979 0.251852 0.009375 0.033333
9 0.512500 0.260185 0.008333 0.031481
0 0.501563 0.219444 0.007292 0.042593
0 0.496875 0.213889 0.008333 0.042593
0 0.503646 0.178704 0.007292 0.038889
0 0.507812 0.174074 0.005208 0.033333
9 0.475000 0.175926 0.008333 0.025926
1 0.474479 0.176852 0.007292 0.020370
1 0.474479 0.170370 0.009375 0.022222
9 0.485937 0.145370 0.007292 0.024074
1 0.485937 0.135185 0.007292 0.018519
9 0.493750 0.138889 0.006250 0.022222
1 0.493750 0.135185 0.006250 0.022222
1 0.493229 0.132407 0.007292 0.027778
6 0.508854 0.351852 0.013542 0.040741
1 0.507812 0.350000 0.009375 0.025926
1 0.509375 0.340741 0.012500 0.037037
0 0.526563 0.220370 0.007292 0.037037
0 0.335417 0.548148 0.012500 0.062963
0 0.328646 0.546296 0.013542 0.066667
0 0.354687 0.596296 0.013542 0.066667
0 0.369271 0.595370 0.011458 0.064815
1 0.403125 0.586111 0.012500 0.035185
1 0.444271 0.564815 0.015625 0.040741
9 0.444792 0.575000 0.014583 0.053704
0 0.545833 0.447222 0.012500 0.057407
0 0.561458 0.454630 0.010417 0.053704
3 0.270313 0.738889 0.076042 0.162963
5 0.442708 0.788889 0.072917 0.274074
3 0.321354 0.885185 0.059375 0.203704
0 0.358854 0.877778 0.021875 0.074074
1 0.384375 0.879630 0.020833 0.070370
0 0.389062 0.844444 0.019792 0.059259
9 0.672396 0.577778 0.038542 0.055556
0 0.655729 0.558333 0.015625 0.038889
0 0.663542 0.552778 0.016667 0.042593
9 0.529167 0.953704 0.025000 0.085185
1 0.528646 0.934259 0.023958 0.061111
9 0.541667 0.837963 0.020833 0.079630
1 0.542708 0.846296 0.018750 0.051852
1 0.540625 0.820370 0.022917 0.059259
9 0.564063 0.739815 0.023958 0.079630
1 0.567187 0.738889 0.017708 0.048148
1 0.564063 0.729630 0.021875 0.066667
0 0.635938 0.807407 0.021875 0.088889
9 0.626563 0.721296 0.023958 0.061111
1 0.625000 0.708333 0.016667 0.053704
9 0.967708 0.625000 0.039583 0.042593
0 0.995312 0.636111 0.009375 0.057407
1 0.757812 0.637037 0.021875 0.059259
1 0.810937 0.517593 0.013542 0.027778
1 0.774479 0.515741 0.013542 0.031481
1 0.765104 0.529630 0.015625 0.040741
9 0.838021 0.437963 0.036458 0.046296
1 0.786458 0.428704 0.012500 0.031481
1 0.813021 0.375926 0.015625 0.029630
1 0.817187 0.355556 0.011458 0.033333
1 0.825000 0.344444 0.008333 0.022222
1 0.802083 0.355556 0.012500 0.029630
0 0.793750 0.350926 0.006250 0.031481
1 0.790104 0.303704 0.011458 0.022222
1 0.775000 0.305556 0.012500 0.033333
1 0.752083 0.304630 0.010417 0.027778
1 0.727083 0.290741 0.010417 0.029630
1 0.744271 0.293519 0.011458 0.031481
1 0.741667 0.245370 0.012500 0.027778
1 0.724479 0.237963 0.009375 0.027778
0 0.718229 0.237963 0.007292 0.027778
1 0.747396 0.134259 0.009375 0.016667
1 0.734896 0.133333 0.007292 0.022222
1 0.707812 0.138889 0.007292 0.018519
1 0.697396 0.138889 0.007292 0.018519
1 0.684375 0.137963 0.008333 0.020370
1 0.671875 0.136111 0.008333 0.020370
1 0.664583 0.131481 0.008333 0.018519
1 0.686979 0.124074 0.007292 0.014815
1 0.743229 0.076852 0.007292 0.020370
0 0.732812 0.078704 0.005208 0.024074
