0 0.734115 0.818519 0.010937 0.061111
3 0.976302 0.431944 0.043229 0.030556
5 0.932292 0.337963 0.037500 0.022222
1 0.650781 0.389815 0.005729 0.024074
4 0.639323 0.387963 0.034896 0.027778
0 0.600000 0.373611 0.003125 0.021296
0 0.608854 0.377778 0.004167 0.025926
2 0.544271 0.367593 0.006250 0.016667
4 0.596354 0.382870 0.030208 0.034259
1 0.550260 0.447222 0.006771 0.022222
9 0.550000 0.452778 0.006250 0.024074
1 0.548177 0.385185 0.005729 0.016667
2 0.548438 0.389815 0.008333 0.012963
3 0.563542 0.394444 0.036458 0.022222
3 0.475260 0.950926 0.057812 0.098148
5 0.388542 0.783333 0.061458 0.137037
3 0.321094 0.778704 0.051562 0.105556
3 0.477604 0.669907 0.033333 0.060185
1 0.222656 0.661574 0.015104 0.036111
0 0.277865 0.553241 0.007812 0.037963
3 0.342708 0.608796 0.035417 0.071296
3 0.514844 0.581944 0.027604 0.047222
3 0.506250 0.511111 0.023958 0.037037
3 0.510677 0.431019 0.018229 0.028704
0 0.583854 0.480556 0.006250 0.031481
0 0.578646 0.470370 0.004167 0.031481
0 0.577083 0.467593 0.005208 0.031481
0 0.575260 0.462037 0.005729 0.031481
3 0.495052 0.392593 0.015104 0.022222
3 0.398177 0.425926 0.018229 0.031481
3 0.383333 0.352315 0.028125 0.017593
3 0.489844 0.355093 0.011979 0.019444
3 0.092969 0.338889 0.024479 0.018519
3 0.062760 0.371759 0.035937 0.021296
3 0.012760 0.336111 0.024479 0.016667
3 0.018490 0.333333 0.021354 0.016667
4 0.023698 0.329167 0.026562 0.019444
4 0.044531 0.298611 0.010937 0.015741
4 0.031510 0.312500 0.020313 0.021296
0 0.032292 0.317130 0.005208 0.019444
3 0.034115 0.328241 0.028646 0.017593
3 0.039062 0.326389 0.025000 0.015741
3 0.042969 0.323611 0.023438 0.015741
4 0.050000 0.319444 0.025000 0.018519
3 0.051823 0.302315 0.013021 0.013889
3 0.064323 0.300000 0.009896 0.014815
4 0.067187 0.310185 0.020833 0.018519
3 0.080469 0.301389 0.014063 0.013889
5 0.098177 0.297222 0.019271 0.020370
4 0.119271 0.294444 0.022917 0.018519
5 0.130990 0.290278 0.030729 0.023148
4 0.131510 0.314352 0.027604 0.021296
3 0.446875 0.369907 0.014583 0.021296
5 0.415885 0.389815 0.017188 0.029630
5 0.415365 0.356944 0.022396 0.045370
3 0.421354 0.340741 0.011458 0.018519
3 0.437500 0.349074 0.012500 0.020370
3 0.466667 0.347685 0.011458 0.017593
3 0.447656 0.331019 0.010937 0.017593
3 0.464844 0.312963 0.009896 0.014815
3 0.403385 0.318519 0.010937 0.014815
1 0.413021 0.319444 0.004167 0.014815
9 0.413021 0.321296 0.004167 0.011111
3 0.430469 0.318056 0.009896 0.015741
3 0.480729 0.306481 0.009375 0.014815
8 0.488021 0.318519 0.016667 0.037037
3 0.467187 0.293056 0.008333 0.012037
3 0.467187 0.266204 0.007292 0.010185
3 0.477083 0.273611 0.006250 0.010185
5 0.478646 0.283796 0.009375 0.021296
3 0.430469 0.300000 0.009896 0.016667
3 0.431250 0.289815 0.008333 0.012963
4 0.433333 0.276389 0.006250 0.013889
4 0.451042 0.299537 0.008333 0.017593
3 0.450521 0.288889 0.008333 0.011111
3 0.434115 0.254167 0.005729 0.010185
4 0.438281 0.267130 0.006771 0.015741
3 0.442448 0.263889 0.006771 0.011111
4 0.453125 0.271296 0.007292 0.014815
3 0.453385 0.264352 0.005729 0.010185
3 0.442969 0.254167 0.005729 0.010185
3 0.445833 0.249537 0.005208 0.010185
5 0.453646 0.254167 0.007292 0.017593
3 0.454687 0.253704 0.005208 0.009259
5 0.443490 0.231481 0.005729 0.009259
3 0.447135 0.234259 0.004687 0.007407
3 0.449219 0.230093 0.004687 0.006481
5 0.445833 0.240741 0.006250 0.012963
5 0.455208 0.241667 0.005208 0.009259
4 0.453125 0.239352 0.004167 0.010185
3 0.455990 0.235648 0.004687 0.006481
4 0.456250 0.229630 0.004167 0.009259
3 0.473177 0.240278 0.004687 0.006481
3 0.472917 0.231944 0.004167 0.006481
3 0.464583 0.234259 0.004167 0.007407
5 0.463542 0.231019 0.005208 0.008333
3 0.324740 0.334259 0.028646 0.018519
