5 0.730882 0.030719 0.058824 0.061438
5 0.617647 0.017647 0.077941 0.035294
0 0.618382 0.024183 0.008824 0.048366
5 0.528309 0.081046 0.037500 0.117647
0 0.573529 0.086928 0.008824 0.053595
5 0.629044 0.098039 0.115441 0.107190
5 0.667647 0.138562 0.110294 0.094118
5 0.666176 0.209150 0.126471 0.109804
0 0.487132 0.118301 0.015441 0.050980
0 0.466544 0.094771 0.009559 0.050980
0 0.452206 0.083660 0.008824 0.041830
0 0.445956 0.095425 0.006618 0.041830
0 0.451471 0.101307 0.008824 0.043137
0 0.456985 0.110458 0.011029 0.050980
1 0.450735 0.121569 0.011765 0.047059
9 0.451103 0.126797 0.022794 0.047059
0 0.442279 0.126797 0.022794 0.054902
0 0.418382 0.035948 0.013235 0.048366
0 0.417647 0.118954 0.010294 0.052288
0 0.408824 0.114379 0.010294 0.050980
5 0.390074 0.085621 0.078676 0.074510
5 0.402574 0.048366 0.100735 0.078431
5 0.413235 0.029412 0.097059 0.058824
5 0.159926 0.083007 0.103676 0.095425
0 0.459926 0.171895 0.009559 0.053595
0 0.462500 0.283660 0.011765 0.057516
3 0.537132 0.275163 0.041912 0.100654
0 0.564706 0.326797 0.014706 0.057516
0 0.595221 0.318954 0.015441 0.057516
6 0.611397 0.342484 0.055147 0.067974
3 0.604044 0.505882 0.050735 0.135948
9 0.625735 0.596732 0.022059 0.082353
3 0.628676 0.895425 0.070588 0.209150
3 0.343382 0.718301 0.073529 0.218301
6 0.375735 0.565359 0.089706 0.082353
9 0.395956 0.479739 0.031618 0.065359
1 0.302941 0.309804 0.022059 0.044444
0 0.311765 0.283007 0.011765 0.066667
0 0.319853 0.317647 0.019118 0.067974
