3 0.546691 0.433333 0.041912 0.079739
3 0.137132 0.649020 0.083088 0.155556
3 0.079779 0.826797 0.094853 0.173856
3 0.086765 0.290850 0.079412 0.050980
3 0.087500 0.473856 0.105882 0.066667
3 0.226471 0.223529 0.032353 0.052288
4 0.081618 0.532680 0.098529 0.087582
3 0.308088 0.198693 0.032353 0.049673
3 0.319485 0.163399 0.027206 0.049673
3 0.337132 0.108497 0.018382 0.033987
3 0.345956 0.086275 0.018382 0.044444
3 0.355515 0.050980 0.025735 0.031373
5 0.366912 0.025490 0.014706 0.019608
0 0.165441 0.295425 0.013235 0.047059
0 0.137132 0.550980 0.016912 0.061438
1 0.279779 0.401961 0.012500 0.043137
1 0.326103 0.289542 0.006618 0.022222
0 0.694118 0.186275 0.005882 0.032680
0 0.718015 0.233987 0.008088 0.031373
0 0.715074 0.276471 0.005147 0.040523
0 0.919853 0.703268 0.016176 0.073203
0 0.938603 0.710458 0.011029 0.043137
0 0.953309 0.708497 0.018382 0.065359
0 0.976103 0.763399 0.016912 0.065359
0 0.987132 0.732680 0.012500 0.050980
2 0.277941 0.418301 0.008824 0.020915
2 0.327574 0.313072 0.008088 0.022222
0 0.191176 0.250980 0.008824 0.036601
0 0.215809 0.259477 0.006618 0.027451
0 0.222794 0.250327 0.008824 0.035294
3 0.016912 0.281699 0.033824 0.050980
