4 0.213542 0.928241 0.066667 0.141667
3 0.451302 0.858333 0.050521 0.111111
3 0.605469 0.931481 0.065104 0.122222
3 0.343490 0.710648 0.044271 0.102778
3 0.263281 0.743519 0.050521 0.103704
3 0.304427 0.632407 0.033854 0.066667
3 0.369010 0.563889 0.028646 0.057407
3 0.318229 0.548611 0.034375 0.067593
4 0.470052 0.532407 0.026562 0.055556
3 0.521094 0.548148 0.029687 0.050000
3 0.398177 0.455556 0.019271 0.033333
3 0.352604 0.481944 0.022917 0.039815
4 0.356771 0.440278 0.021875 0.039815
3 0.374740 0.404167 0.019271 0.032407
3 0.392969 0.377778 0.014063 0.027778
3 0.357031 0.361111 0.016146 0.022222
5 0.405729 0.333796 0.016667 0.043519
4 0.494010 0.361111 0.015104 0.025926
0 0.548698 0.456481 0.006771 0.031481
0 0.538542 0.429630 0.004167 0.024074
0 0.534115 0.427315 0.004687 0.026852
0 0.533073 0.348611 0.004687 0.021296
3 0.465104 0.338426 0.012500 0.015741
3 0.442969 0.292130 0.009896 0.017593
3 0.492708 0.331481 0.012500 0.016667
3 0.493229 0.303704 0.009375 0.014815
3 0.509115 0.273611 0.006771 0.012037
5 0.496354 0.271759 0.009375 0.021296
3 0.474479 0.250926 0.006250 0.011111
3 0.517708 0.237500 0.006250 0.010185
4 0.502604 0.234722 0.005208 0.012037
0 0.496094 0.230556 0.001563 0.011111
3 0.484896 0.221296 0.005208 0.007407
3 0.505729 0.221759 0.005208 0.008333
3 0.520573 0.223148 0.008854 0.007407
8 0.515885 0.209722 0.006771 0.015741
3 0.510156 0.209722 0.003646 0.006481
3 0.501823 0.207870 0.003646 0.008333
3 0.492969 0.200000 0.003646 0.005556
0 0.115625 0.734259 0.012500 0.038889
6 0.120573 0.739815 0.018229 0.064815
