9 0.831250 0.977778 0.040441 0.044444
3 0.608088 0.674510 0.055882 0.122876
9 0.694118 0.605229 0.032353 0.039216
2 0.674632 0.471895 0.027206 0.031373
9 0.659559 0.415033 0.019118 0.037908
3 0.581618 0.435948 0.036765 0.077124
3 0.545588 0.343137 0.027941 0.050980
3 0.547059 0.285621 0.026471 0.053595
0 0.526471 0.239869 0.007353 0.037908
0 0.580882 0.215033 0.007353 0.035294
3 0.569118 0.168627 0.023529 0.036601
3 0.533456 0.154248 0.018382 0.031373
3 0.551838 0.127451 0.018382 0.030065
0 0.552574 0.103268 0.003676 0.026144
0 0.544485 0.109150 0.003676 0.027451
9 0.569118 0.117647 0.014706 0.015686
9 0.550000 0.084314 0.017647 0.016993
3 0.512132 0.073856 0.013971 0.027451
3 0.512132 0.059477 0.013971 0.022222
3 0.508088 0.049020 0.014706 0.024837
0 0.519485 0.037908 0.003676 0.015686
7 0.518750 0.035948 0.019853 0.022222
3 0.505147 0.016993 0.010294 0.018301
9 0.518750 0.009804 0.009559 0.011765
3 0.475368 0.026797 0.011029 0.019608
3 0.450735 0.015033 0.011765 0.022222
0 0.154412 0.815686 0.019118 0.073203
3 0.113971 0.688889 0.117647 0.099346
3 0.052574 0.554902 0.091912 0.074510
4 0.418015 0.015686 0.021324 0.026144
3 0.419485 0.027451 0.024265 0.023529
5 0.398529 0.032680 0.041176 0.031373
3 0.412132 0.045752 0.030147 0.020915
3 0.425000 0.055556 0.026471 0.024837
3 0.410662 0.064706 0.027206 0.022222
3 0.409191 0.072549 0.034559 0.024837
3 0.376471 0.077124 0.020588 0.036601
3 0.403676 0.108497 0.039706 0.026144
0 0.424265 0.119608 0.004412 0.027451
4 0.393750 0.126144 0.041912 0.040523
9 0.350735 0.143137 0.016176 0.016993
4 0.387500 0.183007 0.036765 0.041830
3 0.372059 0.264052 0.058824 0.047059
3 0.302574 0.286928 0.056618 0.048366
3 0.319118 0.217647 0.051471 0.040523
3 0.310662 0.239216 0.053676 0.036601
3 0.320956 0.449673 0.037500 0.067974
3 0.279779 0.422876 0.038971 0.064052
9 0.271691 0.344444 0.013971 0.035294
3 0.235662 0.435948 0.040441 0.069281
0 0.276838 0.516340 0.013971 0.052288
2 0.502206 0.306536 0.007353 0.035294
1 0.502941 0.296732 0.007353 0.036601
9 0.431250 0.225490 0.006618 0.032680
1 0.430882 0.219608 0.007353 0.031373
9 0.436029 0.333987 0.008824 0.032680
1 0.436765 0.322876 0.008824 0.031373
3 0.156618 0.430719 0.066176 0.066667
9 0.336765 0.751634 0.020588 0.062745
1 0.336029 0.734641 0.014706 0.052288
