3 0.576103 0.910458 0.055147 0.087582
3 0.519118 0.764706 0.051471 0.052288
3 0.450368 0.580392 0.041912 0.033987
3 0.186765 0.652941 0.026471 0.037908
3 0.156250 0.395425 0.019853 0.030065
5 0.240809 0.460784 0.028676 0.082353
5 0.267647 0.288235 0.014706 0.048366
5 0.241544 0.262092 0.012500 0.040523
5 0.265074 0.245098 0.011029 0.030065
5 0.313603 0.740523 0.094853 0.218301
0 0.453309 0.775163 0.008088 0.041830
0 0.416912 0.674510 0.007353 0.036601
0 0.403676 0.687582 0.007353 0.036601
0 0.388235 0.687582 0.007353 0.036601
0 0.463235 0.687582 0.007353 0.036601
0 0.468382 0.683007 0.005882 0.035294
0 0.479412 0.680392 0.005882 0.035294
0 0.473162 0.677778 0.006618 0.035294
1 0.458824 0.641176 0.011765 0.024837
0 0.106250 0.281046 0.012500 0.015686
3 0.472059 0.425490 0.014706 0.022222
3 0.471324 0.411765 0.022059 0.018301
3 0.463971 0.492157 0.020588 0.027451
3 0.456250 0.513072 0.018382 0.032680
0 0.444853 0.513072 0.004412 0.035294
3 0.184926 0.324837 0.013971 0.022222
0 0.589338 0.802614 0.008088 0.044444
0 0.601471 0.794771 0.008824 0.041830
0 0.596691 0.788235 0.009559 0.039216
3 0.579044 0.787582 0.046324 0.071895
4 0.524632 0.711765 0.049265 0.048366
3 0.528309 0.687582 0.052206 0.039216
0 0.365074 0.642484 0.005147 0.027451
1 0.358088 0.643137 0.004412 0.020915
3 0.350000 0.639216 0.030882 0.039216
1 0.343015 0.566013 0.005147 0.020915
1 0.319485 0.562092 0.006618 0.026144
3 0.342647 0.594771 0.023529 0.036601
3 0.329044 0.561438 0.033088 0.037908
0 0.438971 0.520261 0.005882 0.028758
3 0.429779 0.516340 0.021324 0.031373
3 0.349632 0.375163 0.013971 0.026144
3 0.331985 0.450327 0.015441 0.022222
3 0.310294 0.455556 0.016176 0.024837
0 0.320588 0.478431 0.004412 0.023529
3 0.331618 0.479739 0.022059 0.028758
0 0.295221 0.375817 0.005147 0.016993
4 0.361029 0.307190 0.016176 0.028758
3 0.248162 0.319608 0.009559 0.016993
3 0.292647 0.342484 0.008824 0.015686
3 0.294118 0.331373 0.010294 0.014379
0 0.293750 0.318301 0.003676 0.016993
4 0.323162 0.259477 0.008088 0.014379
3 0.334559 0.252941 0.007353 0.011765
3 0.229779 0.263399 0.008088 0.011765
3 0.273162 0.198039 0.005147 0.009150
3 0.264706 0.202614 0.005882 0.007843
4 0.216544 0.253595 0.009559 0.018301
4 0.256250 0.198039 0.005147 0.009150
5 0.289338 0.209150 0.009559 0.026144
5 0.288971 0.201307 0.008824 0.026144
3 0.262868 0.181699 0.005147 0.007843
3 0.245956 0.179739 0.005147 0.009150
3 0.235294 0.179739 0.005882 0.009150
3 0.237132 0.167320 0.006618 0.007843
3 0.247426 0.173203 0.005147 0.009150
1 0.197059 0.242484 0.002941 0.006536
9 0.197059 0.245752 0.002941 0.007843
5 0.180147 0.192157 0.020588 0.020915
