3 0.548529 0.732026 0.051471 0.128105
5 0.436397 0.656209 0.087500 0.475817
5 0.535294 0.498693 0.055882 0.163399
5 0.505147 0.394118 0.036765 0.084967
3 0.453676 0.349020 0.033824 0.057516
3 0.462132 0.283007 0.025735 0.045752
3 0.491176 0.324183 0.033824 0.052288
3 0.507353 0.245752 0.025000 0.041830
3 0.494485 0.198693 0.022794 0.036601
3 0.478309 0.079085 0.015441 0.022222
0 0.497794 0.127451 0.005882 0.019608
5 0.511765 0.117647 0.026471 0.099346
3 0.465074 0.113072 0.015441 0.030065
8 0.467279 0.149673 0.033088 0.087582
3 0.468382 0.055556 0.013235 0.016993
3 0.471691 0.014379 0.009559 0.015686
3 0.470588 0.005882 0.011765 0.011765
0 0.456250 0.009150 0.003676 0.018301
3 0.456985 0.030719 0.012500 0.019608
3 0.456250 0.020261 0.011029 0.016993
3 0.450735 0.012418 0.010294 0.014379
