1 0.677206 0.983007 0.010294 0.026144
1 0.687500 0.982353 0.010294 0.030065
1 0.694853 0.976471 0.007353 0.031373
9 0.561397 0.864052 0.028676 0.031373
5 0.556985 0.975163 0.037500 0.049673
3 0.436397 0.980392 0.037500 0.039216
3 0.440074 0.892810 0.031618 0.070588
1 0.393015 0.985621 0.012500 0.028758
3 0.372794 0.833333 0.027941 0.058824
3 0.439706 0.813725 0.029412 0.061438
3 0.540809 0.805882 0.055147 0.061438
0 0.628309 0.752288 0.009559 0.043137
0 0.590441 0.631373 0.010294 0.023529
9 0.534191 0.724837 0.022794 0.030065
3 0.533088 0.700000 0.023529 0.048366
3 0.268015 0.954248 0.041912 0.091503
9 0.396324 0.759477 0.008824 0.033987
9 0.416912 0.741830 0.008824 0.035294
9 0.425735 0.719608 0.008824 0.030065
9 0.401103 0.715033 0.008088 0.031373
9 0.384191 0.700654 0.009559 0.028758
9 0.443750 0.642484 0.008088 0.027451
1 0.396324 0.748366 0.008824 0.024837
1 0.416176 0.730065 0.008824 0.024837
1 0.425000 0.707843 0.008824 0.024837
1 0.401471 0.703922 0.008824 0.019608
1 0.384191 0.690850 0.008088 0.027451
3 0.251838 0.736601 0.028676 0.050980
3 0.340074 0.634641 0.022794 0.040523
3 0.392647 0.635294 0.020588 0.036601
3 0.358824 0.584967 0.020588 0.035294
4 0.277206 0.651634 0.029412 0.056209
3 0.288971 0.630065 0.023529 0.036601
3 0.301103 0.600654 0.021324 0.037908
3 0.307721 0.579085 0.019853 0.031373
3 0.316544 0.559477 0.019853 0.031373
3 0.321324 0.541176 0.020588 0.033987
3 0.264706 0.536601 0.020588 0.030065
3 0.227941 0.559477 0.033824 0.031373
3 0.247794 0.515686 0.035294 0.024837
4 0.024265 0.951634 0.048529 0.094118
3 0.066544 0.888235 0.053676 0.095425
3 0.104044 0.807190 0.052206 0.079739
0 0.165809 0.667974 0.008088 0.033987
0 0.579779 0.693464 0.006618 0.024837
3 0.558824 0.614379 0.029412 0.033987
2 0.593750 0.603268 0.015441 0.016993
3 0.584926 0.584314 0.024265 0.033987
3 0.551103 0.574510 0.031618 0.035294
3 0.558456 0.537255 0.019853 0.031373
3 0.554412 0.521569 0.030882 0.026144
3 0.520221 0.652288 0.022794 0.036601
3 0.513603 0.620261 0.019853 0.045752
3 0.510294 0.588235 0.020588 0.033987
3 0.516176 0.550327 0.027941 0.026144
3 0.500000 0.530719 0.017647 0.028758
4 0.544485 0.488889 0.013971 0.026144
3 0.489706 0.493464 0.014706 0.024837
4 0.490074 0.472549 0.016912 0.030065
3 0.602941 0.430719 0.013235 0.016993
3 0.594118 0.415686 0.017647 0.015686
3 0.605515 0.415686 0.015441 0.015686
3 0.560294 0.417647 0.013235 0.016993
3 0.547426 0.416993 0.013971 0.015686
3 0.533456 0.432026 0.019853 0.022222
3 0.529412 0.423529 0.020588 0.018301
3 0.485662 0.449673 0.012500 0.015686
3 0.477574 0.428105 0.009559 0.016993
9 0.437868 0.481699 0.005147 0.014379
9 0.434559 0.456863 0.004412 0.014379
1 0.437868 0.475817 0.005147 0.013072
1 0.434559 0.450980 0.004412 0.013072
3 0.294853 0.477778 0.016176 0.022222
0 0.308456 0.480392 0.006618 0.022222
3 0.309559 0.452288 0.016176 0.023529
3 0.316912 0.437908 0.013235 0.023529
3 0.336765 0.505229 0.019118 0.027451
3 0.343750 0.490850 0.015441 0.024837
3 0.349265 0.481046 0.016176 0.023529
3 0.350735 0.469281 0.013235 0.026144
3 0.355147 0.456863 0.014706 0.024837
3 0.361029 0.445752 0.013235 0.020915
3 0.363235 0.430065 0.013235 0.020915
3 0.365074 0.490196 0.015441 0.023529
3 0.387868 0.478431 0.012500 0.023529
3 0.390809 0.452288 0.012500 0.020915
3 0.413603 0.456209 0.012500 0.018301
3 0.395221 0.429412 0.011029 0.016993
3 0.418015 0.421569 0.009559 0.016993
3 0.372059 0.415686 0.010294 0.015686
3 0.377206 0.398039 0.010294 0.014379
3 0.425000 0.383660 0.008824 0.014379
9 0.438235 0.378431 0.007353 0.011765
1 0.438603 0.374510 0.003676 0.009150
9 0.404779 0.395425 0.003676 0.009150
1 0.404412 0.391503 0.004412 0.009150
4 0.377941 0.389542 0.010294 0.015686
3 0.410662 0.364706 0.008088 0.013072
3 0.401103 0.356863 0.006618 0.013072
3 0.413603 0.351634 0.006618 0.013072
3 0.426103 0.358170 0.008088 0.015686
3 0.429779 0.330719 0.006618 0.013072
3 0.412500 0.330719 0.007353 0.013072
3 0.419485 0.326797 0.005147 0.010458
3 0.419853 0.319608 0.005882 0.009150
