3 0.325368 0.059477 0.086029 0.066667
3 0.198529 0.069935 0.055882 0.071895
3 0.608456 0.278431 0.108088 0.083660
3 0.484559 0.018954 0.047059 0.037908
3 0.547059 0.025490 0.079412 0.050980
3 0.569485 0.047712 0.078676 0.069281
7 0.587500 0.094118 0.047059 0.060131
0 0.586765 0.077124 0.007353 0.060131
1 0.609926 0.095425 0.011029 0.039216
1 0.578676 0.093464 0.011765 0.040523
0 0.527574 0.190196 0.012500 0.071895
1 0.510294 0.453595 0.022059 0.073203
1 0.505147 0.332026 0.019118 0.062745
0 0.492647 0.190196 0.010294 0.074510
1 0.505147 0.210458 0.017647 0.057516
0 0.504412 0.250980 0.008824 0.052288
1 0.506985 0.289542 0.013971 0.064052
