3 0.527865 0.183333 0.003646 0.005556
4 0.518229 0.207870 0.004167 0.010185
1 0.517708 0.221759 0.002083 0.004630
9 0.517969 0.223611 0.003646 0.004630
3 0.524219 0.224537 0.007812 0.008333
0 0.544531 0.200000 0.001563 0.007407
0 0.542188 0.200000 0.002083 0.007407
1 0.535156 0.223148 0.002604 0.005556
9 0.534896 0.224537 0.004167 0.004630
1 0.535677 0.227778 0.001563 0.005556
9 0.535417 0.230556 0.002083 0.005556
7 0.538021 0.237037 0.004167 0.007407
3 0.538802 0.243056 0.004687 0.006481
3 0.531771 0.235648 0.004167 0.008333
3 0.529948 0.238889 0.005729 0.007407
0 0.512240 0.237500 0.001563 0.008333
0 0.515365 0.239815 0.001563 0.007407
1 0.520312 0.241204 0.002083 0.004630
9 0.520052 0.245370 0.002604 0.005556
1 0.525000 0.242130 0.002083 0.006481
3 0.526563 0.246759 0.006250 0.010185
7 0.534115 0.251852 0.002604 0.009259
1 0.537760 0.250926 0.002604 0.005556
9 0.537760 0.253704 0.002604 0.009259
0 0.527083 0.252778 0.002083 0.007407
0 0.528906 0.259722 0.002604 0.010185
0 0.519271 0.253704 0.002083 0.009259
0 0.515365 0.245833 0.001563 0.008333
1 0.511198 0.243981 0.001563 0.004630
9 0.511719 0.248611 0.002604 0.006481
3 0.504948 0.249537 0.005729 0.010185
3 0.502865 0.257870 0.003646 0.006481
1 0.511198 0.256019 0.002604 0.006481
9 0.511458 0.259259 0.002083 0.005556
1 0.504948 0.263889 0.002604 0.005556
9 0.504948 0.267593 0.002604 0.005556
1 0.511719 0.262500 0.002604 0.004630
9 0.511979 0.267593 0.003125 0.007407
1 0.519010 0.269444 0.002604 0.009259
9 0.519010 0.274537 0.002604 0.010185
1 0.523698 0.272222 0.002604 0.005556
9 0.523958 0.276389 0.003125 0.006481
3 0.541927 0.262963 0.006771 0.009259
3 0.541406 0.270370 0.007812 0.009259
3 0.542969 0.277315 0.007812 0.010185
0 0.534635 0.280093 0.001563 0.012037
3 0.528646 0.283333 0.006250 0.011111
1 0.521875 0.284259 0.002083 0.005556
9 0.521615 0.285648 0.002604 0.012037
3 0.513542 0.283796 0.007292 0.012037
0 0.504948 0.279167 0.002604 0.010185
3 0.496615 0.280093 0.005729 0.012037
0 0.501563 0.277315 0.003125 0.012037
1 0.494531 0.282870 0.002604 0.006481
9 0.494271 0.287963 0.004167 0.009259
7 0.489583 0.295370 0.006250 0.014815
1 0.495833 0.295370 0.003125 0.007407
2 0.495833 0.299537 0.005208 0.010185
1 0.524479 0.294907 0.003125 0.006481
9 0.524479 0.298148 0.003125 0.009259
1 0.522396 0.300000 0.002083 0.005556
9 0.522917 0.304167 0.003125 0.010185
0 0.520573 0.307870 0.002604 0.010185
1 0.516406 0.298611 0.002604 0.006481
9 0.516146 0.304167 0.002083 0.006481
1 0.503646 0.298148 0.003125 0.011111
9 0.503646 0.305556 0.003125 0.011111
3 0.490885 0.306481 0.006771 0.011111
4 0.489583 0.319444 0.008333 0.016667
1 0.521875 0.321759 0.003125 0.008333
9 0.521875 0.327315 0.003125 0.008333
1 0.519531 0.334722 0.003646 0.008333
9 0.519531 0.340278 0.003646 0.008333
1 0.499219 0.331944 0.002604 0.008333
9 0.499740 0.337963 0.003646 0.009259
1 0.493229 0.334722 0.003125 0.010185
9 0.492708 0.340741 0.003125 0.007407
1 0.491927 0.346759 0.002604 0.008333
9 0.492188 0.353241 0.003125 0.010185
0 0.484115 0.348148 0.003646 0.016667
1 0.520052 0.349074 0.002604 0.009259
2 0.520052 0.354167 0.002604 0.010185
1 0.522396 0.358796 0.003125 0.013889
5 0.510417 0.366667 0.027083 0.022222
1 0.486979 0.354630 0.004167 0.007407
9 0.487240 0.359722 0.003646 0.010185
0 0.510417 0.407407 0.005208 0.018519
3 0.535677 0.425463 0.009896 0.019444
3 0.471094 0.366667 0.008854 0.018519
0 0.471875 0.385648 0.002083 0.015741
3 0.465885 0.381019 0.007812 0.021296
1 0.512240 0.431944 0.003646 0.010185
9 0.512500 0.434259 0.004167 0.022222
3 0.460417 0.403241 0.013542 0.023148
7 0.458594 0.416204 0.008854 0.023148
1 0.511198 0.453704 0.003646 0.012963
1 0.481250 0.446296 0.005208 0.012963
9 0.480990 0.454167 0.004687 0.015741
1 0.476302 0.462500 0.003646 0.012037
9 0.475781 0.471759 0.005729 0.015741
1 0.487760 0.504167 0.004687 0.013889
9 0.487500 0.515278 0.005208 0.015741
3 0.454427 0.433333 0.009896 0.022222
3 0.447917 0.446296 0.014583 0.020370
0 0.459115 0.448148 0.003646 0.014815
0 0.455729 0.451389 0.005208 0.015741
0 0.448698 0.453704 0.005729 0.020370
0 0.461458 0.470370 0.004167 0.024074
0 0.453906 0.469907 0.005729 0.021296
0 0.448958 0.471759 0.006250 0.023148
1 0.443229 0.501852 0.006250 0.022222
9 0.443229 0.506019 0.004167 0.017593
3 0.426302 0.519907 0.017188 0.032407
1 0.452865 0.550926 0.006771 0.020370
9 0.452344 0.559722 0.006771 0.015741
3 0.495052 0.574537 0.018229 0.034259
3 0.418229 0.548148 0.017708 0.027778
4 0.405990 0.570833 0.015104 0.034259
3 0.403906 0.611111 0.023438 0.042593
4 0.386979 0.651389 0.026042 0.058333
9 0.376563 0.680556 0.012500 0.025926
0 0.432812 0.559722 0.005208 0.025000
1 0.425521 0.616204 0.008333 0.019444
9 0.424479 0.625926 0.006250 0.020370
1 0.492969 0.637037 0.006771 0.022222
9 0.492708 0.647685 0.007292 0.023148
3 0.518490 0.684722 0.022396 0.049074
3 0.520312 0.760185 0.033333 0.061111
3 0.533854 0.827778 0.025000 0.059259
0 0.514062 0.829167 0.008333 0.045370
0 0.498177 0.668981 0.005729 0.034259
2 0.502083 0.678241 0.004167 0.030556
1 0.478125 0.658796 0.007292 0.021296
9 0.477604 0.668519 0.007292 0.027778
1 0.474479 0.718056 0.009375 0.025000
1 0.473958 0.715278 0.009375 0.030556
9 0.473958 0.718056 0.010417 0.037963
1 0.476562 0.817593 0.009375 0.027778
2 0.476302 0.830556 0.007812 0.035185
1 0.454687 0.759722 0.007292 0.028704
9 0.454687 0.768981 0.005208 0.036111
1 0.457292 0.802778 0.007292 0.018519
1 0.459375 0.793519 0.009375 0.024074
9 0.458333 0.806019 0.007292 0.030556
1 0.404948 0.756944 0.007812 0.023148
9 0.404427 0.772222 0.008854 0.029630
1 0.581510 0.920370 0.011979 0.031481
3 0.534896 0.985648 0.029167 0.028704
3 0.413802 0.934259 0.034896 0.083333
3 0.333594 0.925000 0.039062 0.094444
3 0.348177 0.783333 0.027604 0.062963
3 0.291406 0.978704 0.033854 0.042593
9 0.301042 0.935185 0.023958 0.044444
1 0.459115 0.857870 0.007812 0.026852
1 0.462240 0.853241 0.006771 0.015741
9 0.459375 0.870833 0.007292 0.036111
1 0.391146 0.812963 0.009375 0.024074
9 0.390625 0.830556 0.009375 0.031481
1 0.380469 0.881019 0.005729 0.015741
1 0.381250 0.876389 0.009375 0.032407
1 0.382292 0.870370 0.009375 0.027778
9 0.380469 0.893981 0.011979 0.039815
1 0.027865 0.993056 0.009896 0.013889
0 0.072917 0.969444 0.015625 0.033333
0 0.080990 0.948148 0.014063 0.025926
1 0.105990 0.929167 0.009896 0.026852
0 0.113281 0.930093 0.005729 0.017593
1 0.128646 0.906019 0.010417 0.034259
1 0.147135 0.904167 0.011979 0.026852
1 0.113802 0.900926 0.010937 0.035185
1 0.097917 0.901852 0.014583 0.031481
9 0.109375 0.869444 0.027083 0.035185
9 0.178385 0.844444 0.021354 0.029630
0 0.156771 0.812037 0.006250 0.025926
1 0.144010 0.806481 0.010937 0.031481
2 0.144792 0.782870 0.021875 0.023148
9 0.328125 0.848611 0.012500 0.036111
0 0.267969 0.881481 0.004687 0.025926
1 0.258333 0.899074 0.008333 0.020370
9 0.291927 0.855093 0.021354 0.023148
9 0.292187 0.833796 0.018750 0.019444
9 0.291927 0.819907 0.021354 0.025000
9 0.300000 0.815278 0.021875 0.021296
9 0.301563 0.806019 0.021875 0.019444
9 0.214844 0.547685 0.011979 0.015741
0 0.247135 0.525000 0.005729 0.027778
0 0.255469 0.548148 0.005729 0.027778
9 0.279948 0.543981 0.013021 0.015741
9 0.279167 0.532407 0.015625 0.018519
4 0.273698 0.482870 0.024479 0.036111
3 0.297396 0.468519 0.013542 0.020370
9 0.316927 0.452778 0.011979 0.016667
1 0.308333 0.442593 0.005208 0.012963
1 0.341667 0.460648 0.004167 0.012037
1 0.344271 0.454630 0.004167 0.007407
1 0.342448 0.451389 0.003646 0.012037
1 0.338021 0.452778 0.004167 0.012963
1 0.337760 0.447685 0.004687 0.012037
1 0.342708 0.439815 0.003125 0.016667
9 0.339062 0.428241 0.006250 0.013889
1 0.350000 0.434259 0.004167 0.012963
1 0.357552 0.432407 0.004687 0.012963
0 0.361458 0.435185 0.003125 0.012963
1 0.364844 0.422222 0.005729 0.012963
1 0.370833 0.421759 0.005208 0.012037
1 0.368490 0.404167 0.003646 0.012037
1 0.375000 0.412037 0.003125 0.009259
1 0.375260 0.395833 0.004687 0.010185
0 0.357292 0.405556 0.003125 0.020370
