4 0.295588 0.955556 0.083824 0.088889
3 0.753676 0.894771 0.067647 0.152941
3 0.658824 0.778431 0.045588 0.121569
3 0.533456 0.748366 0.043382 0.111111
3 0.690074 0.641176 0.046324 0.095425
4 0.352206 0.643137 0.088235 0.086275
4 0.368015 0.603268 0.071324 0.066667
3 0.388603 0.534641 0.078676 0.060131
3 0.351471 0.407843 0.050000 0.099346
3 0.416176 0.381699 0.060294 0.052288
3 0.421324 0.348366 0.048529 0.037908
3 0.427941 0.287582 0.051471 0.036601
3 0.447794 0.320261 0.044118 0.052288
3 0.539706 0.412418 0.027941 0.058824
3 0.598897 0.389542 0.028676 0.057516
3 0.595588 0.339216 0.026471 0.048366
3 0.589338 0.299346 0.028676 0.049673
0 0.570588 0.322222 0.007353 0.037908
0 0.724632 0.669281 0.013971 0.054902
0 0.667647 0.545098 0.008824 0.044444
1 0.745588 0.618301 0.013235 0.023529
0 0.684926 0.522876 0.008088 0.047059
6 0.670221 0.424837 0.036029 0.031373
0 0.606618 0.267974 0.007353 0.026144
0 0.657721 0.262092 0.006618 0.030065
3 0.581985 0.196732 0.016912 0.030065
3 0.579412 0.171242 0.019118 0.028758
3 0.576103 0.145098 0.016912 0.028758
3 0.569118 0.113725 0.014706 0.028758
3 0.570588 0.099346 0.016176 0.020915
5 0.504412 0.103922 0.019118 0.048366
3 0.465074 0.110458 0.028676 0.024837
4 0.462500 0.092810 0.016176 0.026144
3 0.482353 0.098039 0.016176 0.026144
3 0.455515 0.130065 0.024265 0.032680
3 0.448162 0.182353 0.034559 0.030065
4 0.444485 0.201961 0.036029 0.043137
3 0.445221 0.225490 0.041912 0.040523
5 0.408456 0.254902 0.071324 0.054902
9 0.255515 0.696732 0.033088 0.033987
9 0.263235 0.667974 0.027941 0.023529
2 0.266912 0.660784 0.032353 0.030065
9 0.718015 0.574510 0.019853 0.032680
1 0.391544 0.388889 0.011029 0.030065
7 0.605515 0.261438 0.033088 0.041830
1 0.546324 0.173856 0.007353 0.018301
9 0.545956 0.181046 0.006618 0.022222
