4 0.251103 0.752941 0.041912 0.067974
0 0.307721 0.610458 0.002206 0.013072
0 0.310662 0.611765 0.002206 0.013072
4 0.377206 0.664706 0.013235 0.022222
3 0.401103 0.866667 0.016912 0.031373
4 0.437132 0.545098 0.011029 0.015686
5 0.810294 0.745098 0.038235 0.039216
5 0.780515 0.450980 0.056618 0.049673
5 0.565809 0.432026 0.013971 0.032680
3 0.538971 0.350980 0.005882 0.009150
3 0.537500 0.333333 0.005882 0.007843
4 0.578309 0.341176 0.006618 0.007843
5 0.528309 0.291503 0.013971 0.026144
5 0.575000 0.313725 0.016176 0.026144
4 0.562868 0.295425 0.005147 0.007843
4 0.569485 0.275817 0.005147 0.007843
4 0.575000 0.281046 0.004412 0.007843
4 0.555882 0.252941 0.004412 0.006536
4 0.568382 0.246405 0.004412 0.006536
4 0.580882 0.249020 0.004412 0.006536
5 0.616544 0.247712 0.013971 0.022222
4 0.596324 0.232026 0.004412 0.006536
4 0.604412 0.203268 0.002941 0.003922
4 0.609559 0.203922 0.002941 0.005229
5 0.632353 0.168627 0.005882 0.013072
3 0.617279 0.166667 0.003676 0.003922
3 0.625000 0.166013 0.002941 0.005229
4 0.616544 0.162092 0.003676 0.005229
3 0.616544 0.158824 0.002206 0.003922
3 0.625000 0.147712 0.002941 0.002614
3 0.630515 0.148366 0.002206 0.003922
3 0.633824 0.154902 0.002941 0.003922
3 0.626471 0.141830 0.002941 0.003922
4 0.631985 0.140523 0.002206 0.003922
4 0.638603 0.141830 0.002206 0.003922
4 0.658456 0.166667 0.002206 0.003922
3 0.644853 0.116993 0.002941 0.003922
3 0.650368 0.111111 0.002206 0.002614
4 0.653309 0.105882 0.002206 0.005229
5 0.648529 0.107843 0.002941 0.006536
5 0.550735 0.223529 0.011765 0.018301
3 0.172059 0.298693 0.011765 0.009150
3 0.073529 0.342484 0.013235 0.007843
