3 0.511979 0.764352 0.045833 0.108333
3 0.438021 0.675926 0.036458 0.088889
3 0.326562 0.711111 0.039583 0.094444
3 0.289062 0.566667 0.033333 0.061111
3 0.430208 0.459259 0.020833 0.044444
3 0.395313 0.383333 0.017708 0.037037
3 0.428385 0.373148 0.016146 0.029630
3 0.530729 0.905093 0.055208 0.147222
3 0.732552 0.913426 0.075521 0.123148
3 0.565885 0.533796 0.033854 0.049074
3 0.513021 0.446759 0.022917 0.030556
3 0.573958 0.437500 0.027083 0.036111
3 0.518750 0.379630 0.019792 0.029630
3 0.477865 0.346759 0.015104 0.023148
3 0.471354 0.310648 0.015625 0.023148
3 0.480469 0.274074 0.010937 0.016667
3 0.455208 0.259722 0.009375 0.013889
3 0.483073 0.246296 0.009896 0.014815
3 0.461458 0.237963 0.008333 0.014815
3 0.448958 0.239815 0.007292 0.012963
3 0.420052 0.229630 0.007812 0.012963
3 0.404167 0.233333 0.007292 0.012963
3 0.406771 0.214815 0.007292 0.011111
3 0.415885 0.208796 0.006771 0.012037
3 0.453125 0.209259 0.006250 0.009259
3 0.455729 0.191667 0.006250 0.009259
3 0.446875 0.191667 0.006250 0.009259
3 0.462500 0.206481 0.006250 0.009259
3 0.404948 0.191667 0.005729 0.011111
3 0.506250 0.675926 0.036458 0.081481
3 0.495833 0.615278 0.031250 0.067593
3 0.483594 0.558333 0.028646 0.059259
3 0.478385 0.505093 0.025521 0.056481
3 0.473958 0.467593 0.022917 0.040741
3 0.464583 0.436574 0.020833 0.039815
3 0.451042 0.184259 0.004167 0.007407
3 0.448437 0.171759 0.004167 0.006481
3 0.440104 0.170370 0.004167 0.007407
3 0.444792 0.158796 0.004167 0.006481
3 0.440104 0.160185 0.003125 0.003704
3 0.443229 0.184259 0.004167 0.007407
3 0.441667 0.180556 0.004167 0.007407
3 0.450781 0.159259 0.003646 0.005556
3 0.450521 0.156481 0.003125 0.005556
6 0.519531 0.280093 0.006771 0.015741
0 0.519010 0.277315 0.003646 0.010185
0 0.545573 0.318981 0.003646 0.015741
2 0.546094 0.324074 0.005729 0.014815
6 0.700781 0.580556 0.015104 0.040741
0 0.698958 0.572222 0.011458 0.033333
0 0.798177 0.757870 0.013021 0.039815
0 0.795833 0.744907 0.013542 0.043519
9 0.794010 0.757407 0.018229 0.057407
4 0.467448 0.296296 0.009896 0.020370
