3 0.399632 0.675817 0.061029 0.138562
3 0.280147 0.645098 0.055882 0.126797
3 0.275368 0.808497 0.059559 0.168627
3 0.812868 0.937908 0.115441 0.124183
3 0.303676 0.965359 0.069118 0.069281
3 0.688235 0.636601 0.088235 0.130719
3 0.546324 0.503922 0.055882 0.079739
3 0.487500 0.410458 0.050000 0.065359
3 0.218750 0.324837 0.056618 0.058824
3 0.293382 0.147059 0.025000 0.032680
3 0.312500 0.100654 0.023529 0.031373
3 0.509926 0.323529 0.047794 0.056209
3 0.497059 0.303922 0.052941 0.043137
0 0.813971 0.841830 0.017647 0.065359
1 0.503676 0.580392 0.016176 0.039216
9 0.502574 0.594118 0.024265 0.050980
1 0.064338 0.786928 0.019853 0.049673
9 0.119853 0.642484 0.042647 0.045752
9 0.099265 0.625490 0.041176 0.048366
9 0.417647 0.186928 0.023529 0.026144
7 0.197059 0.283007 0.044118 0.048366
3 0.196691 0.260784 0.063971 0.043137
3 0.187132 0.224837 0.052206 0.054902
3 0.170956 0.136601 0.024265 0.040523
3 0.155515 0.162092 0.043382 0.039216
3 0.209191 0.054248 0.018382 0.035294
3 0.154044 0.049673 0.015441 0.028758
1 0.075735 0.392810 0.011765 0.030065
6 0.388603 0.170588 0.019853 0.037908
2 0.376838 0.122876 0.015441 0.020915
0 0.362868 0.127451 0.005147 0.030065
0 0.333088 0.085621 0.005882 0.027451
0 0.338603 0.082353 0.005147 0.026144
0 0.281985 0.075163 0.005147 0.027451
0 0.287500 0.063399 0.004412 0.027451
3 0.280515 0.036601 0.019853 0.028758
3 0.259559 0.015686 0.014706 0.026144
6 0.106250 0.541176 0.068382 0.060131
2 0.323897 0.039869 0.012500 0.014379
2 0.316544 0.028105 0.009559 0.016993
2 0.329412 0.060784 0.013235 0.016993
2 0.368382 0.102614 0.016176 0.016993
