4 0.440365 0.944907 0.053646 0.110185
0 0.647917 0.700926 0.012500 0.062963
9 0.558073 0.657870 0.014063 0.047222
1 0.559115 0.648611 0.013021 0.034259
3 0.169531 0.755093 0.060937 0.106481
3 0.266927 0.552778 0.038021 0.055556
5 0.252083 0.500000 0.035417 0.050000
3 0.437760 0.419907 0.021354 0.034259
3 0.320312 0.451852 0.027083 0.044444
3 0.280469 0.437963 0.028646 0.046296
6 0.267448 0.403704 0.015104 0.029630
1 0.265104 0.401389 0.009375 0.025000
3 0.324740 0.359722 0.022396 0.032407
4 0.372396 0.383796 0.020833 0.045370
3 0.419271 0.358333 0.017708 0.029630
4 0.398438 0.306944 0.015625 0.030556
3 0.358594 0.265278 0.014063 0.021296
4 0.375000 0.264815 0.012500 0.024074
3 0.399740 0.268519 0.013021 0.022222
3 0.403125 0.241667 0.011458 0.016667
3 0.396615 0.229630 0.009896 0.016667
2 0.383333 0.220370 0.004167 0.011111
1 0.383073 0.217593 0.002604 0.011111
3 0.408854 0.206019 0.009375 0.013889
4 0.417448 0.212963 0.008854 0.018519
3 0.423437 0.196296 0.008333 0.012963
3 0.441927 0.239815 0.010937 0.016667
3 0.445573 0.227315 0.009896 0.015741
3 0.445833 0.221296 0.009375 0.011111
3 0.447656 0.215741 0.008854 0.012963
3 0.474740 0.225463 0.008854 0.015741
3 0.450000 0.209259 0.009375 0.012963
3 0.450521 0.204630 0.009375 0.011111
3 0.451823 0.196759 0.007812 0.012037
