3 0.105147 0.931373 0.135294 0.134641
3 0.259559 0.821569 0.083824 0.210458
3 0.461029 0.626144 0.051471 0.115033
2 0.292279 0.909150 0.022794 0.090196
2 0.319485 0.904575 0.019853 0.073203
0 0.326471 0.892157 0.025000 0.084967
0 0.295588 0.892810 0.025000 0.083660
4 0.296324 0.603268 0.052941 0.126797
3 0.315441 0.513725 0.048529 0.104575
9 0.493382 0.540523 0.013235 0.050980
9 0.598897 0.492810 0.011029 0.054902
9 0.552941 0.374510 0.023529 0.032680
1 0.493015 0.531373 0.013971 0.050980
1 0.490074 0.375817 0.013971 0.035294
0 0.616176 0.510458 0.014706 0.066667
3 0.568750 0.444444 0.038971 0.065359
6 0.499265 0.392157 0.042647 0.052288
6 0.534926 0.290850 0.041912 0.040523
3 0.492647 0.275163 0.027941 0.050980
4 0.339338 0.323529 0.040441 0.066667
3 0.354044 0.263399 0.030147 0.069281
3 0.366912 0.202614 0.035294 0.054902
0 0.380882 0.196732 0.008824 0.043137
0 0.379779 0.176471 0.009559 0.039216
3 0.461765 0.218301 0.027941 0.049673
3 0.456985 0.174510 0.025735 0.037908
3 0.511029 0.171895 0.023529 0.043137
3 0.411397 0.135948 0.047794 0.031373
0 0.484926 0.130065 0.006618 0.030065
0 0.510662 0.120261 0.005147 0.031373
1 0.503309 0.121569 0.006618 0.015686
6 0.449632 0.129412 0.013971 0.028758
1 0.450368 0.118301 0.006618 0.019608
1 0.449265 0.117647 0.005882 0.015686
3 0.440441 0.109804 0.022059 0.031373
3 0.386765 0.084314 0.017647 0.032680
3 0.424265 0.085621 0.022059 0.030065
0 0.668015 0.524837 0.011029 0.069281
0 0.713235 0.368627 0.011765 0.054902
9 0.732353 0.390196 0.011765 0.045752
2 0.691176 0.316340 0.011765 0.033987
6 0.488603 0.077778 0.025735 0.019608
3 0.426838 0.067320 0.022794 0.027451
3 0.399265 0.058170 0.020588 0.030065
0 0.440441 0.062092 0.004412 0.022222
1 0.460294 0.062092 0.005882 0.019608
6 0.443382 0.053595 0.011765 0.020915
0 0.364338 0.068627 0.006618 0.027451
3 0.378676 0.037908 0.019118 0.023529
3 0.360294 0.021569 0.017647 0.022222
6 0.402206 0.028758 0.005882 0.015686
0 0.397794 0.018954 0.002941 0.019608
