2 0.013971 0.468627 0.027941 0.037908
7 0.020588 0.438562 0.029412 0.053595
0 0.454044 0.758824 0.011029 0.048366
0 0.481250 0.628105 0.013971 0.066667
0 0.521324 0.747059 0.016176 0.082353
0 0.556985 0.753595 0.009559 0.053595
0 0.473162 0.094771 0.006618 0.043137
1 0.343382 0.419608 0.013235 0.054902
1 0.398897 0.462092 0.013971 0.061438
1 0.423529 0.457516 0.019118 0.047059
1 0.431250 0.444444 0.021324 0.054902
1 0.437868 0.431373 0.011029 0.049673
1 0.447794 0.423529 0.011765 0.044444
1 0.453676 0.378431 0.010294 0.035294
1 0.464338 0.401961 0.018382 0.053595
1 0.616912 0.504575 0.017647 0.031373
1 0.584559 0.576471 0.010294 0.044444
0 0.596691 0.552941 0.009559 0.049673
0 0.609559 0.562745 0.010294 0.053595
0 0.764338 0.477124 0.011029 0.049673
1 0.465074 0.288889 0.008088 0.015686
1 0.418015 0.277124 0.009559 0.031373
1 0.032721 0.357516 0.015441 0.032680
