3 0.445052 0.668056 0.052604 0.084259
3 0.607812 0.836111 0.085417 0.144444
3 0.464323 0.615278 0.036979 0.047222
3 0.593750 0.753241 0.062500 0.102778
3 0.574740 0.698148 0.049479 0.077778
3 0.574479 0.651852 0.043750 0.050000
3 0.572396 0.627778 0.036458 0.044444
3 0.569271 0.613426 0.028125 0.039815
3 0.565365 0.596296 0.028646 0.051852
3 0.518490 0.528241 0.015104 0.021296
3 0.325260 0.655556 0.059896 0.077778
3 0.438281 0.568519 0.022396 0.035185
3 0.463021 0.562500 0.022917 0.026852
3 0.473958 0.550463 0.019792 0.025000
3 0.489323 0.528704 0.014063 0.014815
3 0.494792 0.523148 0.011458 0.016667
3 0.555208 0.578704 0.020833 0.029630
3 0.553906 0.568981 0.022396 0.032407
3 0.552865 0.563426 0.022396 0.032407
3 0.551042 0.548611 0.021875 0.032407
2 0.126562 0.815278 0.035417 0.078704
2 0.276562 0.798611 0.023958 0.095370
2 0.517708 0.809722 0.023958 0.095370
2 0.525521 0.688889 0.015625 0.053704
2 0.519271 0.663889 0.015625 0.053704
2 0.530990 0.652778 0.014063 0.044444
2 0.513802 0.648148 0.014063 0.044444
2 0.396615 0.630556 0.010937 0.037037
9 0.435937 0.894907 0.028125 0.125000
9 0.454167 0.798148 0.025000 0.088889
9 0.516927 0.572222 0.008854 0.025926
9 0.532292 0.566667 0.006250 0.018519
0 0.278125 0.775463 0.020833 0.102778
0 0.435156 0.862963 0.032813 0.112963
0 0.518229 0.786574 0.025000 0.110185
0 0.452865 0.779167 0.028646 0.086111
0 0.525781 0.673148 0.013021 0.068519
0 0.513542 0.631944 0.013542 0.049074
0 0.533594 0.637963 0.013021 0.051852
0 0.518750 0.643519 0.012500 0.046296
0 0.516927 0.562037 0.006771 0.022222
0 0.532813 0.559722 0.004167 0.017593
0 0.529167 0.544444 0.007292 0.020370
0 0.418229 0.619444 0.012500 0.059259
3 0.637760 0.948611 0.127604 0.102778
