3 0.812132 0.624837 0.040441 0.091503
3 0.909191 0.437255 0.034559 0.050980
3 0.797794 0.220261 0.016176 0.024837
3 0.801838 0.186275 0.015441 0.022222
3 0.802574 0.136601 0.011029 0.016993
3 0.780515 0.130719 0.009559 0.015686
3 0.783456 0.111765 0.008088 0.014379
3 0.836765 0.124837 0.010294 0.014379
3 0.797794 0.074510 0.007353 0.010458
3 0.813603 0.086275 0.008088 0.010458
3 0.830882 0.085621 0.008824 0.009150
3 0.813603 0.070588 0.006618 0.010458
3 0.831250 0.102614 0.008088 0.014379
3 0.798162 0.265359 0.016912 0.028758
4 0.773897 0.211111 0.015441 0.032680
4 0.658456 0.164052 0.022794 0.024837
3 0.731250 0.128758 0.009559 0.016993
3 0.734926 0.120261 0.009559 0.015686
4 0.787132 0.098693 0.008088 0.016993
3 0.885294 0.154248 0.011765 0.018301
3 0.910294 0.167320 0.013235 0.023529
3 0.926471 0.178431 0.013235 0.019608
4 0.925368 0.156863 0.013971 0.023529
4 0.906618 0.113725 0.010294 0.018301
3 0.913603 0.123529 0.018382 0.014379
4 0.808456 0.047712 0.006618 0.014379
3 0.828676 0.057516 0.005882 0.013072
3 0.821324 0.052288 0.005882 0.010458
0 0.988235 0.262745 0.005882 0.026144
0 0.861765 0.264706 0.005882 0.024837
0 0.856250 0.260784 0.008088 0.024837
0 0.704044 0.192157 0.003676 0.018301
0 0.701838 0.190850 0.003676 0.018301
0 0.665074 0.203268 0.003676 0.022222
0 0.660294 0.198693 0.004412 0.020915
0 0.648529 0.216993 0.005882 0.023529
0 0.639338 0.220261 0.003676 0.016993
0 0.636029 0.218301 0.005882 0.023529
0 0.354412 0.510458 0.010294 0.043137
0 0.377206 0.526797 0.011765 0.047059
0 0.397059 0.568627 0.010294 0.049673
0 0.278309 0.501307 0.009559 0.043137
1 0.236397 0.516340 0.011029 0.026144
9 0.238235 0.520915 0.013235 0.035294
0 0.445956 0.913725 0.012500 0.073203
0 0.463603 0.936601 0.015441 0.074510
0 0.494853 0.947059 0.013235 0.071895
0 0.508088 0.957516 0.013235 0.050980
0 0.599632 0.916340 0.016912 0.062745
1 0.609559 0.912418 0.010294 0.036601
3 0.057353 0.733333 0.104412 0.088889
3 0.151838 0.667320 0.081618 0.092810
3 0.205882 0.625490 0.070588 0.079739
3 0.244118 0.716340 0.073529 0.117647
3 0.362868 0.736601 0.097794 0.082353
3 0.288971 0.550980 0.069118 0.066667
3 0.409191 0.667974 0.078676 0.081046
3 0.422794 0.622876 0.082353 0.069281
3 0.487500 0.535948 0.077941 0.060131
3 0.586765 0.510458 0.063235 0.069281
3 0.532353 0.471895 0.060294 0.054902
3 0.599265 0.460131 0.050000 0.052288
3 0.633088 0.418954 0.025000 0.050980
3 0.645221 0.349673 0.027206 0.056209
3 0.655147 0.316340 0.045588 0.033987
3 0.646691 0.305882 0.038971 0.031373
3 0.634559 0.297386 0.033824 0.035294
4 0.623162 0.277124 0.033088 0.036601
3 0.572426 0.245098 0.021324 0.040523
4 0.539338 0.230065 0.025735 0.036601
3 0.506250 0.223529 0.028676 0.026144
3 0.398529 0.200000 0.032353 0.023529
3 0.402574 0.140523 0.024265 0.016993
3 0.483088 0.150980 0.025000 0.019608
3 0.615441 0.152288 0.023529 0.014379
3 0.632721 0.149020 0.022794 0.018301
3 0.437132 0.406536 0.025735 0.047059
3 0.383456 0.439216 0.058088 0.054902
3 0.469118 0.569935 0.085294 0.086275
9 0.285294 0.466667 0.020588 0.028758
9 0.297794 0.469281 0.019118 0.028758
2 0.334926 0.412418 0.011029 0.027451
0 0.357353 0.375817 0.005882 0.032680
1 0.349632 0.362092 0.008088 0.026144
0 0.376471 0.383007 0.007353 0.033987
0 0.401838 0.384967 0.008088 0.035294
0 0.413971 0.377778 0.007353 0.033987
9 0.410662 0.383660 0.008088 0.027451
9 0.352206 0.416993 0.019118 0.020915
9 0.355882 0.409150 0.019118 0.020915
9 0.395221 0.231373 0.012500 0.015686
9 0.432353 0.245098 0.014706 0.014379
9 0.424265 0.245752 0.014706 0.018301
9 0.424632 0.233987 0.016912 0.015686
9 0.415809 0.228758 0.013971 0.015686
9 0.410662 0.238562 0.015441 0.014379
0 0.412132 0.244444 0.005147 0.026144
0 0.394485 0.258824 0.005147 0.026144
0 0.440074 0.215033 0.005147 0.024837
0 0.447059 0.211765 0.004412 0.020915
0 0.454412 0.211765 0.004412 0.020915
7 0.475368 0.214379 0.013971 0.026144
7 0.459559 0.221569 0.019118 0.030065
9 0.455147 0.237255 0.013235 0.016993
9 0.468750 0.240523 0.015441 0.015686
9 0.478309 0.260784 0.013971 0.016993
0 0.487500 0.253595 0.004412 0.023529
0 0.510662 0.261438 0.006618 0.026144
0 0.519485 0.252941 0.003676 0.024837
0 0.520956 0.420261 0.008088 0.032680
9 0.471691 0.254902 0.013971 0.015686
0 0.478309 0.252941 0.005147 0.024837
9 0.498529 0.260131 0.013235 0.015686
9 0.497426 0.248366 0.012500 0.018301
9 0.493750 0.384967 0.016912 0.019608
9 0.501103 0.381699 0.016912 0.020915
9 0.428309 0.356863 0.015441 0.026144
9 0.452574 0.370588 0.016912 0.019608
9 0.447426 0.373856 0.016912 0.018301
9 0.478676 0.371895 0.014706 0.022222
9 0.477941 0.366013 0.017647 0.020915
9 0.411397 0.332026 0.018382 0.020915
9 0.417647 0.287582 0.019118 0.018301
9 0.481985 0.281699 0.015441 0.016993
2 0.519485 0.272549 0.015441 0.014379
2 0.522426 0.276471 0.013971 0.014379
0 0.627574 0.249673 0.003676 0.018301
1 0.625368 0.201307 0.005147 0.018301
9 0.626103 0.207190 0.011029 0.014379
1 0.573529 0.222222 0.004412 0.015686
9 0.573529 0.227451 0.011765 0.013072
7 0.773162 0.256863 0.013971 0.032680
0 0.945588 0.188235 0.004412 0.020915
0 0.935662 0.179739 0.003676 0.019608
0 0.937868 0.162092 0.005147 0.018301
9 0.972426 0.194771 0.008088 0.010458
9 0.966912 0.192157 0.008824 0.013072
9 0.991176 0.194771 0.008824 0.013072
9 0.991176 0.179085 0.008824 0.010458
9 0.966912 0.177124 0.010294 0.011765
1 0.867647 0.181046 0.004412 0.014379
1 0.877941 0.183007 0.004412 0.010458
1 0.856985 0.151634 0.003676 0.010458
1 0.772794 0.138562 0.002941 0.010458
9 0.867647 0.186928 0.005882 0.013072
9 0.878309 0.188235 0.005147 0.013072
9 0.856618 0.156863 0.004412 0.010458
9 0.772426 0.144444 0.005147 0.011765
0 0.658824 0.113725 0.002941 0.015686
0 0.647426 0.110458 0.003676 0.014379
0 0.990074 0.311765 0.005147 0.024837
0 0.992647 0.307843 0.004412 0.024837
0 0.997426 0.314379 0.005147 0.030065
