1 0.455208 0.944444 0.014583 0.044444
1 0.455729 0.969444 0.019792 0.053704
9 0.456250 0.971296 0.022917 0.057407
2 0.426042 0.860185 0.018750 0.061111
1 0.425521 0.840741 0.017708 0.055556
3 0.504687 0.516667 0.034375 0.070370
4 0.466667 0.246296 0.020833 0.040741
7 0.412500 0.276852 0.014583 0.038889
3 0.434375 0.187037 0.014583 0.029630
3 0.371354 0.192593 0.038542 0.029630
3 0.368229 0.172222 0.030208 0.022222
3 0.938542 0.901852 0.116667 0.148148
0 0.419271 0.087037 0.005208 0.018519
3 0.432812 0.026852 0.007292 0.012963
3 0.423958 0.039815 0.004167 0.012963
9 0.422917 0.064815 0.004167 0.011111
9 0.426563 0.019444 0.003125 0.009259
1 0.422917 0.062037 0.004167 0.012963
1 0.426042 0.016667 0.002083 0.011111
3 0.048958 0.259259 0.037500 0.037037
3 0.081250 0.253704 0.035417 0.037037
3 0.061458 0.279630 0.060417 0.040741
