0 0.715074 0.790850 0.011029 0.062745
0 0.794118 0.869935 0.016176 0.061438
0 0.750000 0.849673 0.020588 0.060131
0 0.777941 0.858824 0.011765 0.054902
8 0.352206 0.812418 0.113235 0.283660
3 0.449265 0.828758 0.044118 0.138562
3 0.528676 0.760131 0.039706 0.105882
3 0.409191 0.553595 0.031618 0.079739
3 0.473162 0.602614 0.034559 0.094118
3 0.609191 0.679085 0.043382 0.082353
4 0.525735 0.603268 0.033824 0.079739
3 0.564338 0.586928 0.031618 0.075817
3 0.582721 0.500654 0.028676 0.060131
3 0.536397 0.454248 0.025735 0.053595
3 0.567647 0.390196 0.022059 0.043137
3 0.465074 0.481046 0.028676 0.073203
3 0.430882 0.409150 0.025000 0.054902
3 0.441544 0.294118 0.021324 0.044444
3 0.565074 0.249020 0.018382 0.032680
3 0.483824 0.184967 0.016176 0.035294
3 0.484191 0.241176 0.016912 0.035294
3 0.459191 0.185621 0.016912 0.036601
3 0.488603 0.153595 0.013971 0.024837
3 0.513603 0.135948 0.012500 0.023529
3 0.529779 0.120915 0.012500 0.022222
3 0.512500 0.113072 0.013235 0.019608
3 0.545588 0.096078 0.010294 0.019608
3 0.526103 0.100654 0.012500 0.018301
3 0.508456 0.073856 0.011029 0.016993
3 0.510662 0.092810 0.011029 0.018301
3 0.493015 0.060784 0.011029 0.016993
3 0.512500 0.035294 0.010294 0.013072
3 0.518750 0.048366 0.009559 0.015686
3 0.484559 0.017647 0.008824 0.014379
3 0.488603 0.034641 0.009559 0.016993
3 0.509559 0.058824 0.010294 0.018301
3 0.522426 0.073203 0.011029 0.015686
3 0.533824 0.064706 0.010294 0.016993
3 0.538971 0.079085 0.010294 0.019608
3 0.516176 0.158170 0.014706 0.023529
3 0.541176 0.262745 0.020588 0.033987
3 0.547426 0.308497 0.022794 0.039216
3 0.856250 0.177124 0.025735 0.024837
3 0.873897 0.175817 0.024265 0.022222
3 0.822794 0.177124 0.022059 0.024837
3 0.840809 0.177124 0.019853 0.027451
3 0.804412 0.177778 0.026471 0.023529
3 0.841912 0.139869 0.022059 0.026144
3 0.827574 0.142484 0.019853 0.023529
3 0.863971 0.141830 0.022059 0.022222
3 0.881985 0.141176 0.019853 0.020915
3 0.901838 0.136601 0.027206 0.027451
3 0.926838 0.154902 0.031618 0.022222
3 0.925000 0.162745 0.032353 0.024837
3 0.827941 0.102614 0.016176 0.022222
3 0.840441 0.102614 0.016176 0.022222
3 0.813603 0.102614 0.016912 0.022222
3 0.799632 0.100654 0.019853 0.023529
3 0.787132 0.101961 0.016912 0.023529
3 0.779412 0.113725 0.030882 0.020915
3 0.881250 0.124183 0.018382 0.013072
3 0.868382 0.126797 0.020588 0.018301
3 0.854044 0.127451 0.018382 0.019608
3 0.837132 0.126797 0.021324 0.018301
3 0.822426 0.126144 0.019853 0.014379
3 0.730147 0.092157 0.020588 0.014379
4 0.650735 0.035294 0.013235 0.018301
3 0.649632 0.007190 0.008088 0.011765
3 0.658824 0.007843 0.010294 0.013072
3 0.698529 0.007190 0.011765 0.014379
3 0.715074 0.006536 0.012500 0.013072
3 0.725735 0.006536 0.010294 0.013072
3 0.734559 0.007843 0.008824 0.013072
3 0.744118 0.007843 0.010294 0.013072
3 0.754412 0.007843 0.010294 0.013072
3 0.693382 0.049020 0.016176 0.016993
3 0.625735 0.859477 0.060294 0.118954
4 0.468015 0.305229 0.019853 0.056209
4 0.496691 0.044444 0.009559 0.023529
4 0.497059 0.011111 0.008824 0.019608
4 0.550000 0.124837 0.011765 0.027451
4 0.543015 0.341176 0.021324 0.047059
4 0.455515 0.241830 0.018382 0.047059
3 0.483456 0.006536 0.008088 0.013072
3 0.471691 0.033333 0.011029 0.016993
3 0.469118 0.045752 0.010294 0.013072
3 0.529779 0.020915 0.019853 0.013072
3 0.513235 0.025490 0.010294 0.014379
3 0.520956 0.015033 0.019853 0.014379
3 0.514706 0.005882 0.010294 0.011765
3 0.502574 0.005229 0.006618 0.010458
8 0.534926 0.043791 0.013971 0.037908
5 0.474632 0.093464 0.024265 0.058824
5 0.461029 0.135294 0.020588 0.056209
5 0.522059 0.200654 0.027941 0.074510
5 0.512868 0.302614 0.033088 0.152941
5 0.476103 0.352941 0.031618 0.101961
3 0.533088 0.960131 0.047059 0.079739
5 0.322426 0.108497 0.018382 0.049673
0 0.316912 0.141176 0.004412 0.023529
3 0.051838 0.143791 0.040441 0.028758
3 0.034191 0.184314 0.025735 0.031373
3 0.061029 0.232026 0.030882 0.037908
3 0.100735 0.224837 0.030882 0.039216
3 0.134559 0.223529 0.029412 0.036601
3 0.159559 0.222876 0.025000 0.037908
3 0.184559 0.227451 0.030882 0.039216
5 0.152574 0.157516 0.052206 0.040523
3 0.009926 0.185621 0.019853 0.031373
3 0.006985 0.226144 0.013971 0.031373
3 0.243750 0.156209 0.018382 0.027451
1 0.439338 0.193464 0.003676 0.023529
2 0.438603 0.200654 0.003676 0.016993
0 0.422426 0.143137 0.003676 0.022222
0 0.566544 0.141176 0.003676 0.020915
1 0.540809 0.125490 0.005147 0.018301
1 0.518750 0.082353 0.003676 0.015686
1 0.526471 0.080392 0.004412 0.014379
9 0.540809 0.130719 0.005147 0.015686
9 0.518015 0.086928 0.003676 0.011765
9 0.525735 0.084314 0.004412 0.011765
9 0.525000 0.058824 0.002941 0.010458
9 0.525368 0.039216 0.003676 0.010458
1 0.525368 0.033987 0.002206 0.010458
1 0.524632 0.056209 0.003676 0.013072
0 0.477206 0.028758 0.002941 0.015686
