0 0.178309 0.492157 0.012500 0.048366
0 0.186397 0.507190 0.008088 0.028758
0 0.481985 0.207843 0.008088 0.026144
0 0.394853 0.247059 0.005882 0.031373
0 0.386765 0.261438 0.005882 0.033987
0 0.361397 0.264706 0.012500 0.030065
0 0.361029 0.226797 0.007353 0.024837
0 0.318382 0.325490 0.010294 0.047059
0 0.337132 0.333987 0.011029 0.027451
0 0.275368 0.328758 0.005147 0.032680
0 0.276471 0.289542 0.010294 0.040523
0 0.156985 0.091503 0.006618 0.028758
0 0.497426 0.216993 0.008088 0.026144
1 0.189338 0.241176 0.009559 0.027451
1 0.211765 0.214379 0.010294 0.028758
1 0.245221 0.241830 0.009559 0.031373
1 0.248529 0.235294 0.010294 0.039216
1 0.254412 0.222222 0.008824 0.036601
1 0.264706 0.223529 0.011765 0.036601
0 0.229044 0.250327 0.011029 0.035294
0 0.226471 0.260131 0.008824 0.028758
