1 0.059375 0.421296 0.008333 0.027778
0 0.032292 0.425000 0.012500 0.035185
1 0.011458 0.421296 0.008333 0.027778
1 0.018229 0.421296 0.009375 0.027778
0 0.075521 0.481481 0.013542 0.025926
1 0.065625 0.493519 0.010417 0.027778
1 0.022917 0.756481 0.012500 0.031481
0 0.089583 0.584259 0.010417 0.031481
0 0.091667 0.601852 0.008333 0.033333
0 0.007812 0.853704 0.015625 0.062963
1 0.016146 0.854630 0.013542 0.024074
0 0.057292 0.984259 0.010417 0.031481
0 0.080208 0.961111 0.014583 0.077778
0 0.154688 0.737037 0.011458 0.059259
0 0.178125 0.704630 0.012500 0.061111
1 0.142187 0.689815 0.015625 0.042593
1 0.228125 0.688889 0.010417 0.025926
0 0.204687 0.644444 0.009375 0.029630
0 0.125000 0.581481 0.008333 0.033333
0 0.124479 0.516667 0.011458 0.037037
0 0.177083 0.556481 0.010417 0.038889
0 0.166146 0.558333 0.011458 0.042593
0 0.160938 0.523148 0.009375 0.038889
0 0.214062 0.525926 0.007292 0.044444
1 0.204687 0.527778 0.009375 0.029630
0 0.126562 0.470370 0.009375 0.037037
0 0.144792 0.468519 0.008333 0.033333
0 0.117188 0.412963 0.009375 0.033333
0 0.146875 0.408333 0.010417 0.031481
0 0.161458 0.401852 0.008333 0.029630
9 0.154688 0.414815 0.009375 0.022222
0 0.201563 0.435185 0.007292 0.033333
0 0.223958 0.450000 0.010417 0.033333
0 0.237500 0.446296 0.010417 0.037037
0 0.249479 0.453704 0.005208 0.022222
0 0.252083 0.448148 0.006250 0.029630
0 0.231250 0.479630 0.010417 0.037037
3 0.254167 0.488889 0.025000 0.033333
9 0.266667 0.489815 0.020833 0.027778
9 0.338542 0.514815 0.022917 0.037037
7 0.283333 0.494444 0.029167 0.033333
0 0.272396 0.472222 0.007292 0.029630
0 0.319792 0.473148 0.008333 0.035185
1 0.301563 0.452778 0.009375 0.027778
1 0.305208 0.446296 0.006250 0.029630
1 0.312500 0.445370 0.008333 0.027778
1 0.317188 0.440741 0.007292 0.029630
1 0.324479 0.438889 0.009375 0.029630
9 0.336979 0.435185 0.013542 0.022222
1 0.294271 0.527778 0.011458 0.022222
1 0.316146 0.541667 0.011458 0.027778
1 0.312500 0.572222 0.014583 0.029630
0 0.303125 0.586111 0.006250 0.038889
0 0.271875 0.589815 0.010417 0.035185
9 0.457292 0.361111 0.006250 0.022222
9 0.446875 0.361111 0.008333 0.022222
9 0.425000 0.414815 0.012500 0.022222
1 0.424479 0.403704 0.009375 0.025926
1 0.451042 0.414815 0.008333 0.025926
9 0.482292 0.441667 0.014583 0.024074
7 0.395833 0.480556 0.014583 0.042593
7 0.414583 0.465741 0.012500 0.042593
4 0.446875 0.485185 0.045833 0.059259
0 0.427083 0.537037 0.010417 0.044444
0 0.463542 0.535185 0.008333 0.044444
2 0.467187 0.545370 0.011458 0.031481
0 0.361979 0.635185 0.017708 0.048148
1 0.408333 0.629630 0.012500 0.033333
1 0.403125 0.616667 0.012500 0.037037
0 0.427083 0.614815 0.012500 0.044444
0 0.440104 0.638889 0.009375 0.055556
0 0.456771 0.596296 0.007292 0.037037
0 0.510417 0.631481 0.012500 0.048148
0 0.521875 0.617593 0.010417 0.057407
0 0.532813 0.614815 0.013542 0.055556
7 0.478125 0.508333 0.031250 0.057407
7 0.505208 0.530556 0.035417 0.057407
3 0.546875 0.486111 0.060417 0.046296
6 0.642708 0.588889 0.035417 0.037037
0 0.616667 0.605556 0.006250 0.048148
1 0.611979 0.621296 0.005208 0.031481
1 0.607292 0.617593 0.008333 0.046296
9 0.610938 0.632407 0.017708 0.038889
9 0.582292 0.636111 0.035417 0.042593
0 0.572917 0.678704 0.014583 0.057407
1 0.611979 0.980556 0.023958 0.038889
1 0.691667 0.627778 0.010417 0.051852
9 0.690104 0.633333 0.030208 0.033333
9 0.619271 0.674074 0.034375 0.037037
9 0.632292 0.693519 0.035417 0.042593
9 0.658333 0.733333 0.043750 0.048148
9 0.726562 0.861111 0.044792 0.048148
9 0.732812 0.900926 0.053125 0.046296
9 0.745313 0.933333 0.042708 0.044444
