3 0.140625 0.921759 0.078125 0.121296
3 0.226042 0.892130 0.063542 0.117593
3 0.316406 0.828241 0.048438 0.087963
3 0.349219 0.728241 0.042188 0.075000
3 0.544271 0.756481 0.030208 0.057407
0 0.511719 0.734722 0.005729 0.039815
0 0.523177 0.722222 0.007812 0.048148
3 0.544792 0.681481 0.028125 0.062963
3 0.545833 0.618981 0.026042 0.050926
4 0.539583 0.563426 0.019792 0.043519
3 0.541406 0.524074 0.018229 0.037037
3 0.541667 0.492593 0.012500 0.024074
3 0.538542 0.464815 0.015625 0.035185
3 0.538802 0.438889 0.014063 0.022222
3 0.538802 0.424074 0.013021 0.018519
3 0.535937 0.408333 0.013542 0.025926
3 0.536719 0.391204 0.010937 0.019444
5 0.391667 0.468056 0.042708 0.099074
3 0.288802 0.548611 0.033854 0.047222
9 0.259375 0.604167 0.011458 0.037963
1 0.258073 0.594444 0.008854 0.018519
7 0.549219 0.970370 0.026562 0.059259
9 0.409375 0.380093 0.005208 0.019444
5 0.446615 0.342593 0.021354 0.050000
3 0.489844 0.394907 0.013021 0.019444
3 0.528385 0.317593 0.013021 0.020370
3 0.522917 0.311111 0.008333 0.014815
4 0.523438 0.300926 0.007292 0.012963
3 0.521094 0.290741 0.007812 0.011111
3 0.515104 0.277778 0.007292 0.011111
4 0.519531 0.284722 0.005729 0.012037
3 0.515885 0.265741 0.006771 0.011111
3 0.514583 0.260648 0.006250 0.008333
5 0.464583 0.300000 0.017708 0.037037
3 0.466927 0.255556 0.008854 0.014815
3 0.471354 0.229167 0.008333 0.015741
9 0.501823 0.233796 0.001563 0.004630
3 0.489063 0.187963 0.004167 0.005556
3 0.482812 0.176852 0.003125 0.005556
9 0.505208 0.293981 0.002083 0.008333
9 0.512240 0.300463 0.001563 0.008333
