4 0.976103 0.802614 0.047794 0.086275
3 0.936397 0.805229 0.055147 0.075817
3 0.914706 0.822876 0.047059 0.077124
3 0.858088 0.835294 0.057353 0.065359
3 0.835662 0.847712 0.056618 0.064052
4 0.828309 0.879739 0.065441 0.070588
3 0.912500 0.970588 0.066176 0.058824
7 0.844485 0.930065 0.055147 0.053595
3 0.693015 0.774510 0.052206 0.050980
3 0.732353 0.863399 0.045588 0.077124
3 0.711029 0.886275 0.047059 0.078431
3 0.643382 0.920261 0.055882 0.086275
3 0.613235 0.939869 0.051471 0.091503
4 0.573162 0.952941 0.053676 0.094118
3 0.448162 0.975817 0.038971 0.048366
7 0.518750 0.977124 0.019853 0.045752
3 0.533824 0.868627 0.055882 0.064052
3 0.563235 0.819608 0.057353 0.049673
3 0.400735 0.848366 0.039706 0.081046
0 0.771324 0.790850 0.008824 0.033987
1 0.972059 0.920915 0.013235 0.027451
9 0.970956 0.926144 0.021324 0.024837
0 0.803676 0.948366 0.011765 0.032680
0 0.342279 0.986928 0.008088 0.026144
0 0.480147 0.856209 0.008824 0.039216
0 0.480515 0.817647 0.006618 0.032680
0 0.613971 0.758170 0.007353 0.031373
9 0.629779 0.783007 0.013971 0.031373
9 0.598897 0.767974 0.011029 0.030065
9 0.561765 0.781699 0.013235 0.028758
9 0.540074 0.791503 0.011029 0.035294
9 0.529044 0.794771 0.012500 0.041830
9 0.497794 0.801961 0.008824 0.035294
9 0.459191 0.817647 0.008088 0.037908
9 0.465074 0.815686 0.008088 0.031373
9 0.473529 0.813725 0.010294 0.037908
2 0.361029 0.832026 0.007353 0.032680
9 0.368382 0.828758 0.008824 0.033987
3 0.033824 0.383007 0.036765 0.028758
3 0.017647 0.379085 0.035294 0.026144
4 0.048162 0.358824 0.033088 0.027451
3 0.021691 0.359477 0.034559 0.026144
4 0.020588 0.337908 0.039706 0.037908
4 0.058824 0.337255 0.029412 0.026144
3 0.038971 0.305882 0.016176 0.026144
3 0.054412 0.326797 0.030882 0.020915
3 0.051838 0.317647 0.034559 0.020915
3 0.065074 0.303922 0.031618 0.019608
3 0.067279 0.291503 0.030147 0.018301
3 0.070588 0.283007 0.029412 0.019608
3 0.073897 0.270588 0.030147 0.020915
3 0.079044 0.247712 0.030147 0.016993
3 0.122059 0.254248 0.029412 0.019608
3 0.127941 0.243137 0.027941 0.018301
3 0.087132 0.236601 0.019853 0.015686
3 0.088971 0.222876 0.026471 0.016993
3 0.095221 0.214379 0.028676 0.015686
3 0.128309 0.222222 0.027206 0.018301
3 0.128676 0.208497 0.025000 0.016993
3 0.101103 0.200654 0.012500 0.019608
4 0.125368 0.200000 0.021324 0.020915
4 0.126471 0.186275 0.017647 0.019608
4 0.128309 0.175817 0.016912 0.014379
3 0.034926 0.201961 0.013971 0.016993
3 0.066912 0.209804 0.011765 0.016993
3 0.063235 0.183660 0.013235 0.016993
3 0.061397 0.154902 0.012500 0.014379
3 0.019853 0.152288 0.014706 0.022222
3 0.038235 0.132026 0.013235 0.015686
3 0.081618 0.119608 0.011765 0.014379
5 0.089706 0.191503 0.020588 0.032680
8 0.016544 0.071895 0.027206 0.018301
8 0.025735 0.066013 0.029412 0.016993
3 0.017279 0.103922 0.012500 0.014379
3 0.030147 0.090196 0.010294 0.013072
3 0.066544 0.078431 0.011029 0.015686
3 0.082353 0.055556 0.008824 0.011765
3 0.104412 0.037255 0.008824 0.011765
3 0.075735 0.086928 0.008824 0.011765
3 0.109191 0.079739 0.009559 0.010458
3 0.118382 0.069281 0.008824 0.010458
5 0.125000 0.046405 0.016176 0.032680
