3 0.432812 0.162037 0.009375 0.012963
3 0.407812 0.181481 0.009375 0.018519
5 0.387500 0.321296 0.025000 0.087037
5 0.445833 0.338889 0.027083 0.092593
3 0.456771 0.175000 0.007292 0.012963
3 0.458854 0.179630 0.007292 0.011111
3 0.459896 0.190741 0.007292 0.014815
7 0.465625 0.200926 0.008333 0.012963
5 0.470833 0.326852 0.016667 0.035185
4 0.506771 0.344444 0.019792 0.033333
5 0.520833 0.375926 0.020833 0.033333
3 0.530208 0.408333 0.020833 0.031481
3 0.540104 0.443519 0.026042 0.042593
3 0.553125 0.476852 0.025000 0.042593
3 0.565104 0.519444 0.028125 0.050000
3 0.583333 0.577778 0.031250 0.051852
3 0.620313 0.686111 0.040625 0.075926
3 0.654167 0.798148 0.052083 0.092593
3 0.696875 0.909259 0.060417 0.114815
3 0.572917 0.844444 0.047917 0.107407
6 0.519271 0.544444 0.021875 0.051852
3 0.472396 0.603704 0.028125 0.062963
3 0.389583 0.610185 0.029167 0.064815
3 0.140104 0.934259 0.063542 0.112963
1 0.157812 0.631481 0.013542 0.029630
9 0.158854 0.647222 0.013542 0.035185
4 0.258854 0.550000 0.051042 0.055556
