3 0.433456 0.963399 0.058088 0.073203
3 0.445956 0.742484 0.044853 0.130719
3 0.369853 0.761438 0.051471 0.139869
3 0.394853 0.613725 0.042647 0.100654
3 0.458456 0.615033 0.043382 0.111111
3 0.469118 0.525490 0.035294 0.086275
3 0.403676 0.513072 0.038235 0.079739
3 0.470956 0.453595 0.033088 0.075817
3 0.474265 0.390196 0.027941 0.058824
3 0.353676 0.415033 0.061765 0.050980
4 0.361765 0.381699 0.054412 0.052288
3 0.451103 0.193464 0.015441 0.031373
3 0.487500 0.163399 0.013235 0.026144
3 0.507353 0.166667 0.016176 0.027451
3 0.525000 0.162745 0.017647 0.024837
3 0.674632 0.522222 0.072794 0.064052
3 0.775368 0.798693 0.103676 0.133333
0 0.626838 0.967974 0.018382 0.064052
4 0.304779 0.616340 0.069853 0.082353
0 0.336765 0.322222 0.007353 0.035294
0 0.342647 0.318301 0.007353 0.027451
3 0.566544 0.263399 0.019853 0.030065
3 0.539706 0.117647 0.013235 0.018301
3 0.540809 0.097386 0.011029 0.014379
3 0.537500 0.083007 0.008824 0.014379
3 0.516912 0.067974 0.008824 0.013072
3 0.512500 0.077124 0.008824 0.015686
3 0.509559 0.060784 0.008824 0.014379
3 0.497059 0.055556 0.010294 0.014379
3 0.485662 0.098039 0.011029 0.018301
3 0.483088 0.077778 0.010294 0.016993
3 0.500368 0.092157 0.011029 0.016993
3 0.496324 0.069281 0.008824 0.018301
3 0.514338 0.090196 0.009559 0.018301
3 0.511765 0.052288 0.008824 0.010458
1 0.526838 0.086275 0.003676 0.010458
1 0.525735 0.104575 0.002941 0.010458
1 0.522426 0.111111 0.003676 0.010458
1 0.527206 0.073856 0.002941 0.009150
