0 0.452574 0.939216 0.022794 0.064052
3 0.430882 0.676471 0.045588 0.137255
4 0.556618 0.658170 0.044118 0.116340
0 0.557353 0.709150 0.011765 0.048366
5 0.342279 0.498693 0.050735 0.137255
1 0.479779 0.473203 0.012500 0.033987
9 0.479779 0.488235 0.012500 0.032680
0 0.579412 0.450980 0.010294 0.036601
0 0.581618 0.456863 0.007353 0.032680
9 0.607721 0.488235 0.016912 0.035294
3 0.044118 0.392810 0.079412 0.056209
3 0.228309 0.186275 0.059559 0.048366
3 0.241912 0.116340 0.047059 0.041830
3 0.240441 0.100654 0.042647 0.036601
0 0.205147 0.022222 0.007353 0.028758
0 0.184191 0.029412 0.006618 0.027451
4 0.353676 0.190850 0.022059 0.065359
3 0.358456 0.013725 0.024265 0.027451
3 0.515441 0.184314 0.027941 0.044444
0 0.536029 0.285621 0.008824 0.035294
1 0.488235 0.316340 0.010294 0.039216
9 0.489706 0.317647 0.023529 0.033987
1 0.491176 0.275817 0.008824 0.031373
9 0.491176 0.284314 0.011765 0.027451
1 0.447794 0.071242 0.005882 0.022222
0 0.481985 0.026797 0.005147 0.024837
0 0.502206 0.093464 0.005882 0.032680
9 0.448529 0.079085 0.005882 0.022222
