3 0.472426 0.671242 0.044853 0.108497
3 0.468015 0.515686 0.031618 0.066667
3 0.472059 0.419608 0.026471 0.060131
3 0.472059 0.364706 0.019118 0.047059
3 0.469118 0.334641 0.020588 0.039216
3 0.440441 0.295425 0.016176 0.026144
3 0.525735 0.287582 0.016176 0.023529
4 0.470588 0.207190 0.010294 0.016993
3 0.485294 0.193464 0.007353 0.013072
3 0.483088 0.175163 0.004412 0.007843
3 0.469118 0.172549 0.007353 0.007843
3 0.498162 0.232680 0.011029 0.018301
3 0.482721 0.161438 0.005147 0.009150
3 0.444118 0.197386 0.007353 0.013072
3 0.448162 0.182353 0.011029 0.009150
3 0.449265 0.168627 0.005882 0.010458
3 0.459191 0.169281 0.006618 0.009150
4 0.467647 0.287582 0.013235 0.028758
3 0.467279 0.311111 0.016912 0.023529
3 0.454779 0.209150 0.008088 0.013072
8 0.448897 0.232026 0.016912 0.040523
3 0.609926 0.275163 0.019853 0.022222
3 0.694853 0.420915 0.032353 0.044444
3 0.634926 0.337255 0.022794 0.031373
4 0.618015 0.313072 0.012500 0.024837
6 0.555882 0.392810 0.019118 0.043137
7 0.577206 0.426144 0.020588 0.052288
0 0.555515 0.386275 0.011029 0.030065
0 0.558088 0.388889 0.005882 0.019608
4 0.782353 0.545098 0.052941 0.075817
0 0.613235 0.445098 0.007353 0.032680
9 0.612500 0.458170 0.008824 0.030065
0 0.751838 0.467320 0.009559 0.040523
0 0.808456 0.539216 0.006618 0.040523
0 0.813235 0.522876 0.005882 0.044444
0 0.805882 0.505882 0.007353 0.041830
0 0.804412 0.494771 0.007353 0.035294
0 0.784559 0.508497 0.007353 0.033987
0 0.793382 0.492810 0.007353 0.033987
0 0.763235 0.460131 0.007353 0.033987
1 0.768382 0.477778 0.013235 0.027451
0 0.528309 0.254902 0.005147 0.013072
0 0.529044 0.256863 0.005147 0.014379
9 0.528676 0.261438 0.004412 0.013072
2 0.496324 0.198693 0.005882 0.007843
2 0.503676 0.198693 0.002941 0.005229
2 0.499632 0.190850 0.005147 0.005229
0 0.495956 0.193464 0.002206 0.010458
0 0.503676 0.195425 0.002941 0.006536
4 0.148897 0.577778 0.091912 0.096732
3 0.301103 0.422222 0.038971 0.044444
3 0.319118 0.366667 0.027941 0.043137
3 0.338603 0.342484 0.022794 0.031373
3 0.346691 0.328105 0.022794 0.031373
3 0.339338 0.309150 0.036029 0.024837
3 0.363971 0.292157 0.019118 0.024837
3 0.364706 0.271895 0.023529 0.026144
6 0.237868 0.498039 0.037500 0.044444
6 0.157353 0.479085 0.039706 0.061438
6 0.210294 0.419608 0.048529 0.049673
7 0.044485 0.631373 0.038971 0.078431
9 0.117647 0.523529 0.032353 0.037908
9 0.094853 0.516993 0.026471 0.030065
9 0.054412 0.511111 0.027941 0.031373
9 0.068015 0.556863 0.018382 0.044444
9 0.075368 0.488889 0.018382 0.044444
9 0.130882 0.449020 0.020588 0.032680
9 0.093015 0.443791 0.016912 0.027451
9 0.105515 0.439216 0.018382 0.026144
9 0.109191 0.430719 0.019853 0.027451
9 0.022794 0.532026 0.016176 0.044444
9 0.206250 0.292157 0.011029 0.019608
9 0.189338 0.310458 0.011029 0.019608
9 0.016176 0.478431 0.014706 0.041830
9 0.005515 0.566013 0.011029 0.047059
9 0.009926 0.519608 0.013971 0.040523
2 0.057353 0.584967 0.027941 0.043137
9 0.054044 0.564706 0.018382 0.044444
2 0.176103 0.327451 0.013971 0.016993
2 0.169853 0.352288 0.017647 0.019608
9 0.179044 0.317647 0.015441 0.018301
9 0.271324 0.376471 0.013235 0.026144
0 0.259926 0.455556 0.008088 0.045752
0 0.238603 0.448366 0.006618 0.041830
0 0.240809 0.446405 0.006618 0.040523
0 0.249632 0.440523 0.011029 0.036601
0 0.220221 0.488889 0.011029 0.044444
0 0.154044 0.418301 0.009559 0.033987
0 0.243015 0.342484 0.006618 0.028758
0 0.253676 0.333987 0.005882 0.022222
0 0.250735 0.349673 0.005882 0.022222
0 0.248529 0.320915 0.007353 0.022222
2 0.135662 0.656863 0.027206 0.045752
9 0.220221 0.605229 0.019853 0.047059
9 0.226471 0.549020 0.022059 0.036601
0 0.225368 0.541176 0.013971 0.039216
0 0.219485 0.588235 0.013971 0.039216
0 0.133824 0.636601 0.014706 0.054902
1 0.005515 0.413072 0.011029 0.028758
9 0.093382 0.492810 0.013235 0.026144
0 0.308824 0.388235 0.007353 0.033987
0 0.318750 0.385621 0.006618 0.033987
9 0.324632 0.433987 0.011029 0.020915
0 0.323529 0.424183 0.005882 0.024837
4 0.579779 0.937908 0.109559 0.121569
0 0.897426 0.752288 0.018382 0.082353
0 0.951838 0.752288 0.013971 0.074510
0 0.935662 0.751634 0.016912 0.070588
0 0.888235 0.475163 0.007353 0.045752
0 0.882721 0.467320 0.008088 0.045752
0 0.958088 0.485621 0.007353 0.037908
0 0.996324 0.497386 0.007353 0.040523
0 0.875735 0.509150 0.007353 0.030065
2 0.964338 0.686928 0.046324 0.053595
2 0.900735 0.508497 0.011765 0.039216
9 0.874265 0.594118 0.020588 0.045752
9 0.976838 0.573856 0.016912 0.039216
9 0.990809 0.542484 0.012500 0.039216
9 0.869485 0.534641 0.016912 0.039216
0 0.968750 0.673856 0.019853 0.058824
