0 0.151562 0.964815 0.040625 0.066667
0 0.074479 0.959259 0.036458 0.081481
1 0.117188 0.903704 0.044792 0.062963
0 0.073438 0.927778 0.048958 0.077778
0 0.077604 0.886111 0.036458 0.072222
0 0.059896 0.859259 0.038542 0.066667
0 0.029687 0.866667 0.051042 0.085185
1 0.131771 0.844444 0.046875 0.077778
0 0.094792 0.833333 0.029167 0.081481
0 0.110937 0.799074 0.032292 0.072222
1 0.142708 0.801852 0.027083 0.048148
0 0.151562 0.758333 0.040625 0.075926
0 0.162500 0.726852 0.033333 0.079630
0 0.125000 0.725000 0.027083 0.075926
0 0.107292 0.718519 0.035417 0.074074
1 0.039583 0.663889 0.035417 0.061111
0 0.167187 0.699074 0.028125 0.075926
0 0.176042 0.676852 0.029167 0.079630
0 0.134896 0.687963 0.034375 0.079630
0 0.191146 0.646296 0.023958 0.074074
0 0.121354 0.630556 0.030208 0.079630
0 0.107812 0.563889 0.032292 0.079630
0 0.156771 0.644444 0.013542 0.062963
1 0.191146 0.602778 0.023958 0.057407
0 0.169792 0.602778 0.020833 0.094444
1 0.179688 0.573148 0.021875 0.031481
0 0.150000 0.592593 0.022917 0.066667
0 0.153646 0.568519 0.026042 0.070370
0 0.131771 0.547222 0.030208 0.087037
0 0.239062 0.539815 0.026042 0.079630
1 0.211979 0.521296 0.028125 0.050000
0 0.173958 0.535185 0.025000 0.077778
0 0.186979 0.502778 0.021875 0.072222
0 0.170833 0.512963 0.022917 0.059259
0 0.150000 0.504630 0.035417 0.075926
0 0.144271 0.465741 0.028125 0.068519
0 0.170313 0.470370 0.023958 0.074074
1 0.234896 0.472222 0.028125 0.059259
1 0.240104 0.450000 0.019792 0.051852
0 0.202604 0.466667 0.021875 0.070370
0 0.211458 0.450926 0.025000 0.068519
0 0.184896 0.441667 0.021875 0.075926
0 0.193750 0.425926 0.020833 0.066667
2 0.069792 0.483333 0.052083 0.055556
6 0.082292 0.456481 0.056250 0.050000
0 0.102083 0.411111 0.020833 0.070370
0 0.131771 0.420370 0.021875 0.070370
0 0.114062 0.391667 0.019792 0.061111
2 0.104688 0.381481 0.036458 0.051852
0 0.042188 0.411111 0.032292 0.077778
0 0.016146 0.420370 0.032292 0.074074
0 0.175521 0.410185 0.023958 0.079630
0 0.186458 0.338889 0.018750 0.070370
0 0.222396 0.423148 0.017708 0.068519
0 0.208854 0.404630 0.021875 0.061111
0 0.210938 0.385185 0.015625 0.051852
0 0.238021 0.400926 0.017708 0.075926
0 0.229687 0.381481 0.015625 0.062963
1 0.257812 0.373148 0.026042 0.053704
0 0.241667 0.358333 0.020833 0.057407
0 0.218750 0.355556 0.016667 0.059259
0 0.225000 0.338889 0.012500 0.040741
0 0.215104 0.318519 0.017708 0.051852
0 0.258333 0.330556 0.020833 0.057407
0 0.236979 0.322222 0.017708 0.051852
0 0.246354 0.306481 0.017708 0.057407
0 0.272396 0.306481 0.021875 0.068519
0 0.285417 0.298148 0.012500 0.070370
0 0.269271 0.286111 0.015625 0.057407
0 0.251042 0.284259 0.016667 0.072222
0 0.233854 0.261111 0.013542 0.059259
0 0.250521 0.244444 0.013542 0.051852
0 0.237500 0.240741 0.014583 0.044444
0 0.298958 0.287963 0.016667 0.064815
1 0.311979 0.288889 0.011458 0.033333
0 0.359375 0.738889 0.029167 0.100000
0 0.506250 0.740741 0.029167 0.096296
0 0.612500 0.729630 0.027083 0.111111
0 0.752604 0.741667 0.040625 0.098148
0 0.370833 0.603704 0.033333 0.088889
0 0.468229 0.589815 0.038542 0.090741
0 0.588542 0.591667 0.020833 0.075926
0 0.687500 0.559259 0.029167 0.092593
0 0.751563 0.619444 0.032292 0.090741
0 0.785937 0.618519 0.036458 0.077778
0 0.806250 0.704630 0.043750 0.087037
0 0.564063 0.481481 0.026042 0.077778
0 0.488542 0.468519 0.025000 0.085185
0 0.377604 0.489815 0.030208 0.079630
0 0.654167 0.472222 0.027083 0.081481
0 0.726562 0.462037 0.023958 0.075926
0 0.386979 0.423148 0.019792 0.079630
0 0.465625 0.410185 0.022917 0.075926
0 0.556250 0.405556 0.025000 0.066667
0 0.616667 0.388889 0.020833 0.074074
0 0.643750 0.386111 0.022917 0.075926
0 0.708333 0.375926 0.022917 0.074074
0 0.615104 0.348148 0.021875 0.074074
0 0.540625 0.341667 0.018750 0.061111
0 0.482812 0.352778 0.017708 0.064815
0 0.384896 0.357407 0.019792 0.074074
0 0.394792 0.306481 0.018750 0.072222
0 0.468229 0.307407 0.017708 0.066667
0 0.535417 0.289815 0.022917 0.064815
0 0.564583 0.281481 0.016667 0.074074
0 0.603125 0.306481 0.016667 0.057407
0 0.596354 0.280556 0.017708 0.057407
0 0.400521 0.239815 0.021875 0.061111
0 0.423437 0.234259 0.015625 0.057407
0 0.456250 0.249074 0.014583 0.057407
0 0.497396 0.241667 0.013542 0.064815
0 0.533854 0.229630 0.015625 0.062963
0 0.503125 0.216667 0.012500 0.051852
0 0.471875 0.227778 0.012500 0.048148
0 0.668229 0.962963 0.042708 0.074074
0 0.286458 0.649074 0.035417 0.098148
0 0.752604 0.962963 0.034375 0.074074
0 0.531250 0.967593 0.031250 0.064815
2 0.121354 0.339815 0.051042 0.038889
2 0.125000 0.325926 0.050000 0.033333
1 0.114583 0.312037 0.022917 0.064815
0 0.039062 0.314815 0.030208 0.070370
0 0.051042 0.300000 0.027083 0.066667
0 0.091667 0.270370 0.020833 0.066667
0 0.082292 0.260185 0.018750 0.064815
0 0.119271 0.265741 0.021875 0.061111
0 0.104167 0.262037 0.022917 0.061111
0 0.138542 0.241667 0.022917 0.068519
6 0.185938 0.150000 0.021875 0.051852
0 0.041146 0.150926 0.017708 0.046296
0 0.015625 0.113889 0.020833 0.046296
0 0.006250 0.117593 0.012500 0.046296
0 0.036979 0.057407 0.019792 0.048148
0 0.054688 0.024074 0.017708 0.048148
0 0.066667 0.027778 0.014583 0.048148
0 0.080208 0.020370 0.014583 0.040741
0 0.086979 0.019444 0.015625 0.038889
0 0.136979 0.047222 0.011458 0.046296
0 0.145313 0.046296 0.011458 0.040741
0 0.197917 0.059259 0.018750 0.055556
0 0.206250 0.058333 0.008333 0.031481
0 0.215625 0.061111 0.014583 0.051852
0 0.245833 0.091667 0.010417 0.035185
0 0.261458 0.081481 0.012500 0.051852
0 0.261458 0.073148 0.012500 0.050000
2 0.291667 0.133333 0.031250 0.033333
2 0.286979 0.140741 0.034375 0.033333
2 0.279687 0.152778 0.030208 0.027778
0 0.265625 0.165741 0.010417 0.053704
0 0.266667 0.177778 0.014583 0.059259
0 0.272396 0.269444 0.015625 0.061111
0 0.281250 0.253704 0.012500 0.055556
0 0.260937 0.219444 0.013542 0.053704
0 0.291667 0.268519 0.014583 0.055556
0 0.295312 0.246296 0.011458 0.040741
0 0.282292 0.228704 0.012500 0.050000
0 0.303125 0.237037 0.012500 0.048148
0 0.315625 0.238889 0.014583 0.062963
1 0.333333 0.257407 0.014583 0.037037
1 0.341667 0.248148 0.016667 0.033333
1 0.352083 0.249074 0.012500 0.057407
0 0.294271 0.223148 0.011458 0.038889
1 0.313021 0.215741 0.013542 0.042593
0 0.300000 0.199074 0.016667 0.050000
1 0.354167 0.218519 0.010417 0.025926
0 0.335938 0.206481 0.013542 0.057407
0 0.320312 0.210185 0.015625 0.061111
0 0.342708 0.192593 0.014583 0.055556
0 0.315625 0.195370 0.010417 0.046296
0 0.279687 0.179630 0.013542 0.051852
0 0.294271 0.179630 0.013542 0.044444
0 0.310417 0.175926 0.010417 0.048148
0 0.338021 0.167593 0.011458 0.042593
0 0.349479 0.174074 0.009375 0.055556
0 0.359375 0.181481 0.012500 0.051852
0 0.395313 0.157407 0.013542 0.051852
0 0.473958 0.193519 0.014583 0.050000
0 0.442708 0.166667 0.010417 0.029630
0 0.429688 0.136111 0.013542 0.053704
0 0.454167 0.129630 0.012500 0.051852
0 0.484375 0.107407 0.012500 0.051852
0 0.501042 0.133333 0.012500 0.055556
0 0.533854 0.200926 0.013542 0.061111
0 0.573958 0.221296 0.012500 0.068519
0 0.538542 0.182407 0.010417 0.057407
0 0.608333 0.256481 0.014583 0.053704
1 0.661979 0.324074 0.015625 0.044444
0 0.670312 0.291667 0.015625 0.064815
0 0.669271 0.260185 0.013542 0.057407
0 0.647396 0.225926 0.011458 0.055556
0 0.636458 0.219444 0.012500 0.057407
0 0.645833 0.184259 0.010417 0.057407
0 0.687500 0.227778 0.008333 0.048148
0 0.651563 0.164815 0.011458 0.048148
0 0.475521 0.047222 0.009375 0.053704
0 0.572917 0.023148 0.010417 0.042593
0 0.638542 0.082407 0.014583 0.050000
0 0.678646 0.155556 0.009375 0.029630
0 0.689583 0.134259 0.012500 0.053704
0 0.706250 0.145370 0.012500 0.053704
0 0.704688 0.226852 0.013542 0.064815
1 0.760938 0.222222 0.015625 0.048148
0 0.729167 0.242593 0.012500 0.051852
0 0.728125 0.273148 0.016667 0.068519
0 0.737500 0.350926 0.020833 0.064815
0 0.758333 0.362963 0.020833 0.066667
1 0.778125 0.399074 0.027083 0.038889
0 0.785937 0.429630 0.019792 0.040741
6 0.745313 0.293519 0.023958 0.068519
1 0.859896 0.374074 0.026042 0.066667
0 0.842708 0.312037 0.018750 0.072222
0 0.813542 0.443519 0.025000 0.083333
0 0.922917 0.700000 0.035417 0.088889
1 0.920833 0.652778 0.041667 0.057407
0 0.881250 0.634259 0.037500 0.090741
0 0.837500 0.577778 0.027083 0.085185
1 0.866146 0.544444 0.017708 0.055556
0 0.844271 0.545370 0.026042 0.072222
0 0.758854 0.164815 0.017708 0.066667
0 0.770833 0.158333 0.014583 0.064815
0 0.975521 0.903704 0.040625 0.074074
0 0.951042 0.725926 0.045833 0.088889
1 0.955729 0.672222 0.036458 0.070370
0 0.986458 0.750926 0.027083 0.087037
0 0.961979 0.212963 0.023958 0.070370
0 0.972917 0.218519 0.018750 0.062963
0 0.939063 0.032407 0.019792 0.050000
