0 0.584896 0.360185 0.028125 0.190741
0 0.454427 0.243519 0.024479 0.125926
2 0.535156 0.207870 0.038021 0.065741
5 0.220833 0.265741 0.263542 0.418519
3 0.062240 0.305093 0.124479 0.158333
3 0.054427 0.119907 0.089063 0.056481
5 0.303906 0.109259 0.173437 0.131481
4 0.530990 0.124074 0.074479 0.061111
3 0.774219 0.148611 0.092188 0.063889
4 0.620313 0.123611 0.061458 0.056481
3 0.538021 0.087500 0.016667 0.017593
3 0.568750 0.089352 0.016667 0.019444
3 0.585938 0.088889 0.016667 0.018519
5 0.631771 0.084722 0.032292 0.045370
6 0.555208 0.088426 0.009375 0.012037
2 0.522396 0.089815 0.008333 0.012963
3 0.651563 0.090741 0.016667 0.020370
5 0.673958 0.087963 0.031250 0.046296
2 0.693490 0.105556 0.006771 0.016667
2 0.718750 0.111111 0.013542 0.018519
9 0.711719 0.109259 0.014063 0.018519
2 0.705990 0.111111 0.013021 0.016667
