8 0.433456 0.877778 0.100735 0.244444
3 0.123162 0.030065 0.018382 0.023529
3 0.450368 0.412418 0.031618 0.058824
3 0.500735 0.416340 0.030882 0.056209
3 0.500368 0.349673 0.028676 0.050980
3 0.452574 0.341830 0.027206 0.050980
3 0.488971 0.296732 0.023529 0.041830
3 0.445221 0.267974 0.019853 0.036601
3 0.484926 0.257516 0.021324 0.033987
3 0.484559 0.230719 0.023529 0.035294
3 0.484191 0.200000 0.019853 0.031373
3 0.478676 0.177124 0.020588 0.030065
3 0.449632 0.216993 0.021324 0.039216
3 0.442647 0.183007 0.017647 0.031373
3 0.448897 0.158824 0.018382 0.027451
4 0.471324 0.149020 0.016176 0.033987
3 0.477574 0.136601 0.018382 0.027451
3 0.469485 0.120915 0.016912 0.024837
3 0.439706 0.126797 0.016176 0.026144
3 0.438971 0.107843 0.014706 0.019608
5 0.466544 0.096732 0.016912 0.028758
3 0.437132 0.092157 0.012500 0.019608
3 0.461397 0.088889 0.013971 0.020915
3 0.456618 0.078431 0.011765 0.018301
3 0.436765 0.081046 0.013235 0.018301
3 0.457353 0.071242 0.011765 0.016993
3 0.435294 0.068627 0.013235 0.016993
3 0.456250 0.059477 0.012500 0.016993
3 0.433088 0.061438 0.011765 0.015686
3 0.454044 0.052941 0.012500 0.016993
3 0.431985 0.051634 0.011029 0.014379
3 0.450000 0.045098 0.010294 0.016993
4 0.452941 0.035294 0.011765 0.020915
3 0.430882 0.043137 0.010294 0.015686
3 0.430882 0.033333 0.011765 0.014379
3 0.431250 0.025490 0.011029 0.014379
4 0.431618 0.013725 0.008824 0.014379
3 0.429412 0.020261 0.008824 0.014379
5 0.450000 0.014379 0.013235 0.028758
3 0.428309 0.007190 0.008088 0.014379
5 0.445588 0.007843 0.013235 0.015686
