8 0.367647 0.654902 0.085294 0.269281
3 0.467647 0.718954 0.051471 0.122876
3 0.502941 0.961438 0.070588 0.077124
3 0.640441 0.922876 0.097059 0.154248
4 0.518750 0.656863 0.046324 0.105882
3 0.537132 0.589542 0.040441 0.081046
0 0.265809 0.695425 0.013971 0.065359
0 0.153676 0.613725 0.011765 0.058824
2 0.094853 0.856209 0.025000 0.078431
1 0.097426 0.831373 0.021324 0.075817
2 0.240074 0.557516 0.012500 0.040523
1 0.239338 0.544444 0.012500 0.045752
2 0.269118 0.499346 0.010294 0.033987
2 0.289338 0.484967 0.009559 0.031373
2 0.299265 0.465359 0.007353 0.033987
2 0.287500 0.418301 0.008824 0.023529
2 0.272794 0.419608 0.008824 0.026144
2 0.299265 0.400000 0.007353 0.023529
2 0.281985 0.403922 0.006618 0.026144
2 0.085294 0.468627 0.023529 0.027451
2 0.101838 0.457516 0.019853 0.026144
2 0.068015 0.441830 0.021324 0.026144
2 0.080882 0.449673 0.023529 0.023529
9 0.104412 0.441830 0.022059 0.026144
9 0.102206 0.450980 0.020588 0.023529
1 0.080147 0.456863 0.011765 0.037908
1 0.080882 0.439216 0.011765 0.033987
1 0.068015 0.433987 0.012500 0.036601
1 0.098897 0.450327 0.009559 0.040523
1 0.100735 0.443137 0.008824 0.036601
1 0.105882 0.432680 0.011765 0.033987
3 0.107353 0.391503 0.051471 0.040523
1 0.269853 0.489542 0.011765 0.043137
1 0.290074 0.475817 0.009559 0.039216
1 0.298897 0.454248 0.006618 0.032680
1 0.299632 0.431373 0.008088 0.033987
1 0.274265 0.411765 0.007353 0.033987
1 0.288235 0.407843 0.007353 0.028758
1 0.281985 0.393464 0.008088 0.023529
1 0.299265 0.393464 0.007353 0.031373
9 0.284559 0.348366 0.016176 0.022222
9 0.330882 0.359477 0.005882 0.020915
9 0.338971 0.345098 0.005882 0.018301
9 0.353309 0.307190 0.005147 0.015686
9 0.342279 0.301961 0.005147 0.013072
9 0.347794 0.300000 0.004412 0.014379
1 0.283824 0.346405 0.007353 0.028758
1 0.331618 0.352941 0.007353 0.020915
1 0.338603 0.337908 0.006618 0.022222
1 0.353676 0.303268 0.004412 0.013072
1 0.348529 0.296732 0.004412 0.013072
1 0.342647 0.299346 0.004412 0.010458
0 0.336029 0.298693 0.004412 0.016993
0 0.338971 0.311111 0.004412 0.023529
0 0.319118 0.332026 0.005882 0.026144
0 0.322794 0.327451 0.005882 0.027451
5 0.299265 0.305882 0.025000 0.047059
2 0.969118 0.676471 0.026471 0.053595
2 0.839706 0.592810 0.020588 0.043137
2 0.843750 0.579085 0.022794 0.041830
2 0.898529 0.560131 0.032353 0.040523
2 0.871691 0.535294 0.019853 0.040523
2 0.836029 0.527451 0.020588 0.035294
2 0.823897 0.472549 0.011029 0.032680
2 0.812500 0.467974 0.022059 0.028758
2 0.836397 0.446405 0.019853 0.022222
2 0.854779 0.453595 0.016912 0.026144
9 0.906618 0.552288 0.033824 0.035294
9 0.916912 0.547059 0.029412 0.032680
9 0.770956 0.441176 0.021324 0.024837
1 0.911397 0.541176 0.011029 0.036601
1 0.917279 0.537255 0.012500 0.033987
1 0.901838 0.551634 0.012500 0.052288
1 0.842279 0.581046 0.013971 0.050980
1 0.844485 0.567974 0.015441 0.048366
1 0.837868 0.516993 0.016912 0.045752
1 0.833088 0.505882 0.008824 0.036601
1 0.873529 0.527451 0.013235 0.040523
9 0.831985 0.516340 0.015441 0.031373
0 0.793382 0.448366 0.007353 0.031373
0 0.800000 0.447712 0.008824 0.040523
0 0.898529 0.484314 0.010294 0.045752
2 0.916912 0.495425 0.011765 0.036601
9 0.905147 0.486928 0.014706 0.032680
3 0.673529 0.568627 0.051471 0.060131
8 0.656250 0.446405 0.083088 0.118954
3 0.599265 0.452288 0.035294 0.047059
3 0.470221 0.504575 0.031618 0.057516
4 0.424265 0.451634 0.023529 0.061438
3 0.457721 0.409150 0.022794 0.039216
3 0.446691 0.371242 0.021324 0.031373
3 0.470588 0.373856 0.020588 0.033987
8 0.513235 0.329412 0.036765 0.062745
3 0.530882 0.288235 0.026471 0.019608
3 0.412132 0.313072 0.015441 0.024837
3 0.445221 0.300654 0.013971 0.018301
3 0.475000 0.298693 0.014706 0.022222
3 0.483824 0.288889 0.014706 0.020915
3 0.475735 0.277124 0.011765 0.015686
3 0.483088 0.269935 0.010294 0.014379
3 0.460662 0.279739 0.011029 0.015686
8 0.499632 0.275163 0.021324 0.040523
3 0.454044 0.264052 0.011029 0.015686
3 0.461765 0.256209 0.010294 0.013072
3 0.437132 0.276471 0.013971 0.019608
3 0.422426 0.281699 0.012500 0.019608
3 0.404412 0.292157 0.013235 0.022222
3 0.423897 0.258170 0.011029 0.016993
3 0.410662 0.256209 0.011029 0.015686
3 0.411765 0.249020 0.010294 0.014379
3 0.459191 0.239869 0.008088 0.011765
3 0.449265 0.239869 0.007353 0.011765
3 0.443750 0.232680 0.006618 0.013072
3 0.452941 0.231373 0.007353 0.010458
3 0.433824 0.232680 0.008824 0.013072
3 0.447426 0.222876 0.008088 0.011765
3 0.440074 0.228105 0.006618 0.009150
3 0.436765 0.220915 0.007353 0.010458
4 0.427941 0.221569 0.005882 0.014379
8 0.437868 0.208497 0.009559 0.019608
8 0.436397 0.199346 0.009559 0.019608
