3 0.523438 0.278704 0.003125 0.009259
3 0.482812 0.383333 0.009375 0.014815
3 0.473438 0.407407 0.011458 0.022222
3 0.492188 0.478704 0.017708 0.031481
3 0.518750 0.450000 0.012500 0.022222
3 0.529167 0.686111 0.031250 0.057407
3 0.481250 0.694444 0.029167 0.051852
3 0.376563 0.812963 0.046875 0.081481
3 0.463542 0.435185 0.012500 0.022222
3 0.481771 0.370370 0.009375 0.014815
3 0.495312 0.365741 0.009375 0.012963
3 0.497917 0.330556 0.008333 0.012963
3 0.500521 0.316667 0.007292 0.014815
3 0.513021 0.289815 0.007292 0.009259
3 0.352604 0.627778 0.048958 0.037037
5 0.393750 0.631481 0.029167 0.081481
7 0.511979 0.639815 0.017708 0.042593
3 0.505208 0.301852 0.006250 0.011111
1 0.494792 0.372222 0.004167 0.011111
1 0.503125 0.370370 0.004167 0.011111
1 0.509896 0.366667 0.005208 0.011111
1 0.489063 0.440741 0.005208 0.014815
1 0.475521 0.459259 0.005208 0.014815
1 0.461979 0.533333 0.007292 0.022222
1 0.534896 0.520370 0.005208 0.018519
1 0.519792 0.538889 0.006250 0.022222
1 0.519271 0.537963 0.007292 0.024074
1 0.431250 0.633333 0.010417 0.025926
1 0.438021 0.653704 0.009375 0.025926
1 0.425521 0.687963 0.009375 0.031481
1 0.440625 0.699074 0.010417 0.031481
1 0.494271 0.792593 0.009375 0.033333
1 0.463542 0.800926 0.016667 0.042593
1 0.465625 0.791667 0.010417 0.035185
1 0.416146 0.822222 0.009375 0.040741
1 0.411979 0.829630 0.011458 0.040741
9 0.413021 0.853704 0.013542 0.040741
9 0.465104 0.814815 0.009375 0.044444
9 0.495312 0.816667 0.007292 0.037037
9 0.351042 0.761111 0.025000 0.025926
9 0.353125 0.743519 0.025000 0.031481
9 0.424479 0.702778 0.011458 0.035185
9 0.442188 0.714815 0.009375 0.037037
9 0.430729 0.649074 0.007292 0.035185
9 0.438542 0.666667 0.010417 0.029630
9 0.395313 0.555556 0.021875 0.022222
9 0.460938 0.545370 0.007292 0.024074
9 0.520312 0.548148 0.005208 0.025926
9 0.535937 0.529630 0.007292 0.018519
9 0.489583 0.448148 0.004167 0.014815
9 0.475000 0.467593 0.004167 0.016667
9 0.495833 0.377778 0.004167 0.014815
9 0.503125 0.375926 0.004167 0.014815
9 0.510417 0.374074 0.006250 0.014815
9 0.464062 0.448148 0.005208 0.014815
0 0.374479 0.750926 0.009375 0.053704
0 0.384896 0.750000 0.009375 0.051852
1 0.140104 0.937037 0.017708 0.051852
7 0.482812 0.500926 0.011458 0.031481
9 0.454167 0.517593 0.004167 0.020370
1 0.454687 0.507407 0.007292 0.014815
