1 0.242708 0.637963 0.020833 0.053704
1 0.272396 0.625926 0.015625 0.048148
0 0.273438 0.628704 0.007292 0.042593
0 0.356771 0.464815 0.011458 0.048148
0 0.488021 0.486111 0.011458 0.061111
0 0.502604 0.504630 0.013542 0.061111
0 0.518750 0.483333 0.010417 0.059259
0 0.527604 0.489815 0.009375 0.053704
0 0.536979 0.478704 0.011458 0.053704
0 0.546875 0.490741 0.010417 0.051852
0 0.841667 0.418519 0.010417 0.033333
0 0.848958 0.420370 0.010417 0.037037
0 0.979687 0.423148 0.009375 0.035185
3 0.912500 0.387963 0.037500 0.031481
4 0.945833 0.386111 0.039583 0.038889
3 0.982812 0.389815 0.034375 0.027778
4 0.985938 0.376852 0.028125 0.031481
