3 0.132812 0.127778 0.015625 0.051852
3 0.133073 0.180093 0.018229 0.056481
3 0.135677 0.248611 0.016146 0.054630
4 0.149219 0.137963 0.015104 0.051852
3 0.138021 0.321759 0.017708 0.056481
0 0.111458 0.229630 0.008333 0.014815
0 0.114844 0.226852 0.006771 0.016667
0 0.112500 0.328241 0.007292 0.013889
3 0.139844 0.389815 0.018229 0.055556
0 0.121094 0.407870 0.006771 0.013889
0 0.116146 0.417130 0.008333 0.015741
0 0.116667 0.468981 0.007292 0.015741
3 0.142708 0.450463 0.018750 0.056481
5 0.169531 0.384722 0.029687 0.112037
3 0.145052 0.516667 0.016146 0.053704
3 0.147656 0.586111 0.018229 0.061111
0 0.125260 0.651852 0.007812 0.012963
3 0.149479 0.668056 0.018750 0.065741
3 0.150781 0.734259 0.017188 0.057407
3 0.154167 0.818519 0.019792 0.064815
1 0.170052 0.852315 0.006771 0.015741
2 0.171094 0.854167 0.004687 0.025000
3 0.158073 0.894444 0.020313 0.064815
3 0.159896 0.976389 0.019792 0.047222
1 0.181510 0.958333 0.007812 0.011111
9 0.182031 0.959722 0.005729 0.028704
3 0.220052 0.673148 0.019271 0.066667
3 0.219792 0.946759 0.018750 0.071296
1 0.296094 0.009722 0.004687 0.012037
9 0.296615 0.011574 0.004687 0.019444
0 0.330729 0.032407 0.004167 0.018519
0 0.338281 0.066204 0.004687 0.015741
0 0.331771 0.079167 0.004167 0.017593
0 0.335677 0.084259 0.003646 0.012963
0 0.342969 0.106019 0.003646 0.013889
1 0.326042 0.092130 0.006250 0.013889
9 0.326042 0.091204 0.005208 0.021296
0 0.339583 0.146759 0.005208 0.017593
3 0.329427 0.179167 0.015104 0.047222
1 0.317448 0.193519 0.005729 0.011111
2 0.317969 0.193981 0.004687 0.019444
3 0.334896 0.234722 0.016667 0.049074
0 0.349479 0.254167 0.005208 0.015741
0 0.362240 0.271759 0.005729 0.017593
3 0.340625 0.301389 0.020833 0.049074
3 0.346615 0.365278 0.017188 0.050926
3 0.354687 0.420833 0.020833 0.050926
9 0.377344 0.401852 0.006771 0.022222
3 0.296615 0.431019 0.017188 0.054630
3 0.308854 0.585185 0.017708 0.062963
3 0.319792 0.752315 0.018750 0.062037
3 0.303385 0.922685 0.020313 0.065741
3 0.335677 0.942130 0.020313 0.073148
3 0.310937 0.980093 0.021875 0.039815
3 0.279948 0.106019 0.015104 0.047222
8 0.197396 0.116667 0.030208 0.138889
3 0.403906 0.011111 0.028646 0.022222
3 0.478125 0.072222 0.029167 0.025926
3 0.478125 0.145833 0.030208 0.026852
4 0.403906 0.175463 0.025521 0.026852
3 0.482031 0.172222 0.028646 0.027778
3 0.478125 0.255556 0.030208 0.027778
1 0.396094 0.432870 0.005729 0.012037
0 0.393750 0.474537 0.004167 0.012037
0 0.453906 0.432870 0.005729 0.013889
9 0.493229 0.422685 0.011458 0.010185
9 0.496875 0.431944 0.010417 0.010185
9 0.498177 0.449074 0.011979 0.011111
0 0.461458 0.499537 0.005208 0.013889
0 0.507031 0.456944 0.004687 0.012037
0 0.509375 0.465741 0.006250 0.011111
0 0.513542 0.461574 0.004167 0.013889
0 0.522396 0.468519 0.005208 0.012963
0 0.510156 0.511111 0.004687 0.011111
0 0.497656 0.517130 0.003646 0.010185
0 0.508854 0.522222 0.005208 0.011111
0 0.368490 0.467593 0.004687 0.016667
0 0.421875 0.543519 0.004167 0.012963
0 0.357812 0.561111 0.004167 0.011111
3 0.381771 0.558796 0.029167 0.043519
3 0.404687 0.584722 0.033333 0.036111
4 0.465365 0.532407 0.035937 0.033333
3 0.441667 0.566667 0.034375 0.029630
4 0.473438 0.572685 0.026042 0.026852
9 0.472396 0.588426 0.012500 0.010185
3 0.391927 0.623148 0.031771 0.031481
3 0.424479 0.617130 0.028125 0.028704
0 0.366667 0.630556 0.006250 0.011111
3 0.395573 0.657870 0.032813 0.037963
0 0.391406 0.674074 0.003646 0.014815
3 0.430990 0.642593 0.031771 0.033333
0 0.446615 0.647222 0.005729 0.014815
3 0.468490 0.671296 0.032813 0.029630
9 0.513542 0.557870 0.006250 0.021296
4 0.535417 0.494907 0.030208 0.026852
0 0.557292 0.459722 0.006250 0.012037
0 0.560677 0.471296 0.004687 0.012963
3 0.588281 0.500463 0.027604 0.026852
4 0.494792 0.689352 0.017708 0.056481
4 0.468750 0.715741 0.029167 0.042593
4 0.470312 0.763426 0.030208 0.034259
2 0.489323 0.759722 0.004687 0.023148
2 0.530469 0.766667 0.010937 0.016667
2 0.536458 0.781481 0.012500 0.011111
9 0.529948 0.836111 0.007812 0.024074
0 0.444531 0.855556 0.005729 0.012963
3 0.358854 0.750463 0.018750 0.060185
3 0.378906 0.731019 0.018229 0.062037
3 0.384115 0.798148 0.018229 0.059259
3 0.390104 0.875926 0.017708 0.066667
3 0.398958 0.956944 0.019792 0.076852
9 0.496615 0.881944 0.006771 0.025000
4 0.482812 0.954630 0.031250 0.037037
3 0.497656 0.987037 0.032813 0.025926
3 0.520833 0.937500 0.026042 0.065741
9 0.564844 0.947685 0.009896 0.023148
1 0.534635 0.924537 0.006771 0.013889
9 0.533854 0.923611 0.007292 0.025000
0 0.632812 0.423148 0.004167 0.011111
1 0.650521 0.455093 0.006250 0.013889
9 0.651042 0.456019 0.006250 0.021296
0 0.648958 0.495833 0.007292 0.015741
0 0.671875 0.469907 0.005208 0.013889
1 0.668490 0.619907 0.004687 0.008333
1 0.670052 0.625463 0.004687 0.008333
0 0.670573 0.631019 0.004687 0.008333
9 0.668229 0.622685 0.006250 0.019444
1 0.659635 0.635648 0.005729 0.012037
9 0.659115 0.637500 0.006771 0.021296
9 0.662240 0.673148 0.004687 0.020370
1 0.662760 0.671296 0.005729 0.011111
3 0.669531 0.543056 0.019271 0.050926
2 0.710677 0.427315 0.004687 0.021296
2 0.717969 0.417130 0.011979 0.013889
0 0.729167 0.436111 0.006250 0.011111
6 0.747135 0.423148 0.015104 0.037037
2 0.754948 0.418519 0.005729 0.022222
9 0.766927 0.411574 0.014063 0.012037
3 0.776563 0.436574 0.031250 0.045370
3 0.807812 0.438889 0.034375 0.040741
3 0.852865 0.427315 0.019271 0.054630
3 0.873177 0.420833 0.018229 0.054630
3 0.892448 0.420370 0.017188 0.051852
3 0.911458 0.425463 0.017708 0.052778
3 0.930990 0.426389 0.020313 0.047222
3 0.977083 0.422685 0.022917 0.056481
4 0.990885 0.411574 0.018229 0.049074
3 0.899740 0.508796 0.034896 0.026852
1 0.720313 0.482870 0.007292 0.012037
9 0.720052 0.483333 0.013021 0.009259
1 0.714063 0.588889 0.005208 0.011111
0 0.688542 0.556481 0.006250 0.011111
0 0.684896 0.570833 0.006250 0.013889
1 0.687240 0.613426 0.007812 0.012037
1 0.688021 0.624074 0.005208 0.011111
9 0.687240 0.617130 0.005729 0.028704
0 0.693750 0.674074 0.006250 0.011111
3 0.993490 0.525000 0.013021 0.059259
