0 0.050735 0.684967 0.025000 0.083660
1 0.065074 0.655556 0.021324 0.043137
1 0.045956 0.659477 0.021324 0.043137
1 0.040809 0.662092 0.021324 0.043137
0 0.543015 0.510458 0.016912 0.071895
0 0.637868 0.698693 0.016912 0.079739
0 0.661397 0.703922 0.019853 0.082353
0 0.915441 0.822876 0.023529 0.079739
9 0.761397 0.688235 0.044853 0.069281
3 0.829779 0.958824 0.097794 0.082353
3 0.744118 0.818301 0.122059 0.175163
0 0.658456 0.853595 0.021324 0.094118
0 0.669485 0.847712 0.021324 0.092810
7 0.878309 0.539216 0.058088 0.129412
6 0.808824 0.530719 0.052941 0.104575
6 0.849265 0.490850 0.070588 0.077124
3 0.696324 0.574510 0.089706 0.111111
0 0.646691 0.652288 0.013971 0.041830
1 0.533824 0.641830 0.019118 0.060131
9 0.533088 0.654902 0.027941 0.073203
4 0.590809 0.533987 0.072794 0.105882
0 0.741544 0.476471 0.013971 0.064052
1 0.725000 0.432680 0.011765 0.028758
6 0.738235 0.450327 0.058824 0.050980
6 0.925368 0.487582 0.056618 0.083660
0 0.933824 0.452288 0.016176 0.057516
0 0.962868 0.427451 0.018382 0.057516
3 0.542279 0.433333 0.052206 0.077124
3 0.616544 0.450327 0.027206 0.053595
3 0.580147 0.360784 0.029412 0.039216
0 0.065441 0.469281 0.020588 0.067974
0 0.057721 0.464052 0.015441 0.060131
6 0.267279 0.420915 0.046324 0.062745
9 0.226838 0.420915 0.033088 0.044444
1 0.454779 0.430065 0.009559 0.039216
1 0.453676 0.419608 0.016176 0.047059
1 0.413603 0.354902 0.012500 0.045752
1 0.433088 0.321569 0.011765 0.039216
1 0.425000 0.285621 0.011765 0.032680
2 0.433824 0.336601 0.011765 0.035294
2 0.455515 0.432026 0.018382 0.048366
2 0.415074 0.364052 0.018382 0.048366
9 0.104779 0.433333 0.022794 0.053595
9 0.066544 0.417647 0.040441 0.043137
1 0.213603 0.363399 0.012500 0.031373
3 0.236397 0.381046 0.096324 0.082353
0 0.072794 0.319608 0.014706 0.045752
1 0.096691 0.320261 0.015441 0.047059
1 0.081618 0.295425 0.016176 0.028758
2 0.113603 0.273203 0.013971 0.036601
0 0.155515 0.298039 0.013971 0.028758
9 0.559559 0.342484 0.014706 0.041830
3 0.491912 0.350980 0.055882 0.074510
2 0.518015 0.322222 0.027206 0.022222
6 0.563971 0.294771 0.041176 0.061438
6 0.611765 0.286928 0.048529 0.058824
6 0.615441 0.241830 0.042647 0.044444
6 0.573897 0.258824 0.041912 0.033987
1 0.554412 0.247059 0.011765 0.028758
1 0.577206 0.250980 0.013235 0.026144
1 0.591912 0.244444 0.013235 0.026144
1 0.582353 0.239869 0.010294 0.024837
1 0.526103 0.236601 0.011029 0.026144
2 0.551838 0.223529 0.021324 0.028758
0 0.123162 0.265359 0.009559 0.033987
0 0.133456 0.258170 0.015441 0.050980
0 0.087868 0.261438 0.013971 0.047059
1 0.070588 0.265359 0.014706 0.031373
1 0.071691 0.258824 0.016912 0.028758
1 0.074632 0.254902 0.012500 0.026144
9 0.110662 0.227451 0.022794 0.028758
9 0.125368 0.153595 0.018382 0.019608
9 0.131618 0.142484 0.019118 0.023529
0 0.124632 0.084314 0.008088 0.032680
0 0.142647 0.132026 0.008824 0.033987
3 0.154779 0.115033 0.043382 0.039216
3 0.265809 0.302614 0.059559 0.077124
3 0.310662 0.207843 0.028676 0.052288
3 0.302574 0.116340 0.024265 0.036601
3 0.282721 0.064706 0.022794 0.040523
3 0.299632 0.030065 0.018382 0.026144
3 0.275000 0.034641 0.019118 0.030065
3 0.364338 0.086928 0.022794 0.030065
3 0.258088 0.266667 0.033824 0.057516
3 0.250368 0.226144 0.034559 0.057516
3 0.248162 0.183007 0.030147 0.047059
2 0.235662 0.158824 0.015441 0.027451
1 0.278676 0.160131 0.011765 0.032680
1 0.300000 0.143137 0.007353 0.024837
1 0.265074 0.106536 0.008088 0.032680
1 0.347426 0.083007 0.006618 0.019608
3 0.346324 0.050327 0.022059 0.027451
2 0.278309 0.170588 0.008088 0.032680
2 0.300368 0.154902 0.009559 0.027451
2 0.265441 0.113725 0.007353 0.023529
3 0.230147 0.133987 0.042647 0.037908
3 0.247059 0.115686 0.020588 0.040523
3 0.166912 0.077778 0.041176 0.032680
3 0.436397 0.237255 0.034559 0.056209
0 0.425735 0.086275 0.008824 0.031373
0 0.418015 0.087582 0.008088 0.031373
0 0.418015 0.055556 0.005147 0.030065
3 0.395588 0.071242 0.042647 0.030065
3 0.396324 0.061438 0.030882 0.023529
3 0.376838 0.037255 0.037500 0.024837
3 0.369853 0.020261 0.038235 0.024837
0 0.393015 0.025490 0.006618 0.022222
0 0.401471 0.020915 0.004412 0.023529
3 0.337132 0.031373 0.018382 0.023529
3 0.332353 0.021569 0.019118 0.024837
0 0.311765 0.013072 0.005882 0.026144
0 0.301471 0.014379 0.005882 0.026144
