5 0.399265 0.552941 0.441176 0.222222
5 0.431250 0.424837 0.394853 0.143791
5 0.451103 0.377124 0.286029 0.100654
5 0.481618 0.309804 0.319118 0.128105
5 0.491544 0.269281 0.303676 0.088889
5 0.528676 0.222222 0.233824 0.088889
5 0.525000 0.194118 0.275000 0.082353
5 0.506250 0.139869 0.202206 0.078431
5 0.456250 0.107843 0.233088 0.077124
5 0.446324 0.069935 0.242647 0.066667
5 0.447059 0.050327 0.241176 0.050980
5 0.444118 0.025490 0.241176 0.050980
5 0.404412 0.882353 0.498529 0.235294
5 0.726838 0.034641 0.143382 0.069281
