3 0.731250 0.967974 0.066912 0.064052
4 0.580882 0.828105 0.029412 0.084967
3 0.504412 0.915033 0.035294 0.120261
3 0.560294 0.643137 0.022059 0.062745
3 0.632721 0.383007 0.033088 0.031373
3 0.625368 0.317647 0.036029 0.028758
3 0.606250 0.293464 0.028676 0.022222
4 0.322794 0.976471 0.075000 0.047059
3 0.334926 0.910458 0.080147 0.064052
3 0.364338 0.788235 0.062500 0.062745
3 0.434559 0.732026 0.032353 0.096732
6 0.445956 0.647712 0.024265 0.058824
3 0.484191 0.750980 0.025735 0.090196
3 0.406250 0.572549 0.046324 0.036601
3 0.408088 0.541830 0.044118 0.032680
3 0.518750 0.670588 0.025735 0.081046
3 0.487868 0.631373 0.024265 0.073203
3 0.491544 0.544444 0.019853 0.058824
3 0.523162 0.577778 0.022794 0.070588
3 0.514338 0.398039 0.019853 0.043137
3 0.558456 0.462092 0.018382 0.043137
0 0.453309 0.218301 0.003676 0.023529
3 0.459926 0.292810 0.031618 0.023529
3 0.464338 0.267974 0.034559 0.026144
3 0.465441 0.250327 0.033824 0.019608
3 0.498897 0.305229 0.022794 0.040523
6 0.557721 0.371242 0.011029 0.028758
1 0.556985 0.365359 0.006618 0.022222
3 0.648162 0.158170 0.015441 0.020915
3 0.620588 0.150327 0.022059 0.020915
0 0.573162 0.060784 0.002206 0.014379
3 0.523529 0.085621 0.008824 0.019608
3 0.584926 0.224183 0.013971 0.022222
3 0.533088 0.128758 0.010294 0.022222
3 0.542279 0.119608 0.006618 0.019608
3 0.538971 0.086275 0.010294 0.015686
0 0.540074 0.103268 0.003676 0.018301
3 0.535294 0.107843 0.008824 0.022222
3 0.599632 0.127451 0.019853 0.014379
3 0.598897 0.117647 0.021324 0.013072
3 0.595588 0.110458 0.020588 0.016993
6 0.583456 0.133987 0.005147 0.014379
3 0.557353 0.253595 0.011765 0.023529
3 0.559559 0.281046 0.014706 0.026144
9 0.588971 0.373203 0.004412 0.024837
1 0.588971 0.367974 0.005882 0.022222
9 0.577574 0.333333 0.005147 0.018301
1 0.577941 0.328105 0.005882 0.020915
