3 0.047917 0.241204 0.042708 0.026852
4 0.054688 0.219907 0.053125 0.036111
9 0.090104 0.200926 0.010417 0.009259
1 0.079427 0.247222 0.006771 0.018519
9 0.082031 0.253704 0.014063 0.014815
1 0.045312 0.245370 0.006250 0.014815
0 0.065625 0.267593 0.006250 0.018519
1 0.054688 0.312037 0.007292 0.022222
7 0.095833 0.287037 0.013542 0.035185
1 0.110417 0.279630 0.008333 0.024074
3 0.115365 0.258333 0.025521 0.027778
1 0.104427 0.232407 0.004687 0.016667
9 0.105990 0.239352 0.014063 0.013889
1 0.114062 0.216667 0.005208 0.020370
9 0.154688 0.166667 0.010417 0.012963
8 0.165885 0.193519 0.047396 0.048148
1 0.119010 0.231481 0.006771 0.018519
9 0.121615 0.238426 0.014063 0.012037
7 0.138802 0.251389 0.021354 0.028704
7 0.166146 0.214352 0.017708 0.021296
9 0.189323 0.218519 0.011979 0.016667
1 0.166927 0.234259 0.005729 0.018519
1 0.171354 0.239352 0.006250 0.017593
9 0.167187 0.240741 0.009375 0.011111
9 0.174479 0.247222 0.010417 0.011111
3 0.167969 0.261574 0.026562 0.026852
7 0.152344 0.273148 0.014063 0.031481
0 0.154167 0.290741 0.006250 0.025926
1 0.145052 0.304630 0.005729 0.016667
9 0.146615 0.315278 0.009896 0.015741
7 0.178385 0.284722 0.011979 0.034259
1 0.159896 0.297685 0.006250 0.023148
0 0.167448 0.308796 0.006771 0.025000
0 0.162240 0.309722 0.003646 0.023148
1 0.195833 0.268056 0.005208 0.017593
9 0.196354 0.277778 0.007292 0.016667
0 0.205990 0.255556 0.003646 0.022222
0 0.209635 0.256019 0.004687 0.028704
0 0.213281 0.243981 0.004687 0.023148
0 0.219531 0.253241 0.005729 0.025000
0 0.227604 0.244907 0.005208 0.023148
3 0.239583 0.224074 0.028125 0.025926
3 0.258854 0.240278 0.017708 0.025000
4 0.260417 0.282407 0.020833 0.033333
0 0.254688 0.212963 0.004167 0.018519
0 0.262240 0.212037 0.005729 0.020370
0 0.270573 0.209722 0.005729 0.021296
0 0.255208 0.193981 0.004167 0.015741
9 0.255469 0.197222 0.013021 0.011111
0 0.280990 0.207870 0.004687 0.019444
1 0.278385 0.197685 0.005729 0.017593
3 0.182292 0.167593 0.008333 0.014815
5 0.232552 0.172222 0.013021 0.035185
3 0.235677 0.156019 0.011979 0.017593
3 0.238542 0.137963 0.010417 0.016667
3 0.312240 0.148148 0.010937 0.014815
3 0.311719 0.136574 0.010937 0.012037
7 0.230729 0.110185 0.006250 0.016667
4 0.293490 0.090278 0.007812 0.019444
3 0.261198 0.056944 0.007812 0.010185
8 0.273698 0.034259 0.006771 0.014815
3 0.275521 0.044907 0.005208 0.012037
3 0.274479 0.061574 0.006250 0.010185
0 0.369792 0.150926 0.003125 0.016667
0 0.383073 0.203704 0.004687 0.020370
0 0.378646 0.213426 0.004167 0.021296
4 0.432552 0.209259 0.027604 0.024074
0 0.387760 0.292130 0.005729 0.026852
0 0.416667 0.282870 0.004167 0.023148
0 0.451042 0.290278 0.004167 0.023148
0 0.447135 0.294907 0.003646 0.023148
0 0.445052 0.361574 0.004687 0.028704
0 0.440104 0.356481 0.005208 0.024074
0 0.434635 0.356944 0.005729 0.032407
0 0.432552 0.323611 0.004687 0.025000
9 0.530729 0.395833 0.006250 0.023148
7 0.513802 0.407407 0.016146 0.035185
0 0.392188 0.393981 0.006250 0.032407
1 0.408854 0.385185 0.006250 0.024074
7 0.400781 0.408333 0.011979 0.037037
0 0.374479 0.456944 0.007292 0.036111
0 0.354948 0.461111 0.005729 0.033333
3 0.391406 0.482407 0.023438 0.044444
7 0.400260 0.445370 0.013021 0.042593
0 0.426302 0.616204 0.010937 0.047222
0 0.446875 0.512500 0.007292 0.041667
0 0.465365 0.550463 0.008854 0.045370
9 0.483854 0.586574 0.026042 0.025000
9 0.480990 0.573148 0.023438 0.024074
3 0.081771 0.449074 0.041667 0.051852
3 0.457813 0.695370 0.011458 0.048148
0 0.444531 0.714815 0.006771 0.042593
0 0.451823 0.711574 0.006771 0.037963
0 0.406771 0.703704 0.008333 0.042593
9 0.501823 0.687500 0.013021 0.056481
9 0.474479 0.693981 0.008333 0.043519
9 0.457031 0.665278 0.010937 0.023148
9 0.487240 0.689815 0.010937 0.038889
7 0.488802 0.741204 0.021354 0.058333
9 0.561979 0.682870 0.023958 0.026852
1 0.552865 0.750463 0.006771 0.025000
1 0.556250 0.754167 0.006250 0.050926
9 0.551562 0.764815 0.034375 0.035185
0 0.571094 0.570370 0.008854 0.048148
7 0.594792 0.589352 0.031250 0.084259
9 0.531510 0.512963 0.022396 0.024074
9 0.568229 0.472685 0.010417 0.023148
2 0.591667 0.724074 0.011458 0.044444
5 0.586979 0.804630 0.088542 0.090741
1 0.297917 0.980556 0.020833 0.035185
0 0.348438 0.855093 0.012500 0.065741
7 0.323437 0.859722 0.021875 0.112037
0 0.294010 0.775000 0.010937 0.061111
2 0.302865 0.783333 0.010937 0.055556
7 0.374740 0.724537 0.032813 0.087963
7 0.081510 0.314352 0.024479 0.036111
7 0.108333 0.314352 0.017708 0.039815
1 0.102865 0.343981 0.008854 0.025000
2 0.102604 0.354167 0.012500 0.015741
1 0.115885 0.349074 0.006771 0.025926
1 0.070052 0.383333 0.008854 0.024074
9 0.070833 0.392593 0.012500 0.031481
7 0.132552 0.354167 0.022396 0.045370
1 0.157812 0.349537 0.006250 0.017593
1 0.174740 0.325926 0.006771 0.018519
9 0.174479 0.334722 0.006250 0.021296
1 0.172917 0.367130 0.007292 0.023148
9 0.173698 0.375926 0.009896 0.020370
3 0.095312 0.404630 0.034375 0.046296
0 0.035156 0.509722 0.010937 0.045370
1 0.069271 0.431019 0.007292 0.025000
1 0.013281 0.507870 0.010937 0.026852
0 0.004948 0.458796 0.007812 0.034259
0 0.011458 0.456019 0.008333 0.037963
3 0.043490 0.493056 0.047396 0.058333
3 0.017188 0.553241 0.034375 0.060185
8 0.038802 0.681481 0.077604 0.190741
9 0.752344 0.781019 0.016146 0.054630
7 0.849219 0.778704 0.039062 0.100000
2 0.804167 0.773611 0.008333 0.047222
2 0.816406 0.775000 0.010937 0.051852
7 0.985938 0.782407 0.028125 0.066667
9 0.725521 0.968056 0.028125 0.063889
9 0.744792 0.953241 0.023958 0.086111
9 0.764583 0.959722 0.026042 0.071296
9 0.780208 0.950463 0.016667 0.076852
9 0.799219 0.954630 0.019271 0.074074
9 0.815104 0.950926 0.016667 0.066667
9 0.835938 0.949074 0.025000 0.064815
9 0.867969 0.946296 0.032813 0.064815
9 0.883073 0.953704 0.029687 0.051852
9 0.901562 0.939815 0.033333 0.066667
9 0.919010 0.930556 0.025521 0.077778
9 0.938542 0.929167 0.040625 0.065741
9 0.957552 0.925000 0.036979 0.066667
9 0.984896 0.918056 0.030208 0.069444
4 0.905208 0.763426 0.082292 0.100926
