3 0.568750 0.919608 0.041912 0.118954
3 0.722059 0.691503 0.042647 0.083660
3 0.473897 0.713072 0.033088 0.092810
1 0.299265 0.850327 0.013235 0.030065
2 0.300000 0.858170 0.016176 0.079739
3 0.755882 0.430065 0.045588 0.044444
1 0.609559 0.469281 0.008824 0.020915
9 0.608088 0.480392 0.008824 0.030065
3 0.508088 0.430719 0.025000 0.053595
3 0.462500 0.379739 0.023529 0.045752
4 0.386765 0.435294 0.025000 0.078431
3 0.413603 0.342484 0.019853 0.052288
3 0.458456 0.300654 0.019853 0.039216
3 0.627574 0.316340 0.038971 0.036601
6 0.682353 0.167974 0.019118 0.019608
1 0.668382 0.157516 0.005882 0.016993
1 0.659926 0.157516 0.005147 0.016993
9 0.640809 0.116340 0.009559 0.015686
0 0.636029 0.090196 0.002941 0.020915
3 0.580147 0.145098 0.026471 0.023529
4 0.559926 0.168627 0.019853 0.036601
1 0.543750 0.138562 0.005147 0.013072
2 0.543382 0.147712 0.002941 0.015686
5 0.452574 0.186928 0.015441 0.039216
3 0.410294 0.184967 0.017647 0.035294
4 0.446691 0.121569 0.015441 0.036601
7 0.425368 0.105882 0.008088 0.023529
5 0.479412 0.094771 0.017647 0.040523
3 0.590074 0.035294 0.025735 0.018301
3 0.563235 0.019608 0.023529 0.018301
0 0.560294 0.027451 0.004412 0.015686
3 0.526103 0.035294 0.012500 0.020915
5 0.569485 0.011111 0.043382 0.022222
1 0.505882 0.026144 0.004412 0.010458
1 0.507721 0.012418 0.003676 0.009150
1 0.502574 0.008497 0.003676 0.009150
2 0.505515 0.033987 0.003676 0.010458
2 0.507721 0.020261 0.003676 0.009150
2 0.502574 0.015686 0.005147 0.007843
1 0.517279 0.088889 0.003676 0.010458
6 0.517647 0.098039 0.004412 0.013072
3 0.277941 0.290850 0.023529 0.048366
1 0.466912 0.073203 0.004412 0.013072
9 0.466176 0.079739 0.004412 0.010458
1 0.467279 0.045098 0.003676 0.011765
9 0.466912 0.053595 0.004412 0.010458
0 0.235662 0.355556 0.006618 0.031373
0 0.326838 0.170588 0.003676 0.022222
0 0.330147 0.161438 0.004412 0.019608
0 0.318015 0.192810 0.003676 0.022222
5 0.304412 0.171895 0.025000 0.056209
3 0.326838 0.094771 0.015441 0.024837
3 0.333824 0.074510 0.013235 0.023529
4 0.343382 0.033333 0.011765 0.027451
3 0.350735 0.013072 0.011765 0.018301
1 0.363235 0.012418 0.002941 0.009150
9 0.363235 0.020261 0.002941 0.011765
3 0.115441 0.101307 0.022059 0.027451
0 0.151471 0.129412 0.005882 0.023529
2 0.150000 0.131373 0.013235 0.011765
0 0.150735 0.120261 0.004412 0.020915
0 0.179779 0.084314 0.005147 0.022222
3 0.201103 0.086928 0.031618 0.024837
3 0.226838 0.058824 0.013971 0.020915
1 0.221691 0.035294 0.005147 0.013072
0 0.225735 0.022876 0.002941 0.014379
0 0.218750 0.012418 0.002206 0.009150
0 0.226838 0.016993 0.003676 0.018301
1 0.234926 0.020915 0.003676 0.010458
1 0.776103 0.748366 0.018382 0.043137
9 0.774265 0.768627 0.017647 0.044444
