3 0.736719 0.423148 0.030729 0.046296
0 0.753385 0.497685 0.011979 0.045370
3 0.817708 0.550463 0.033333 0.056481
0 0.858073 0.547685 0.008854 0.041667
0 0.957552 0.924537 0.020313 0.065741
9 0.604688 0.341667 0.007292 0.020370
2 0.611719 0.344907 0.005729 0.021296
2 0.625000 0.347222 0.005208 0.024074
2 0.631771 0.348148 0.007292 0.025926
2 0.638281 0.350000 0.006771 0.022222
3 0.650260 0.866204 0.108854 0.106481
3 0.658333 0.800926 0.094792 0.094444
3 0.650260 0.756481 0.084896 0.077778
3 0.659635 0.711111 0.095312 0.079630
3 0.669792 0.677778 0.094792 0.072222
3 0.669792 0.642593 0.083333 0.077778
3 0.666667 0.606481 0.081250 0.068519
4 0.658333 0.563889 0.062500 0.051852
3 0.667969 0.553241 0.067187 0.058333
3 0.660677 0.527778 0.060937 0.048148
3 0.667188 0.508333 0.063542 0.051852
3 0.665885 0.489352 0.069271 0.047222
3 0.672656 0.465741 0.066146 0.062963
4 0.682292 0.448148 0.065625 0.066667
4 0.678906 0.420833 0.075521 0.082407
3 0.602604 0.422222 0.058333 0.037037
3 0.601562 0.440278 0.061458 0.041667
3 0.588542 0.451389 0.060417 0.037963
3 0.587240 0.473148 0.063021 0.044444
3 0.579688 0.489815 0.064583 0.042593
3 0.576823 0.507870 0.066146 0.039815
3 0.576042 0.527778 0.069792 0.051852
3 0.566667 0.557870 0.069792 0.058333
4 0.571354 0.572222 0.077083 0.062963
3 0.562500 0.604167 0.081250 0.049074
3 0.551562 0.641667 0.088542 0.070370
3 0.547396 0.675463 0.088542 0.075000
3 0.531510 0.719907 0.092188 0.078704
3 0.510417 0.761111 0.094792 0.088889
0 0.528125 0.522222 0.008333 0.044444
0 0.511979 0.515278 0.013542 0.043519
0 0.518750 0.515741 0.007292 0.040741
0 0.329167 0.282407 0.005208 0.022222
2 0.261979 0.268519 0.007292 0.022222
2 0.250521 0.268056 0.009375 0.021296
0 0.233854 0.269444 0.006250 0.027778
2 0.221875 0.261111 0.006250 0.020370
2 0.229167 0.262037 0.006250 0.018519
2 0.238542 0.268056 0.008333 0.017593
2 0.239323 0.261574 0.013021 0.017593
0 0.103646 0.239815 0.007292 0.031481
2 0.123437 0.252778 0.014583 0.020370
0 0.064844 0.227778 0.004687 0.025926
9 0.073438 0.228241 0.014583 0.019444
3 0.013281 0.258333 0.026562 0.029630
3 0.483333 0.381019 0.050000 0.039815
3 0.459896 0.400926 0.054167 0.040741
3 0.457031 0.417130 0.050521 0.041667
3 0.441406 0.431481 0.064062 0.048148
3 0.438281 0.449537 0.051562 0.047222
3 0.421875 0.468056 0.064583 0.052778
3 0.411458 0.480556 0.062500 0.051852
3 0.404948 0.505556 0.064062 0.051852
3 0.388802 0.525463 0.068229 0.060185
3 0.375000 0.554630 0.071875 0.062963
3 0.357292 0.579167 0.076042 0.065741
3 0.350260 0.616667 0.086979 0.070370
3 0.267188 0.561111 0.067708 0.059259
3 0.286719 0.533796 0.069271 0.054630
3 0.307031 0.506481 0.068229 0.040741
3 0.314063 0.483333 0.059375 0.046296
3 0.351823 0.452315 0.061979 0.045370
3 0.366406 0.429630 0.057812 0.044444
3 0.374479 0.418519 0.052083 0.046296
3 0.386979 0.401389 0.055208 0.039815
3 0.397917 0.389815 0.054167 0.040741
3 0.396354 0.371759 0.052083 0.036111
3 0.411719 0.358796 0.050521 0.045370
3 0.158854 0.462500 0.075000 0.049074
3 0.172135 0.441667 0.061979 0.046296
3 0.192448 0.427315 0.058854 0.047222
3 0.215885 0.409259 0.060937 0.053704
3 0.230208 0.389352 0.051042 0.036111
3 0.248958 0.378704 0.055208 0.051852
3 0.262500 0.368981 0.050000 0.039815
3 0.271875 0.357870 0.052083 0.034259
3 0.285938 0.344444 0.051042 0.037037
3 0.296615 0.333796 0.047396 0.036111
3 0.246615 0.318981 0.047396 0.036111
3 0.232292 0.334259 0.051042 0.035185
3 0.218750 0.342130 0.048958 0.034259
3 0.199479 0.353704 0.053125 0.044444
3 0.185417 0.365278 0.046875 0.037963
3 0.168490 0.379630 0.049479 0.044444
3 0.150000 0.394907 0.045833 0.041667
3 0.134375 0.408333 0.038542 0.040741
3 0.077083 0.283796 0.048958 0.041667
3 0.140104 0.298148 0.038542 0.033333
3 0.124219 0.306944 0.047396 0.036111
3 0.105469 0.318056 0.049479 0.036111
3 0.060937 0.300000 0.045833 0.038889
3 0.028385 0.312500 0.045312 0.032407
3 0.007812 0.325463 0.015625 0.032407
3 0.019010 0.357870 0.038021 0.039815
3 0.009375 0.376852 0.018750 0.038889
