3 0.791176 0.615033 0.051471 0.082353
9 0.786397 0.547059 0.019853 0.027451
3 0.754044 0.494118 0.061029 0.044444
2 0.757353 0.452288 0.019118 0.020915
0 0.729044 0.552288 0.008088 0.040523
0 0.718015 0.552288 0.009559 0.032680
4 0.697059 0.557516 0.027941 0.082353
3 0.673162 0.417647 0.024265 0.048366
9 0.736397 0.374510 0.006618 0.027451
1 0.750368 0.420261 0.003676 0.016993
1 0.745588 0.424183 0.005882 0.024837
6 0.741176 0.426797 0.027941 0.024837
3 0.648897 0.315686 0.019853 0.048366
4 0.662132 0.279085 0.024265 0.058824
3 0.656250 0.247059 0.016912 0.028758
3 0.635662 0.249673 0.016912 0.031373
3 0.630147 0.216993 0.016176 0.028758
3 0.649265 0.216340 0.016176 0.035294
6 0.677941 0.198039 0.011765 0.022222
9 0.688235 0.201307 0.005882 0.018301
3 0.621324 0.170588 0.017647 0.032680
3 0.640441 0.171895 0.017647 0.024837
3 0.660294 0.172549 0.014706 0.028758
3 0.635294 0.144444 0.013235 0.024837
3 0.639338 0.095425 0.016912 0.026144
3 0.661029 0.149673 0.029412 0.032680
3 0.656618 0.127451 0.017647 0.022222
5 0.554779 0.018301 0.015441 0.036601
5 0.558824 0.062745 0.014706 0.041830
3 0.486397 0.008497 0.009559 0.016993
3 0.488235 0.047059 0.010294 0.020915
5 0.510662 0.096078 0.018382 0.084967
3 0.476838 0.076471 0.012500 0.022222
5 0.562500 0.128758 0.019118 0.045752
3 0.565809 0.162092 0.013971 0.026144
5 0.463603 0.177124 0.018382 0.058824
3 0.566912 0.208497 0.016176 0.030065
0 0.468015 0.249020 0.005147 0.024837
3 0.458456 0.242484 0.018382 0.032680
3 0.452206 0.280392 0.017647 0.040523
4 0.441176 0.324183 0.030882 0.054902
1 0.455882 0.337908 0.004412 0.014379
6 0.454412 0.349020 0.013235 0.028758
3 0.573529 0.262745 0.017647 0.031373
3 0.574632 0.297386 0.016912 0.032680
5 0.579779 0.347712 0.024265 0.073203
3 0.554044 0.347059 0.018382 0.037908
3 0.586029 0.418301 0.023529 0.047059
3 0.526838 0.392810 0.021324 0.045752
3 0.498529 0.483007 0.023529 0.061438
3 0.536029 0.530719 0.023529 0.054902
3 0.588971 0.553595 0.032353 0.064052
1 0.466176 0.510458 0.008824 0.022222
9 0.466176 0.525490 0.005882 0.026144
1 0.456985 0.535294 0.008088 0.027451
9 0.456250 0.546405 0.008088 0.026144
5 0.412868 0.528105 0.071324 0.109804
3 0.488971 0.631373 0.026471 0.081046
3 0.551471 0.690196 0.027941 0.075817
3 0.606618 0.651634 0.029412 0.074510
3 0.616912 0.783007 0.035294 0.096732
3 0.483456 0.839216 0.034559 0.115033
3 0.410662 0.748366 0.034559 0.111111
3 0.424265 0.794118 0.011765 0.045752
3 0.387132 0.871895 0.036029 0.115033
3 0.525368 0.933333 0.037500 0.122876
3 0.579412 0.964706 0.038235 0.070588
3 0.321324 0.944444 0.044118 0.111111
6 0.272059 0.973856 0.048529 0.052288
0 0.256618 0.851634 0.010294 0.048366
0 0.256985 0.828758 0.012500 0.049673
3 0.375735 0.702614 0.032353 0.082353
3 0.305147 0.566013 0.033824 0.091503
3 0.019118 0.416993 0.038235 0.036601
5 0.084559 0.412418 0.079412 0.056209
3 0.175000 0.413725 0.051471 0.043137
4 0.340074 0.045098 0.016912 0.022222
3 0.429044 0.039216 0.019853 0.020915
3 0.388235 0.185621 0.017647 0.031373
3 0.381250 0.214379 0.018382 0.031373
3 0.403309 0.301307 0.019853 0.040523
4 0.365441 0.282353 0.016176 0.044444
5 0.357353 0.401307 0.076471 0.052288
5 0.356250 0.368627 0.068382 0.044444
5 0.278309 0.405229 0.078676 0.052288
3 0.262132 0.562092 0.038971 0.078431
0 0.286029 0.543137 0.007353 0.032680
3 0.150000 0.504575 0.061765 0.033987
0 0.716176 0.490196 0.007353 0.036601
