4 0.245588 0.864052 0.073529 0.180392
9 0.138603 0.514379 0.013971 0.045752
0 0.095956 0.418954 0.012500 0.048366
9 0.084559 0.433333 0.019118 0.037908
6 0.105882 0.420261 0.038235 0.035294
6 0.103676 0.400000 0.042647 0.039216
3 0.425735 0.698039 0.051471 0.138562
3 0.533824 0.950327 0.063235 0.099346
3 0.525735 0.792157 0.054412 0.143791
3 0.515074 0.610458 0.043382 0.099346
3 0.506985 0.502614 0.034559 0.071895
4 0.510662 0.391503 0.031618 0.058824
3 0.560662 0.373856 0.028676 0.049673
5 0.742279 0.413072 0.071324 0.115033
0 0.743382 0.348366 0.010294 0.035294
0 0.753309 0.344444 0.008088 0.035294
0 0.713235 0.262745 0.007353 0.033987
1 0.470221 0.233987 0.008088 0.026144
1 0.473162 0.234641 0.005147 0.016993
9 0.471324 0.239869 0.014706 0.022222
4 0.652206 0.221569 0.045588 0.037908
4 0.705882 0.201307 0.047059 0.036601
4 0.748897 0.190196 0.036029 0.027451
3 0.756618 0.147712 0.038235 0.026144
0 0.801471 0.158170 0.004412 0.028758
0 0.820221 0.160784 0.005147 0.023529
1 0.812500 0.164052 0.004412 0.009150
4 0.861029 0.160784 0.039706 0.028758
3 0.963235 0.227451 0.044118 0.036601
9 0.980515 0.134641 0.011029 0.015686
0 0.983088 0.150327 0.002941 0.015686
0 0.989338 0.150327 0.003676 0.018301
3 0.979044 0.162092 0.041912 0.028758
9 0.712132 0.124183 0.013971 0.015686
9 0.722794 0.128105 0.005882 0.015686
2 0.731985 0.129412 0.005147 0.015686
9 0.737500 0.132026 0.007353 0.018301
9 0.743750 0.130065 0.005147 0.016993
9 0.753309 0.130065 0.009559 0.014379
4 0.688971 0.149673 0.027941 0.027451
4 0.662500 0.152288 0.030882 0.030065
0 0.659559 0.133333 0.004412 0.020915
4 0.670221 0.143137 0.030147 0.027451
3 0.656985 0.133333 0.033088 0.023529
3 0.643015 0.126797 0.030147 0.023529
1 0.621324 0.156863 0.004412 0.026144
1 0.625368 0.154902 0.002206 0.016993
9 0.620221 0.160131 0.015441 0.016993
3 0.628676 0.114379 0.030882 0.022222
3 0.618382 0.108497 0.027941 0.020915
0 0.590074 0.142484 0.006618 0.023529
0 0.589706 0.139869 0.004412 0.023529
4 0.608088 0.101961 0.025000 0.026144
3 0.594853 0.099346 0.016176 0.018301
4 0.593015 0.084314 0.012500 0.022222
3 0.619853 0.088889 0.027941 0.018301
4 0.609559 0.079085 0.014706 0.022222
4 0.552941 0.145098 0.027941 0.028758
1 0.463603 0.147059 0.006618 0.022222
9 0.464338 0.154902 0.012500 0.016993
3 0.468750 0.118301 0.013971 0.024837
0 0.498529 0.133333 0.005882 0.020915
0 0.508088 0.131373 0.005882 0.024837
3 0.500735 0.118301 0.014706 0.022222
3 0.511029 0.096078 0.013235 0.022222
4 0.517279 0.060784 0.011029 0.016993
0 0.538235 0.084314 0.002941 0.016993
0 0.540441 0.083007 0.002941 0.019608
3 0.565809 0.076471 0.011029 0.016993
0 0.577206 0.056863 0.002941 0.019608
6 0.581618 0.057516 0.007353 0.015686
1 0.580147 0.053595 0.002941 0.007843
4 0.587132 0.023529 0.011029 0.018301
3 0.582353 0.009150 0.007353 0.010458
1 0.378309 0.183007 0.006618 0.026144
9 0.378309 0.188889 0.013971 0.019608
1 0.404044 0.154902 0.006618 0.019608
9 0.404412 0.160784 0.013235 0.018301
0 0.400735 0.126797 0.004412 0.023529
0 0.403309 0.129412 0.005147 0.023529
3 0.343750 0.132680 0.034559 0.027451
3 0.264706 0.204575 0.050000 0.030065
0 0.248162 0.190850 0.003676 0.028758
1 0.270588 0.133333 0.007353 0.018301
9 0.271324 0.139869 0.010294 0.015686
0 0.279779 0.116340 0.005147 0.023529
5 0.276471 0.103922 0.035294 0.035294
0 0.306618 0.093464 0.004412 0.022222
0 0.318382 0.098693 0.004412 0.019608
0 0.320956 0.099346 0.003676 0.020915
0 0.325368 0.101307 0.003676 0.022222
0 0.330882 0.102614 0.004412 0.022222
0 0.331618 0.100000 0.002941 0.022222
0 0.333456 0.101961 0.003676 0.018301
9 0.343382 0.107843 0.008824 0.014379
3 0.281618 0.054248 0.017647 0.019608
1 0.440074 0.066667 0.005147 0.018301
9 0.439706 0.070588 0.004412 0.013072
1 0.394118 0.074510 0.004412 0.015686
9 0.394118 0.080392 0.005882 0.014379
3 0.387868 0.063399 0.016912 0.019608
0 0.401103 0.033987 0.002206 0.015686
4 0.497059 0.016340 0.007353 0.011765
1 0.521324 0.026797 0.002941 0.011765
2 0.521324 0.030065 0.002941 0.010458
9 0.164338 0.510458 0.011029 0.053595
6 0.023162 0.576471 0.046324 0.047059
3 0.195221 0.443791 0.037500 0.069281
4 0.226838 0.396078 0.036029 0.067974
0 0.289338 0.359477 0.006618 0.041830
0 0.294485 0.356209 0.012500 0.037908
1 0.315441 0.324837 0.010294 0.027451
1 0.322426 0.337255 0.008088 0.026144
6 0.318750 0.345752 0.019853 0.040523
1 0.218015 0.315686 0.009559 0.030065
9 0.219485 0.326144 0.011029 0.030065
4 0.167279 0.395425 0.038971 0.074510
3 0.165441 0.346405 0.070588 0.057516
6 0.131618 0.333987 0.047059 0.043137
3 0.123529 0.312418 0.042647 0.054902
0 0.056985 0.393464 0.011029 0.044444
1 0.095221 0.294771 0.006618 0.019608
3 0.108824 0.281046 0.051471 0.054902
3 0.105882 0.236601 0.052941 0.036601
3 0.108824 0.203922 0.051471 0.033987
3 0.013603 0.139216 0.027206 0.027451
4 0.103309 0.136601 0.047794 0.032680
4 0.209191 0.176471 0.041912 0.031373
3 0.213235 0.140523 0.036765 0.027451
0 0.211397 0.122222 0.008088 0.024837
4 0.210294 0.118301 0.036765 0.032680
3 0.163603 0.141830 0.041912 0.027451
0 0.179044 0.100000 0.005147 0.022222
0 0.194853 0.101307 0.005882 0.019608
4 0.331618 0.080392 0.022059 0.022222
3 0.322794 0.069935 0.030882 0.022222
