3 0.113971 0.911765 0.107353 0.176471
3 0.354779 0.918301 0.093382 0.163399
3 0.494118 0.933987 0.104412 0.132026
3 0.636397 0.937908 0.103676 0.124183
3 0.932721 0.917647 0.134559 0.162092
0 0.054779 0.694118 0.030147 0.099346
0 0.058824 0.638562 0.025000 0.090196
1 0.424265 0.505882 0.014706 0.073203
1 0.429044 0.478431 0.013971 0.070588
0 0.486765 0.550980 0.020588 0.074510
0 0.497794 0.533333 0.010294 0.075817
0 0.472794 0.413725 0.011765 0.061438
1 0.426103 0.363399 0.015441 0.060131
1 0.440074 0.349673 0.016912 0.053595
1 0.447794 0.341830 0.014706 0.053595
0 0.954044 0.454902 0.021324 0.067974
0 0.978309 0.457516 0.021324 0.065359
0 0.906985 0.200000 0.011029 0.039216
0 0.943750 0.186928 0.011029 0.039216
0 0.797794 0.147059 0.010294 0.043137
1 0.786397 0.141830 0.008088 0.032680
9 0.786397 0.149020 0.011029 0.023529
1 0.931985 0.181046 0.012500 0.035294
1 0.927206 0.190850 0.008824 0.039216
1 0.569853 0.047712 0.007353 0.022222
0 0.559559 0.060131 0.005882 0.031373
0 0.462500 0.043791 0.005882 0.027451
0 0.384559 0.053595 0.005882 0.028758
1 0.243015 0.025490 0.006618 0.027451
1 0.151103 0.021569 0.006618 0.024837
1 0.153676 0.018301 0.005882 0.023529
0 0.141176 0.028758 0.007353 0.026144
0 0.048897 0.044444 0.008088 0.031373
1 0.067647 0.038562 0.007353 0.016993
