5 0.570588 0.949673 0.050000 0.100654
3 0.674632 0.869935 0.078676 0.064052
9 0.732353 0.906536 0.013235 0.050980
4 0.577574 0.801307 0.059559 0.117647
3 0.629044 0.738562 0.069853 0.054902
3 0.486397 0.885621 0.030147 0.098039
3 0.408456 0.775163 0.030147 0.099346
5 0.566176 0.660131 0.044118 0.125490
9 0.625368 0.662092 0.022794 0.024837
9 0.636397 0.615033 0.022794 0.024837
9 0.620956 0.583007 0.013971 0.028758
9 0.628309 0.564706 0.019853 0.023529
3 0.497794 0.588889 0.025000 0.064052
5 0.601838 0.462745 0.063971 0.057516
3 0.593015 0.438562 0.043382 0.024837
3 0.583088 0.419608 0.042647 0.033987
3 0.679044 0.384967 0.019853 0.040523
3 0.506250 0.442484 0.021324 0.045752
3 0.598897 0.392810 0.043382 0.037908
3 0.569853 0.373203 0.041176 0.032680
4 0.593382 0.352288 0.047059 0.040523
3 0.601838 0.337255 0.038971 0.031373
3 0.629779 0.321569 0.040441 0.031373
0 0.689338 0.309150 0.008088 0.027451
3 0.585294 0.322876 0.041176 0.028758
3 0.591544 0.301307 0.041912 0.035294
3 0.573162 0.288235 0.037500 0.027451
3 0.581250 0.274510 0.038971 0.028758
3 0.593015 0.258824 0.036029 0.028758
3 0.586029 0.245098 0.041176 0.027451
3 0.593015 0.230065 0.037500 0.028758
9 0.673897 0.221569 0.011029 0.016993
3 0.665441 0.187582 0.014706 0.032680
4 0.645588 0.181046 0.016176 0.030065
3 0.601471 0.196078 0.035294 0.023529
3 0.598897 0.182353 0.033088 0.022222
6 0.687132 0.146405 0.015441 0.020915
1 0.686029 0.144444 0.007353 0.019608
0 0.656250 0.146405 0.003676 0.020915
0 0.652574 0.143791 0.003676 0.018301
0 0.648897 0.145098 0.005147 0.018301
3 0.670956 0.125490 0.015441 0.020915
4 0.654779 0.120261 0.016912 0.026144
3 0.638971 0.126144 0.014706 0.024837
3 0.622059 0.125490 0.019118 0.026144
0 0.611765 0.126144 0.004412 0.019608
0 0.606618 0.130065 0.005882 0.019608
3 0.608456 0.157516 0.030147 0.024837
3 0.589338 0.135948 0.015441 0.026144
0 0.650735 0.096732 0.002941 0.015686
0 0.649265 0.093464 0.004412 0.016993
0 0.638235 0.105882 0.002941 0.018301
0 0.601103 0.079085 0.003676 0.019608
0 0.571691 0.109804 0.003676 0.018301
0 0.569118 0.106536 0.005882 0.019608
3 0.559559 0.152941 0.030882 0.026144
3 0.551103 0.127451 0.013971 0.019608
0 0.547059 0.109804 0.004412 0.015686
0 0.539706 0.152941 0.004412 0.018301
0 0.545221 0.096078 0.003676 0.019608
3 0.548529 0.033987 0.011765 0.020915
3 0.548897 0.018954 0.009559 0.016993
8 0.525000 0.027451 0.016176 0.047059
3 0.515074 0.092157 0.012500 0.019608
3 0.531250 0.128758 0.018382 0.024837
3 0.517279 0.169281 0.013971 0.024837
3 0.520221 0.202614 0.013971 0.023529
4 0.499632 0.184967 0.015441 0.032680
3 0.492279 0.003922 0.012500 0.007843
6 0.479779 0.007190 0.006618 0.011765
4 0.468382 0.017647 0.011765 0.022222
3 0.438971 0.006536 0.010294 0.013072
3 0.476103 0.041830 0.009559 0.020915
3 0.458088 0.045752 0.010294 0.018301
6 0.447059 0.049020 0.010294 0.014379
5 0.467647 0.075163 0.013235 0.032680
5 0.469118 0.101307 0.016176 0.037908
3 0.441544 0.090850 0.027206 0.022222
0 0.471324 0.128105 0.002941 0.018301
0 0.474265 0.138562 0.004412 0.018301
6 0.483088 0.160784 0.008824 0.020915
1 0.483456 0.160131 0.005147 0.014379
0 0.465074 0.149673 0.005147 0.022222
1 0.462500 0.155556 0.004412 0.010458
0 0.447426 0.122876 0.003676 0.018301
0 0.442647 0.120915 0.005882 0.022222
9 0.464338 0.175163 0.005147 0.018301
9 0.413603 0.230065 0.015441 0.015686
2 0.418750 0.190850 0.011029 0.013072
9 0.422794 0.182353 0.010294 0.014379
2 0.420588 0.169281 0.011765 0.011765
0 0.436029 0.177778 0.002941 0.018301
0 0.458824 0.196732 0.002941 0.022222
0 0.462868 0.194118 0.003676 0.016993
3 0.469853 0.205882 0.017647 0.030065
0 0.434191 0.271242 0.005147 0.027451
4 0.442647 0.275817 0.020588 0.044444
3 0.476838 0.328758 0.018382 0.043137
0 0.406618 0.275817 0.004412 0.018301
0 0.401103 0.303922 0.005147 0.019608
4 0.417279 0.301961 0.036029 0.039216
3 0.425735 0.354902 0.016176 0.043137
3 0.389706 0.362092 0.044118 0.036601
3 0.386029 0.403922 0.041176 0.033987
4 0.421691 0.418301 0.030147 0.065359
0 0.434191 0.390196 0.005147 0.019608
0 0.428309 0.389542 0.005147 0.020915
6 0.362868 0.534641 0.013971 0.044444
3 0.969118 0.284314 0.035294 0.040523
3 0.913235 0.283660 0.022059 0.041830
3 0.918750 0.360784 0.043382 0.039216
3 0.882353 0.388235 0.048529 0.044444
3 0.775000 0.383660 0.038235 0.040523
3 0.848162 0.446405 0.021324 0.048366
3 0.875368 0.451634 0.022794 0.043137
2 0.938235 0.342484 0.011765 0.018301
4 0.991544 0.435948 0.016912 0.030065
