4 0.389706 0.922222 0.057353 0.155556
3 0.493015 0.911111 0.062500 0.177778
5 0.636397 0.901307 0.112500 0.197386
3 0.580515 0.716993 0.056618 0.150327
4 0.493750 0.718301 0.043382 0.132026
4 0.569853 0.552941 0.044118 0.109804
3 0.476471 0.550980 0.042647 0.118954
3 0.541544 0.443791 0.040441 0.092810
3 0.472426 0.431373 0.036029 0.088889
3 0.473897 0.345752 0.034559 0.071895
3 0.528676 0.067320 0.044118 0.050980
3 0.590074 0.028758 0.041912 0.036601
3 0.673529 0.013725 0.038235 0.027451
3 0.741912 0.007843 0.050000 0.015686
3 0.470221 0.259477 0.031618 0.066667
3 0.371324 0.284314 0.038235 0.077124
8 0.533824 0.268627 0.060294 0.194771
8 0.430882 0.158824 0.061765 0.134641
4 0.420956 0.411111 0.038971 0.132026
2 0.319853 0.263399 0.008824 0.037908
1 0.319853 0.251634 0.008824 0.043137
3 0.311397 0.190196 0.056618 0.056209
3 0.231250 0.165359 0.053676 0.056209
9 0.297794 0.128105 0.013235 0.028758
1 0.300368 0.124837 0.006618 0.022222
1 0.296324 0.121569 0.008824 0.033987
0 0.163971 0.200654 0.010294 0.043137
7 0.276838 0.054248 0.025735 0.040523
1 0.270221 0.047712 0.005147 0.022222
3 0.174265 0.073856 0.052941 0.043137
3 0.073162 0.087582 0.052206 0.041830
