3 0.504167 0.778704 0.025000 0.061111
3 0.514844 0.689815 0.026562 0.051852
3 0.559375 0.770370 0.028125 0.057407
3 0.469792 0.687963 0.021875 0.046296
3 0.511458 0.616204 0.020833 0.041667
3 0.470573 0.584722 0.020313 0.032407
3 0.515625 0.562037 0.016667 0.029630
3 0.473438 0.517130 0.016667 0.028704
3 0.513021 0.511574 0.016667 0.028704
3 0.538021 0.523611 0.016667 0.028704
3 0.519010 0.463426 0.011979 0.023148
3 0.474219 0.471759 0.011979 0.023148
3 0.477083 0.439815 0.011458 0.020370
8 0.499740 0.431019 0.020313 0.065741
3 0.438021 0.656019 0.021875 0.045370
3 0.435156 0.604630 0.019271 0.037037
3 0.444271 0.567130 0.019792 0.032407
3 0.443490 0.533796 0.017188 0.030556
3 0.448698 0.501389 0.015104 0.026852
3 0.451042 0.463426 0.013542 0.023148
3 0.454167 0.440741 0.012500 0.020370
3 0.457813 0.410185 0.011458 0.020370
3 0.476042 0.417593 0.011458 0.016667
3 0.457813 0.381944 0.010417 0.017593
3 0.464323 0.347222 0.008854 0.016667
3 0.409635 0.392130 0.011979 0.023148
3 0.401823 0.434259 0.014063 0.024074
3 0.362760 0.500463 0.018229 0.030556
3 0.326042 0.529630 0.020833 0.035185
3 0.302083 0.591204 0.026042 0.043519
3 0.311979 0.632870 0.027083 0.045370
3 0.382812 0.617130 0.026042 0.047222
3 0.326302 0.730556 0.032813 0.068519
3 0.343490 0.834259 0.035937 0.081481
3 0.500781 0.900000 0.028646 0.096296
0 0.425260 0.941667 0.010937 0.068519
0 0.606250 0.968056 0.011458 0.063889
0 0.533333 0.981481 0.014583 0.037037
0 0.551302 0.982407 0.014063 0.035185
0 0.419792 0.922685 0.009375 0.062037
0 0.384635 0.980556 0.015104 0.038889
0 0.665104 0.763426 0.009375 0.041667
0 0.673177 0.762037 0.006771 0.037037
0 0.623437 0.630556 0.005208 0.031481
0 0.631510 0.628704 0.006771 0.033333
0 0.643229 0.647222 0.008333 0.037037
0 0.651042 0.636574 0.007292 0.036111
0 0.646354 0.592130 0.006250 0.030556
0 0.655990 0.591204 0.005729 0.030556
0 0.667188 0.594444 0.006250 0.031481
0 0.673438 0.594444 0.006250 0.031481
0 0.610156 0.539815 0.004687 0.027778
0 0.633594 0.424537 0.003646 0.021296
0 0.628906 0.443519 0.004687 0.020370
0 0.616146 0.444444 0.004167 0.024074
0 0.604688 0.412963 0.003125 0.018519
0 0.600521 0.412963 0.003125 0.016667
0 0.584115 0.423148 0.003646 0.016667
0 0.578125 0.427778 0.003125 0.016667
0 0.600000 0.468519 0.003125 0.018519
3 0.517448 0.400463 0.010937 0.019444
3 0.510417 0.371296 0.011458 0.016667
3 0.525000 0.374074 0.010417 0.016667
3 0.507552 0.354630 0.009896 0.014815
3 0.466406 0.327315 0.007812 0.013889
3 0.412240 0.310648 0.007812 0.013889
3 0.454687 0.306481 0.011458 0.012963
3 0.495052 0.273611 0.005729 0.010185
3 0.505469 0.269444 0.005729 0.009259
3 0.466406 0.248148 0.005729 0.009259
3 0.442708 0.213426 0.003125 0.004630
3 0.464323 0.234259 0.004687 0.007407
3 0.482552 0.254167 0.005729 0.010185
3 0.473958 0.237963 0.005208 0.009259
8 0.495573 0.376852 0.017188 0.044444
8 0.432031 0.288889 0.029687 0.027778
8 0.365104 0.407407 0.026042 0.070370
3 0.466406 0.315741 0.007812 0.012963
3 0.476823 0.381481 0.007812 0.016667
3 0.478646 0.372685 0.009375 0.017593
3 0.477865 0.362500 0.009896 0.015741
3 0.478646 0.350926 0.008333 0.014815
3 0.478646 0.339815 0.008333 0.014815
3 0.478906 0.332870 0.008854 0.012037
3 0.493490 0.352315 0.008854 0.013889
3 0.492448 0.341204 0.008854 0.013889
3 0.492708 0.332870 0.008333 0.013889
3 0.392448 0.313426 0.007812 0.013889
3 0.381250 0.298148 0.009375 0.014815
3 0.303906 0.380556 0.028646 0.016667
3 0.304948 0.375926 0.028646 0.016667
3 0.304688 0.371296 0.027083 0.016667
3 0.306250 0.364815 0.027083 0.016667
3 0.309375 0.362500 0.028125 0.012037
3 0.311198 0.353704 0.025521 0.014815
3 0.322396 0.342130 0.026042 0.012037
3 0.322396 0.338426 0.026042 0.012037
3 0.328646 0.335648 0.026042 0.012037
3 0.328646 0.328241 0.026042 0.012037
3 0.333333 0.322222 0.020833 0.011111
3 0.344531 0.308333 0.021354 0.012963
3 0.348177 0.300926 0.021354 0.012963
3 0.351562 0.295370 0.018750 0.011111
3 0.342448 0.289352 0.018229 0.010185
3 0.456250 0.282870 0.009375 0.012037
3 0.459635 0.276852 0.013021 0.011111
3 0.451562 0.271759 0.006250 0.010185
3 0.450781 0.264352 0.006771 0.010185
3 0.441406 0.272222 0.006771 0.009259
3 0.430729 0.265278 0.006250 0.010185
3 0.421094 0.265741 0.006771 0.009259
3 0.437500 0.213889 0.004167 0.005556
3 0.450781 0.216204 0.003646 0.006481
3 0.452865 0.229630 0.005729 0.009259
3 0.478906 0.247222 0.005729 0.007407
3 0.488542 0.263426 0.007292 0.010185
3 0.496094 0.261574 0.005729 0.008333
3 0.496875 0.256481 0.014583 0.011111
8 0.461458 0.218519 0.008333 0.012963
3 0.580729 0.560648 0.034375 0.032407
3 0.576562 0.517593 0.036458 0.027778
0 0.559635 0.517593 0.003646 0.024074
0 0.651563 0.556481 0.004167 0.024074
0 0.657813 0.555556 0.005208 0.027778
0 0.660677 0.479167 0.003646 0.025000
0 0.656250 0.478241 0.004167 0.025000
0 0.742969 0.655556 0.008854 0.029630
0 0.765104 0.699074 0.009375 0.033333
0 0.792708 0.750463 0.008333 0.036111
0 0.728906 0.678241 0.008854 0.037963
0 0.716927 0.707407 0.005729 0.038889
0 0.707812 0.706481 0.008333 0.038889
0 0.693229 0.672222 0.008333 0.033333
0 0.684375 0.622222 0.008333 0.033333
0 0.675521 0.624074 0.007292 0.031481
0 0.710677 0.587037 0.005729 0.029630
0 0.693229 0.520833 0.005208 0.026852
0 0.682292 0.532407 0.005208 0.025926
0 0.683594 0.512037 0.004687 0.024074
0 0.711198 0.562037 0.004687 0.024074
0 0.712500 0.743519 0.008333 0.038889
0 0.643750 0.739352 0.005208 0.032407
0 0.633594 0.584722 0.005729 0.023148
0 0.609635 0.585185 0.005729 0.024074
0 0.622135 0.524074 0.004687 0.022222
0 0.638021 0.559259 0.004167 0.018519
0 0.653906 0.702315 0.008854 0.032407
0 0.652865 0.681481 0.006771 0.025926
0 0.582031 0.440741 0.004687 0.014815
0 0.600521 0.438426 0.004167 0.013889
0 0.595052 0.451389 0.004687 0.013889
0 0.589323 0.446759 0.004687 0.013889
0 0.626563 0.568056 0.004167 0.015741
0 0.626042 0.561574 0.004167 0.015741
0 0.626563 0.546759 0.004167 0.015741
0 0.609896 0.482870 0.005208 0.015741
0 0.786719 0.788426 0.007812 0.039815
0 0.778385 0.791204 0.007812 0.039815
0 0.734635 0.980093 0.009896 0.039815
0 0.746094 0.978241 0.009896 0.043519
0 0.754427 0.926389 0.010937 0.063889
0 0.744010 0.918519 0.014063 0.066667
0 0.691667 0.825463 0.008333 0.039815
0 0.729948 0.855093 0.009896 0.050926
1 0.742969 0.706481 0.009896 0.031481
0 0.713281 0.672685 0.006771 0.025000
0 0.690104 0.566204 0.007292 0.028704
0 0.646354 0.438889 0.003125 0.020370
0 0.650260 0.456944 0.002604 0.017593
0 0.645052 0.456019 0.003646 0.021296
0 0.648177 0.456944 0.002604 0.015741
3 0.576302 0.409259 0.013021 0.022222
8 0.521354 0.340278 0.016667 0.039815
3 0.477083 0.393981 0.010417 0.017593
4 0.376563 0.534722 0.019792 0.041667
0 0.182031 0.637037 0.007812 0.035185
0 0.169271 0.668981 0.006250 0.032407
0 0.180729 0.685648 0.006250 0.032407
0 0.176042 0.668519 0.006250 0.033333
0 0.104167 0.710648 0.007292 0.030556
0 0.096354 0.708333 0.006250 0.033333
0 0.143750 0.637963 0.006250 0.033333
0 0.150521 0.637963 0.006250 0.033333
0 0.183594 0.590741 0.006771 0.031481
0 0.190885 0.589815 0.006771 0.029630
0 0.198958 0.638889 0.006250 0.031481
0 0.194531 0.639815 0.004687 0.029630
0 0.103385 0.916667 0.020313 0.061111
0 0.082552 0.950463 0.022396 0.065741
0 0.064844 0.944444 0.013021 0.061111
0 0.053646 0.876852 0.017708 0.057407
0 0.181510 0.910185 0.018229 0.064815
0 0.189844 0.901852 0.015104 0.055556
0 0.017188 0.946759 0.020833 0.063889
2 0.173177 0.737037 0.019271 0.025926
2 0.187240 0.720833 0.019271 0.025000
2 0.205469 0.706481 0.017188 0.020370
2 0.207031 0.678704 0.020313 0.020370
2 0.181510 0.706481 0.020313 0.022222
2 0.193229 0.697685 0.014583 0.023148
0 0.192448 0.627315 0.005729 0.028704
0 0.198177 0.625926 0.005729 0.027778
0 0.166927 0.605556 0.006771 0.024074
0 0.178906 0.612037 0.006771 0.022222
0 0.196875 0.575463 0.006250 0.028704
0 0.180469 0.573148 0.006771 0.022222
0 0.192188 0.565278 0.006250 0.019444
0 0.156510 0.645370 0.006771 0.024074
0 0.129948 0.678704 0.008854 0.029630
0 0.112760 0.713889 0.008854 0.029630
0 0.073958 0.744907 0.011458 0.034259
0 0.050260 0.780556 0.010937 0.031481
2 0.074219 0.762037 0.015104 0.031481
2 0.112760 0.726389 0.013021 0.026852
2 0.130208 0.693519 0.010417 0.025926
2 0.167708 0.616667 0.008333 0.020370
2 0.179167 0.623611 0.008333 0.021296
2 0.178646 0.584722 0.008333 0.019444
2 0.192188 0.573611 0.006250 0.017593
9 0.158594 0.655556 0.008854 0.025926
0 0.061198 0.806481 0.008854 0.038889
0 0.053125 0.806944 0.007292 0.039815
1 0.717969 0.629630 0.007812 0.022222
0 0.665625 0.645370 0.007292 0.025926
0 0.666667 0.648611 0.005208 0.017593
2 0.666146 0.651389 0.008333 0.023148
2 0.654948 0.713889 0.010937 0.031481
2 0.610156 0.591667 0.006771 0.025926
2 0.633333 0.591667 0.006250 0.022222
2 0.626563 0.570370 0.006250 0.022222
2 0.621875 0.528704 0.004167 0.020370
2 0.610677 0.490278 0.006771 0.017593
2 0.610417 0.467593 0.008333 0.012963
0 0.610677 0.459259 0.003646 0.014815
0 0.604948 0.467130 0.003646 0.023148
0 0.611198 0.451389 0.003646 0.023148
0 0.598958 0.425926 0.003125 0.020370
0 0.590885 0.434722 0.003646 0.017593
0 0.588021 0.433796 0.003125 0.017593
0 0.589583 0.426389 0.003125 0.017593
0 0.592448 0.425000 0.003646 0.012963
0 0.594531 0.421296 0.003646 0.012963
8 0.574219 0.370370 0.014063 0.033333
0 0.298698 0.511574 0.004687 0.028704
0 0.317188 0.431481 0.004167 0.018519
2 0.317188 0.436574 0.004167 0.015741
0 0.252344 0.416204 0.003646 0.023148
0 0.248698 0.376852 0.002604 0.018519
0 0.241146 0.378704 0.003125 0.018519
0 0.259115 0.357407 0.002604 0.014815
0 0.279427 0.336111 0.002604 0.014815
0 0.297656 0.316667 0.002604 0.014815
0 0.311719 0.307870 0.002604 0.013889
0 0.316927 0.309259 0.002604 0.014815
0 0.308073 0.308796 0.002604 0.013889
0 0.306510 0.295833 0.002604 0.013889
0 0.309115 0.287500 0.002604 0.013889
0 0.354948 0.356019 0.002604 0.013889
0 0.357031 0.345833 0.002604 0.013889
0 0.348177 0.336574 0.002604 0.013889
0 0.329948 0.305093 0.002604 0.013889
0 0.316406 0.301389 0.002604 0.012037
0 0.293750 0.338426 0.003125 0.013889
0 0.291146 0.338426 0.003125 0.013889
8 0.410156 0.256481 0.009896 0.024074
3 0.265104 0.368056 0.012500 0.017593
0 0.342969 0.353241 0.002604 0.013889
0 0.348177 0.352315 0.002604 0.013889
0 0.402344 0.323611 0.002604 0.013889
0 0.398438 0.318981 0.002083 0.010185
0 0.394010 0.319444 0.002604 0.014815
3 0.450521 0.261111 0.006250 0.009259
3 0.449740 0.254630 0.006771 0.009259
3 0.447135 0.249537 0.006771 0.010185
3 0.443229 0.244444 0.006250 0.009259
3 0.439583 0.235185 0.006250 0.009259
3 0.441406 0.265741 0.006771 0.009259
3 0.439323 0.255556 0.006771 0.009259
3 0.437240 0.249537 0.006771 0.010185
3 0.434896 0.244907 0.006250 0.010185
3 0.432552 0.237037 0.006771 0.009259
3 0.430990 0.259722 0.006771 0.010185
3 0.429167 0.252778 0.006250 0.009259
3 0.427865 0.247222 0.006771 0.009259
3 0.425781 0.242593 0.006771 0.009259
3 0.425260 0.239815 0.006771 0.009259
3 0.422656 0.233796 0.006771 0.010185
3 0.420833 0.259259 0.006250 0.009259
3 0.419531 0.251852 0.006771 0.009259
3 0.417187 0.241204 0.006250 0.010185
3 0.413802 0.231944 0.006771 0.010185
3 0.414062 0.226852 0.006250 0.009259
3 0.419010 0.221296 0.005729 0.005556
3 0.404948 0.221759 0.006771 0.010185
3 0.408073 0.233796 0.006771 0.010185
3 0.409896 0.239815 0.006250 0.009259
3 0.436458 0.229167 0.006250 0.010185
3 0.432552 0.220370 0.006771 0.009259
3 0.429427 0.214815 0.006771 0.009259
3 0.426302 0.222685 0.006771 0.010185
3 0.424219 0.218519 0.006771 0.009259
3 0.421615 0.214815 0.006771 0.009259
3 0.418750 0.218981 0.006250 0.010185
3 0.483073 0.237037 0.005729 0.007407
3 0.468490 0.230556 0.005729 0.007407
3 0.476302 0.231481 0.005729 0.007407
3 0.479948 0.234259 0.005729 0.007407
3 0.488802 0.246296 0.005729 0.007407
3 0.492969 0.249074 0.005729 0.007407
3 0.481250 0.278241 0.007292 0.010185
3 0.619271 0.375000 0.014583 0.014815
4 0.594792 0.297685 0.015625 0.013889
0 0.594271 0.365278 0.003125 0.017593
0 0.614323 0.350000 0.002604 0.016667
0 0.600521 0.341204 0.002083 0.013889
0 0.597135 0.346759 0.002604 0.017593
0 0.588542 0.348148 0.003125 0.016667
0 0.585156 0.355093 0.002604 0.010185
0 0.605469 0.375463 0.002604 0.015741
0 0.590885 0.343981 0.002604 0.015741
0 0.573177 0.345833 0.002604 0.015741
0 0.578906 0.347685 0.002604 0.015741
0 0.582031 0.346759 0.002604 0.015741
0 0.584635 0.340278 0.002604 0.015741
0 0.587760 0.337500 0.002604 0.015741
0 0.604948 0.346296 0.002604 0.016667
3 0.524219 0.364352 0.008854 0.013889
0 0.425781 0.318056 0.002604 0.013889
0 0.584896 0.391204 0.003125 0.017593
0 0.587760 0.390278 0.002604 0.017593
0 0.590365 0.389352 0.002604 0.017593
0 0.619792 0.394444 0.003125 0.016667
0 0.644010 0.532870 0.003646 0.021296
0 0.645573 0.531481 0.003646 0.025926
0 0.621094 0.496296 0.004687 0.014815
2 0.621615 0.502778 0.003646 0.012963
0 0.600260 0.366204 0.002604 0.017593
0 0.560156 0.392130 0.002604 0.015741
2 0.629427 0.856019 0.019271 0.036111
2 0.599479 0.817593 0.011458 0.042593
3 0.211458 0.801852 0.043750 0.075926
3 0.253385 0.806019 0.044271 0.087963
