1 0.653906 0.782407 0.036979 0.127778
2 0.647135 0.840741 0.053646 0.118519
0 0.602865 0.716667 0.029687 0.124074
0 0.121094 0.731019 0.031771 0.134259
1 0.092708 0.707870 0.034375 0.108333
2 0.082552 0.750000 0.050521 0.105556
2 0.191406 0.697685 0.044271 0.075000
3 0.388802 0.682870 0.074479 0.121296
1 0.444792 0.639352 0.017708 0.063889
2 0.451302 0.664352 0.040104 0.050926
3 0.187500 0.886111 0.153125 0.227778
1 0.351823 0.869444 0.067187 0.218519
9 0.365625 0.890278 0.127083 0.175000
3 0.495833 0.636111 0.048958 0.100000
2 0.232031 0.637037 0.030729 0.059259
2 0.147656 0.650000 0.032813 0.057407
9 0.179948 0.631944 0.030729 0.078704
3 0.403906 0.591204 0.043229 0.071296
1 0.570573 0.826852 0.044271 0.157407
9 0.571615 0.869444 0.075521 0.148148
1 0.867448 0.835185 0.065104 0.177778
1 0.851302 0.796296 0.030729 0.140741
1 0.853385 0.810648 0.033854 0.126852
2 0.852344 0.871296 0.106771 0.101852
2 0.874219 0.876852 0.127604 0.101852
6 0.842187 0.815741 0.116667 0.118519
1 0.717448 0.951389 0.053646 0.097222
1 0.660677 0.954167 0.059896 0.091667
1 0.710677 0.902315 0.057812 0.137963
2 0.689844 0.944907 0.046354 0.110185
2 0.301823 0.608333 0.023438 0.040741
3 0.336198 0.578704 0.035937 0.053704
1 0.430729 0.559259 0.010417 0.033333
2 0.431771 0.575463 0.012500 0.028704
4 0.478125 0.597222 0.043750 0.085185
4 0.464323 0.556019 0.022396 0.037963
3 0.467969 0.583796 0.033854 0.039815
1 0.364583 0.576389 0.014583 0.045370
2 0.365625 0.592593 0.021875 0.031481
3 0.348438 0.567593 0.028125 0.042593
3 0.399219 0.551852 0.026562 0.035185
6 0.363021 0.556019 0.021875 0.036111
3 0.371354 0.546296 0.020833 0.029630
1 0.430729 0.823611 0.022917 0.175000
2 0.441146 0.849537 0.102083 0.139815
0 0.501302 0.565741 0.011979 0.040741
1 0.489844 0.553704 0.007812 0.022222
