3 0.386458 0.656481 0.041667 0.064815
3 0.334115 0.611574 0.042188 0.056481
3 0.345573 0.541667 0.045312 0.037037
3 0.583594 0.601389 0.057812 0.047222
3 0.513281 0.577315 0.042188 0.045370
3 0.470833 0.562963 0.041667 0.038889
3 0.436719 0.549537 0.040104 0.043519
3 0.241667 0.576389 0.039583 0.047222
5 0.145313 0.549537 0.041667 0.050926
0 0.171615 0.569907 0.007812 0.034259
0 0.181510 0.575463 0.008854 0.039815
0 0.184115 0.553241 0.006771 0.039815
0 0.176042 0.552778 0.009375 0.037037
0 0.168490 0.549074 0.007812 0.035185
0 0.265625 0.600463 0.010417 0.037963
1 0.247656 0.616667 0.009896 0.027778
1 0.231510 0.618056 0.009896 0.028704
1 0.239323 0.613426 0.009896 0.028704
6 0.268229 0.630556 0.036458 0.051852
5 0.281250 0.530093 0.065625 0.071296
