3 0.608088 0.909804 0.054412 0.125490
3 0.595588 0.769935 0.045588 0.101961
3 0.421324 0.855556 0.061765 0.160784
3 0.475735 0.692810 0.039706 0.096732
3 0.418015 0.573856 0.040441 0.086275
3 0.544853 0.501307 0.050000 0.061438
3 0.284926 0.744444 0.065441 0.113725
3 0.158088 0.669281 0.077941 0.083660
3 0.120956 0.738562 0.108088 0.094118
3 0.076471 0.801307 0.119118 0.099346
3 0.053676 0.883007 0.107353 0.098039
3 0.136397 0.405229 0.059559 0.041830
3 0.175000 0.444444 0.064706 0.049673
3 0.081250 0.476471 0.065441 0.043137
3 0.076103 0.372549 0.053676 0.033987
4 0.153309 0.370588 0.058088 0.045752
3 0.148162 0.343137 0.050735 0.032680
3 0.194118 0.343791 0.019118 0.033987
3 0.230882 0.348366 0.038235 0.032680
3 0.220956 0.376471 0.053676 0.036601
3 0.300368 0.337255 0.030147 0.033987
4 0.334191 0.316993 0.030147 0.056209
4 0.355515 0.328105 0.024265 0.039216
7 0.291912 0.628105 0.036765 0.077124
3 0.958456 0.788889 0.050735 0.095425
3 0.875735 0.445098 0.047059 0.037908
3 0.876103 0.422222 0.055147 0.036601
8 0.660294 0.303268 0.032353 0.070588
3 0.635662 0.292810 0.016912 0.023529
3 0.591912 0.275163 0.016176 0.024837
3 0.596324 0.243137 0.011765 0.018301
3 0.597059 0.204575 0.011765 0.016993
3 0.604044 0.168627 0.009559 0.013072
3 0.577941 0.190196 0.010294 0.016993
4 0.562500 0.188889 0.008824 0.019608
3 0.575735 0.171895 0.008824 0.014379
3 0.559191 0.158824 0.008088 0.011765
3 0.541544 0.160784 0.008088 0.013072
3 0.527206 0.198039 0.010294 0.016993
3 0.524265 0.170588 0.008824 0.014379
3 0.529779 0.147059 0.006618 0.011765
3 0.542279 0.149673 0.008088 0.011765
3 0.579779 0.227451 0.016912 0.018301
3 0.516544 0.238562 0.012500 0.022222
3 0.501471 0.300000 0.014706 0.027451
3 0.500735 0.326797 0.017647 0.036601
4 0.532721 0.345752 0.019853 0.043137
3 0.541912 0.374510 0.027941 0.053595
3 0.558456 0.411765 0.027206 0.044444
3 0.442279 0.311111 0.019853 0.031373
3 0.481250 0.281699 0.015441 0.027451
3 0.458088 0.249673 0.016176 0.023529
3 0.442279 0.220261 0.025735 0.022222
3 0.464338 0.222222 0.024265 0.023529
3 0.478309 0.206536 0.011029 0.018301
6 0.282353 0.362745 0.030882 0.022222
6 0.720956 0.376471 0.038971 0.031373
1 0.713971 0.367974 0.007353 0.027451
1 0.716912 0.482353 0.010294 0.033987
9 0.716912 0.488889 0.010294 0.031373
0 0.780515 0.451634 0.009559 0.037908
0 0.790074 0.454902 0.006618 0.031373
0 0.796691 0.454902 0.006618 0.033987
0 0.801838 0.459477 0.006618 0.027451
1 0.705882 0.621569 0.010294 0.037908
9 0.704412 0.632026 0.020588 0.037908
1 0.772059 0.876471 0.017647 0.050980
9 0.770956 0.888235 0.024265 0.066667
1 0.833456 0.720261 0.019853 0.049673
9 0.833824 0.729412 0.022059 0.044444
0 0.685662 0.303922 0.005147 0.024837
1 0.835662 0.401961 0.008088 0.030065
9 0.832353 0.407843 0.016176 0.020915
1 0.325368 0.609150 0.012500 0.039216
2 0.326471 0.621569 0.011765 0.035294
0 0.418015 0.318301 0.005147 0.022222
0 0.422059 0.317647 0.005882 0.028758
0 0.463971 0.257516 0.004412 0.020915
0 0.469118 0.256863 0.004412 0.022222
9 0.413971 0.269281 0.008824 0.015686
1 0.112132 0.486275 0.011029 0.023529
1 0.172794 0.500000 0.013235 0.032680
9 0.175000 0.509804 0.017647 0.028758
9 0.113603 0.496732 0.021324 0.026144
1 0.166544 0.449673 0.009559 0.026144
1 0.175735 0.462092 0.010294 0.032680
6 0.172426 0.467320 0.038971 0.027451
0 0.092647 0.385621 0.008824 0.031373
1 0.226103 0.383007 0.008088 0.028758
9 0.226471 0.388235 0.020588 0.020915
0 0.274265 0.343137 0.005882 0.024837
0 0.279044 0.344444 0.005147 0.024837
3 0.467647 0.230065 0.010294 0.018301
1 0.496691 0.260784 0.005147 0.016993
9 0.497059 0.266013 0.004412 0.016993
8 0.509191 0.177778 0.018382 0.036601
3 0.491544 0.209150 0.011029 0.018301
4 0.620956 0.164052 0.019853 0.014379
4 0.622794 0.167974 0.017647 0.014379
4 0.626471 0.186275 0.019118 0.016993
3 0.634926 0.189542 0.018382 0.013072
5 0.637500 0.201961 0.022059 0.019608
3 0.621324 0.206536 0.011765 0.015686
3 0.632353 0.223529 0.014706 0.018301
4 0.638603 0.237255 0.011029 0.024837
1 0.531985 0.526797 0.012500 0.026144
6 0.533088 0.545752 0.014706 0.035294
4 0.683824 0.269281 0.027941 0.028758
4 0.656618 0.222876 0.010294 0.024837
0 0.475000 0.235294 0.004412 0.020915
0 0.478676 0.235948 0.004412 0.019608
0 0.479779 0.232680 0.003676 0.020915
0 0.501103 0.207190 0.003676 0.016993
0 0.504412 0.205229 0.004412 0.018301
0 0.513603 0.202614 0.005147 0.015686
3 0.462132 0.190850 0.019853 0.013072
3 0.467647 0.187582 0.019118 0.014379
3 0.476103 0.184314 0.018382 0.015686
3 0.489706 0.177124 0.019118 0.016993
3 0.491912 0.184314 0.010294 0.015686
4 0.469485 0.174510 0.016912 0.014379
4 0.480882 0.164706 0.016176 0.015686
3 0.490441 0.156863 0.016176 0.015686
3 0.531618 0.136601 0.005882 0.011765
3 0.561029 0.136601 0.005882 0.009150
3 0.542279 0.130719 0.006618 0.010458
3 0.557353 0.128758 0.005882 0.009150
1 0.061397 0.592810 0.016912 0.035294
1 0.066176 0.588235 0.014706 0.039216
