5 0.309896 0.218519 0.016667 0.024074
3 0.332813 0.234722 0.009375 0.010185
5 0.344792 0.236574 0.013542 0.015741
3 0.342448 0.242593 0.009896 0.011111
3 0.343490 0.265741 0.010937 0.012963
3 0.344271 0.255556 0.010417 0.012963
8 0.401302 0.259259 0.018229 0.029630
5 0.408594 0.284259 0.015104 0.024074
3 0.383854 0.292593 0.013542 0.018519
3 0.352083 0.311111 0.026042 0.016667
3 0.389323 0.324537 0.013021 0.021296
3 0.416406 0.337500 0.015104 0.023148
3 0.446615 0.311574 0.013021 0.017593
3 0.447396 0.331019 0.014583 0.021296
1 0.458594 0.294444 0.003646 0.009259
2 0.459635 0.298148 0.007812 0.012963
3 0.464062 0.378241 0.017708 0.025000
3 0.480469 0.409259 0.019271 0.031481
5 0.513542 0.391667 0.029167 0.055556
3 0.516406 0.454167 0.024479 0.039815
3 0.401302 0.392593 0.018229 0.037037
3 0.402083 0.487963 0.026042 0.044444
5 0.465885 0.530093 0.055729 0.145370
3 0.588802 0.556944 0.034896 0.047222
1 0.600000 0.470833 0.008333 0.032407
2 0.599479 0.476852 0.007292 0.027778
0 0.654687 0.569907 0.010417 0.043519
3 0.568229 0.915278 0.079167 0.152778
3 0.232552 0.419907 0.023438 0.032407
3 0.233333 0.397685 0.019792 0.030556
5 0.252604 0.353241 0.028125 0.054630
5 0.140104 0.368056 0.032292 0.060185
4 0.077344 0.369444 0.027604 0.046296
3 0.009115 0.569444 0.018229 0.051852
0 0.889062 0.957870 0.019792 0.084259
