7 0.888971 0.853595 0.079412 0.149020
1 0.876471 0.866013 0.036765 0.079739
9 0.813235 0.847712 0.050000 0.084967
1 0.821324 0.835948 0.033824 0.074510
3 0.319853 0.773856 0.139706 0.177778
3 0.171691 0.656863 0.088971 0.194771
3 0.059926 0.936601 0.119853 0.126797
1 0.855882 0.222876 0.014706 0.027451
0 0.927206 0.142484 0.010294 0.047059
1 0.914706 0.146405 0.008824 0.010458
0 0.780882 0.132680 0.007353 0.035294
0 0.783088 0.137908 0.007353 0.037908
9 0.515809 0.210458 0.028676 0.033987
0 0.501838 0.211765 0.009559 0.054902
0 0.523897 0.232680 0.012500 0.052288
0 0.486397 0.239869 0.009559 0.053595
0 0.462500 0.248366 0.014706 0.047059
2 0.462500 0.275817 0.014706 0.026144
1 0.462868 0.271242 0.009559 0.016993
0 0.452941 0.293464 0.010294 0.066667
1 0.442279 0.249673 0.015441 0.033987
1 0.418382 0.260784 0.011765 0.043137
1 0.359559 0.274510 0.011765 0.036601
1 0.370588 0.270588 0.016176 0.036601
1 0.383456 0.269935 0.013971 0.040523
0 0.301103 0.266667 0.015441 0.057516
0 0.288235 0.272549 0.013235 0.061438
0 0.230515 0.305229 0.012500 0.066667
0 0.011029 0.395425 0.022059 0.045752
0 0.027941 0.389542 0.016176 0.044444
0 0.108456 0.374510 0.024265 0.064052
0 0.069485 0.415686 0.024265 0.067974
0 0.093382 0.430065 0.025000 0.070588
0 0.193750 0.346405 0.013971 0.065359
0 0.182721 0.392810 0.016912 0.074510
0 0.195221 0.403268 0.011029 0.053595
0 0.207721 0.386275 0.021324 0.061438
0 0.265441 0.375163 0.019118 0.075817
0 0.279412 0.425490 0.014706 0.071895
0 0.284926 0.357516 0.013971 0.066667
0 0.256250 0.479085 0.011029 0.077124
0 0.258456 0.492157 0.011029 0.066667
0 0.248162 0.458824 0.009559 0.070588
1 0.245221 0.454902 0.012500 0.047059
0 0.237132 0.434641 0.011029 0.069281
0 0.233088 0.416993 0.010294 0.067974
0 0.236029 0.400000 0.014706 0.062745
0 0.338971 0.354902 0.014706 0.058824
0 0.330882 0.394118 0.008824 0.030065
0 0.351103 0.413072 0.016912 0.062745
0 0.412132 0.315686 0.013971 0.061438
0 0.428676 0.374510 0.016176 0.061438
0 0.371691 0.343137 0.013971 0.061438
0 0.383824 0.391503 0.017647 0.071895
0 0.403676 0.430719 0.016176 0.064052
0 0.438971 0.466667 0.016176 0.070588
0 0.441544 0.412418 0.018382 0.069281
0 0.468382 0.452941 0.013235 0.069281
0 0.455515 0.359477 0.013971 0.065359
0 0.490074 0.395425 0.013971 0.058824
0 0.521691 0.494771 0.016912 0.077124
0 0.516912 0.422876 0.016176 0.069281
0 0.496324 0.343137 0.013235 0.066667
0 0.491912 0.279739 0.010294 0.036601
0 0.507353 0.290196 0.008824 0.052288
0 0.508824 0.258170 0.007353 0.030065
0 0.519853 0.286928 0.007353 0.037908
0 0.544853 0.277124 0.011765 0.057516
0 0.587500 0.256863 0.013235 0.069281
0 0.578676 0.312418 0.017647 0.062745
0 0.537132 0.326144 0.012500 0.058824
0 0.527574 0.377124 0.012500 0.069281
0 0.559559 0.403268 0.016176 0.069281
0 0.559559 0.359477 0.016176 0.065359
0 0.601471 0.451634 0.019118 0.069281
0 0.602206 0.381046 0.016176 0.066667
0 0.614706 0.349020 0.014706 0.062745
0 0.630882 0.374510 0.013235 0.066667
0 0.627574 0.284314 0.013971 0.058824
0 0.672426 0.316993 0.012500 0.058824
0 0.727206 0.413725 0.010294 0.066667
0 0.723897 0.396078 0.011029 0.062745
0 0.990441 0.071242 0.008824 0.030065
0 0.995956 0.075163 0.006618 0.030065
0 0.994853 0.055556 0.008824 0.027451
