0 0.460662 0.392157 0.009559 0.044444
0 0.448529 0.377778 0.014706 0.060131
0 0.413235 0.375817 0.017647 0.061438
0 0.423897 0.254248 0.013971 0.064052
1 0.396691 0.402614 0.011029 0.028758
1 0.700368 0.569281 0.018382 0.058824
2 0.689706 0.571895 0.069118 0.069281
9 0.673529 0.859477 0.045588 0.071895
1 0.677941 0.841830 0.025000 0.052288
4 0.913235 0.719608 0.122059 0.147712
1 0.986029 0.482353 0.020588 0.039216
6 0.984926 0.496732 0.030147 0.099346
3 0.959926 0.396078 0.077206 0.120261
3 0.914338 0.310458 0.072794 0.105882
1 0.995588 0.103268 0.008824 0.028758
9 0.992647 0.120915 0.014706 0.058824
9 0.874632 0.044444 0.018382 0.031373
0 0.937500 0.075163 0.011765 0.048366
0 0.823529 0.132026 0.010294 0.052288
0 0.814338 0.132026 0.011029 0.039216
0 0.842647 0.122876 0.011765 0.052288
0 0.848162 0.130719 0.011029 0.047059
0 0.930147 0.070588 0.011765 0.044444
3 0.727206 0.048366 0.050000 0.052288
