0 0.161765 0.307190 0.020588 0.083660
0 0.288235 0.302614 0.019118 0.066667
0 0.275368 0.307843 0.011029 0.053595
0 0.273529 0.292157 0.011765 0.061438
0 0.405147 0.201961 0.016176 0.064052
2 0.372426 0.188235 0.013971 0.044444
4 0.507353 0.650980 0.157353 0.222222
9 0.541544 0.796078 0.075735 0.091503
1 0.546324 0.775163 0.029412 0.122876
3 0.776471 0.818301 0.157353 0.214379
3 0.863603 0.452288 0.106618 0.133333
3 0.632721 0.315686 0.111029 0.090196
9 0.727941 0.287582 0.042647 0.041830
1 0.729779 0.275817 0.011029 0.049673
1 0.740809 0.264052 0.009559 0.044444
0 0.627574 0.266667 0.013971 0.057516
0 0.498897 0.273856 0.013971 0.066667
0 0.500735 0.268627 0.008824 0.061438
0 0.734926 0.224183 0.011029 0.053595
9 0.702206 0.215033 0.017647 0.035294
0 0.727206 0.213725 0.008824 0.040523
3 0.765074 0.192810 0.063971 0.071895
3 0.743750 0.156863 0.063971 0.060131
4 0.253676 0.128105 0.050000 0.062745
0 0.262500 0.080392 0.013235 0.045752
1 0.331250 0.116340 0.013971 0.031373
0 0.336397 0.054902 0.008088 0.033987
0 0.397059 0.069281 0.008824 0.036601
0 0.368750 0.060131 0.011029 0.041830
0 0.413235 0.125490 0.010294 0.047059
4 0.941176 0.263399 0.075000 0.077124
3 0.974632 0.345098 0.050735 0.101961
