3 0.697426 0.922222 0.066912 0.155556
3 0.632353 0.844444 0.057353 0.143791
3 0.704044 0.785621 0.109559 0.151634
3 0.630882 0.618954 0.075000 0.111111
3 0.626103 0.546405 0.086029 0.062745
3 0.636765 0.502614 0.079412 0.066667
3 0.654044 0.472549 0.078676 0.061438
3 0.643015 0.409150 0.068382 0.047059
3 0.656250 0.390850 0.058088 0.047059
3 0.644853 0.365359 0.061765 0.045752
3 0.579412 0.367320 0.060294 0.057516
3 0.585662 0.313072 0.046324 0.053595
3 0.574632 0.290850 0.044853 0.048366
3 0.558824 0.266013 0.052941 0.058824
3 0.577206 0.254248 0.042647 0.043137
3 0.594853 0.240523 0.045588 0.033987
3 0.591912 0.227451 0.039706 0.036601
4 0.611397 0.203922 0.044853 0.039216
3 0.599632 0.190196 0.033088 0.032680
3 0.569853 0.186275 0.033824 0.030065
3 0.558088 0.178431 0.033824 0.045752
3 0.556985 0.148366 0.037500 0.030065
3 0.555882 0.130719 0.029412 0.031373
3 0.563235 0.111111 0.017647 0.031373
3 0.554779 0.098039 0.022794 0.028758
3 0.548162 0.081046 0.025735 0.028758
3 0.562500 0.077778 0.030882 0.027451
3 0.563603 0.077124 0.028676 0.033987
3 0.519485 0.115033 0.019853 0.031373
3 0.501838 0.077124 0.015441 0.031373
3 0.498897 0.052288 0.016912 0.026144
3 0.518382 0.048366 0.011765 0.020915
3 0.536765 0.045098 0.016176 0.019608
3 0.475000 0.060784 0.017647 0.027451
3 0.493750 0.112418 0.018382 0.033987
3 0.469485 0.098039 0.018382 0.036601
4 0.448529 0.128758 0.038235 0.035294
5 0.257721 0.953595 0.152206 0.092810
3 0.329412 0.837255 0.113235 0.160784
3 0.330882 0.695425 0.054412 0.135948
3 0.259926 0.630719 0.081618 0.077124
1 0.451103 0.814379 0.024265 0.047059
6 0.451471 0.819608 0.029412 0.109804
9 0.795221 0.833987 0.044853 0.052288
9 0.841912 0.933987 0.036765 0.077124
9 0.834926 0.956863 0.041912 0.078431
9 0.821691 0.962745 0.030147 0.074510
3 0.269118 0.503922 0.080882 0.064052
3 0.300368 0.470588 0.074265 0.073203
3 0.370588 0.463399 0.066176 0.066667
3 0.390074 0.391503 0.036029 0.098039
3 0.343382 0.333333 0.057353 0.057516
0 0.561765 0.450980 0.013235 0.052288
0 0.713603 0.513072 0.028676 0.027451
0 0.710662 0.501307 0.030147 0.032680
0 0.648897 0.420915 0.009559 0.047059
0 0.640441 0.313725 0.008824 0.041830
9 0.637132 0.260784 0.021324 0.027451
9 0.636397 0.260131 0.019853 0.020915
9 0.637868 0.253595 0.016912 0.026144
9 0.623162 0.224837 0.016912 0.023529
9 0.620956 0.222222 0.016912 0.023529
1 0.600735 0.167320 0.007353 0.015686
1 0.590074 0.166667 0.008088 0.022222
1 0.613971 0.142484 0.010294 0.018301
0 0.612500 0.143137 0.002941 0.011765
9 0.613971 0.135948 0.007353 0.018301
1 0.591912 0.104575 0.007353 0.018301
1 0.601471 0.100000 0.004412 0.011765
1 0.597059 0.102614 0.004412 0.014379
1 0.597794 0.100000 0.005882 0.016993
9 0.590074 0.075817 0.011029 0.013072
0 0.580515 0.071895 0.006618 0.023529
4 0.548162 0.057516 0.015441 0.023529
3 0.552206 0.049673 0.016176 0.018301
3 0.561397 0.041176 0.027206 0.019608
3 0.549265 0.032026 0.011765 0.022222
3 0.553676 0.025490 0.014706 0.016993
4 0.576838 0.026797 0.016912 0.027451
3 0.592647 0.024183 0.016176 0.022222
4 0.568750 0.010458 0.024265 0.020915
3 0.553309 0.008497 0.024265 0.016993
6 0.516544 0.008497 0.018382 0.016993
1 0.513603 0.006536 0.006618 0.013072
3 0.395221 0.015686 0.012500 0.020915
4 0.400368 0.045752 0.025735 0.031373
4 0.445588 0.025490 0.025000 0.024837
3 0.460294 0.034641 0.014706 0.024837
3 0.446691 0.036601 0.028676 0.018301
3 0.443382 0.042484 0.030882 0.019608
3 0.438235 0.050980 0.027941 0.023529
3 0.454779 0.066013 0.024265 0.030065
3 0.455882 0.080392 0.032353 0.024837
3 0.447794 0.094771 0.017647 0.027451
3 0.455515 0.108497 0.027206 0.026144
3 0.452206 0.114379 0.035294 0.032680
3 0.425000 0.064052 0.032353 0.028758
9 0.444485 0.135294 0.012500 0.019608
0 0.522426 0.063399 0.003676 0.022222
1 0.460294 0.167320 0.007353 0.026144
9 0.459559 0.169935 0.011765 0.013072
3 0.442647 0.160131 0.038235 0.027451
3 0.436029 0.175163 0.036765 0.036601
3 0.451103 0.191503 0.038971 0.035294
3 0.438603 0.212418 0.036029 0.043137
1 0.410662 0.187582 0.005147 0.022222
1 0.398529 0.186275 0.010294 0.019608
3 0.433824 0.256209 0.039706 0.044444
3 0.411765 0.281046 0.025000 0.047059
3 0.408824 0.316340 0.032353 0.060131
3 0.403309 0.360131 0.050735 0.056209
