4 0.134896 0.800000 0.161458 0.218519
3 0.085938 0.782870 0.170833 0.160185
3 0.071615 0.715278 0.143229 0.126852
3 0.404167 0.698611 0.105208 0.119444
3 0.579167 0.699074 0.088542 0.103704
3 0.734115 0.880556 0.098437 0.168519
3 0.764583 0.759259 0.073958 0.122222
3 0.498437 0.610185 0.072917 0.083333
3 0.446875 0.572685 0.075000 0.100926
3 0.222396 0.615278 0.104167 0.093519
3 0.212500 0.551389 0.081250 0.075000
3 0.322917 0.559259 0.081250 0.072222
3 0.344271 0.493056 0.061458 0.058333
3 0.414323 0.513889 0.058854 0.059259
4 0.513281 0.492593 0.049479 0.066667
3 0.469792 0.490278 0.047917 0.056481
3 0.428385 0.480556 0.047396 0.042593
3 0.570052 0.570833 0.048438 0.065741
3 0.580469 0.529167 0.053646 0.054630
3 0.613021 0.498148 0.046875 0.046296
3 0.582812 0.475463 0.042708 0.050926
3 0.549740 0.442593 0.042188 0.040741
3 0.507031 0.458333 0.042188 0.042593
3 0.497135 0.420833 0.038021 0.043519
3 0.525521 0.417130 0.030208 0.032407
3 0.571875 0.421759 0.033333 0.039815
3 0.565625 0.399537 0.031250 0.028704
3 0.596875 0.409259 0.027083 0.027778
3 0.615885 0.399074 0.031771 0.029630
3 0.582812 0.384259 0.022917 0.029630
3 0.611458 0.383796 0.023958 0.026852
3 0.611198 0.371759 0.020313 0.026852
3 0.625521 0.364815 0.014583 0.024074
3 0.641406 0.360648 0.019271 0.021296
3 0.654427 0.381019 0.024479 0.030556
3 0.648177 0.474074 0.034896 0.038889
3 0.691667 0.487963 0.033333 0.046296
3 0.751563 0.558333 0.046875 0.057407
3 0.785937 0.675000 0.056250 0.092593
3 0.793229 0.604630 0.041667 0.070370
3 0.803125 0.569907 0.043750 0.062037
3 0.815104 0.529630 0.036458 0.050000
3 0.818490 0.498148 0.030729 0.035185
3 0.825521 0.484259 0.026042 0.044444
3 0.829427 0.463889 0.028646 0.044444
3 0.829167 0.443981 0.028125 0.037963
3 0.838281 0.431944 0.019271 0.032407
3 0.839323 0.421759 0.019271 0.039815
3 0.844531 0.404630 0.017188 0.024074
3 0.845833 0.387500 0.014583 0.023148
3 0.664323 0.447685 0.031771 0.050926
3 0.682031 0.431019 0.028646 0.047222
3 0.701302 0.419444 0.015104 0.029630
3 0.716927 0.453241 0.031771 0.045370
3 0.730729 0.420833 0.027083 0.032407
3 0.766146 0.428704 0.025000 0.037037
3 0.722135 0.397222 0.019271 0.033333
3 0.710417 0.409259 0.016667 0.027778
3 0.733333 0.389815 0.016667 0.027778
3 0.748177 0.403704 0.024479 0.029630
3 0.806510 0.425000 0.023438 0.035185
3 0.812500 0.405093 0.016667 0.021296
3 0.786198 0.395833 0.019271 0.025000
3 0.797135 0.382870 0.017188 0.026852
3 0.763281 0.387963 0.018229 0.025926
3 0.748177 0.372222 0.017188 0.024074
3 0.758594 0.363889 0.015104 0.022222
3 0.768229 0.355093 0.014583 0.017593
3 0.773958 0.374537 0.016667 0.028704
3 0.785677 0.362500 0.015104 0.019444
3 0.807031 0.368056 0.016146 0.019444
3 0.814063 0.357407 0.017708 0.022222
3 0.790885 0.344444 0.011979 0.016667
3 0.808594 0.342130 0.008854 0.015741
3 0.799219 0.336574 0.009896 0.013889
3 0.805469 0.329630 0.007812 0.012963
3 0.811458 0.320833 0.008333 0.012037
3 0.798438 0.327778 0.008333 0.011111
3 0.780990 0.337037 0.009896 0.016667
3 0.785156 0.325463 0.009896 0.012037
3 0.764323 0.326389 0.010937 0.015741
3 0.755208 0.337037 0.012500 0.016667
3 0.731510 0.344907 0.015104 0.019444
3 0.721354 0.337500 0.016667 0.017593
3 0.675260 0.375463 0.017188 0.025000
3 0.690625 0.368519 0.019792 0.024074
3 0.705469 0.358796 0.016146 0.023148
3 0.684375 0.345833 0.015625 0.017593
3 0.665885 0.346296 0.020313 0.024074
3 0.672917 0.355093 0.014583 0.015741
0 0.558073 0.369907 0.003646 0.017593
0 0.495833 0.356944 0.005208 0.026852
0 0.500260 0.359259 0.004687 0.022222
0 0.489583 0.340741 0.005208 0.020370
0 0.418750 0.433333 0.005208 0.033333
0 0.541146 0.396296 0.005208 0.027778
0 0.265625 0.421296 0.011458 0.042593
0 0.284635 0.407407 0.006771 0.037037
0 0.300260 0.407407 0.007812 0.040741
1 0.328385 0.457870 0.009896 0.036111
0 0.260937 0.392130 0.006250 0.030556
0 0.281510 0.394444 0.006771 0.025926
0 0.299219 0.393056 0.005729 0.025000
0 0.794271 0.491667 0.012500 0.053704
0 0.896094 0.358333 0.005729 0.018519
0 0.893750 0.374537 0.005208 0.021296
0 0.884375 0.377778 0.005208 0.024074
0 0.877604 0.376389 0.005208 0.021296
0 0.878646 0.394907 0.005208 0.025000
0 0.883854 0.397685 0.005208 0.023148
0 0.877604 0.444444 0.009375 0.037037
0 0.865625 0.466667 0.007292 0.038889
0 0.858333 0.482407 0.008333 0.042593
1 0.894271 0.508796 0.015625 0.028704
1 0.895312 0.500926 0.014583 0.033333
0 0.893750 0.565741 0.017708 0.053704
0 0.879687 0.628241 0.017708 0.071296
0 0.862240 0.626389 0.016146 0.071296
0 0.844271 0.573611 0.013542 0.065741
1 0.869531 0.589352 0.015104 0.052778
9 0.904427 0.648611 0.019271 0.060185
9 0.908073 0.627778 0.015104 0.050000
2 0.855208 0.538426 0.018750 0.028704
2 0.878646 0.493981 0.017708 0.026852
1 0.676823 0.723148 0.015104 0.077778
2 0.676823 0.741667 0.021354 0.077778
1 0.102865 0.609722 0.017188 0.071296
2 0.102083 0.628704 0.039583 0.050000
2 0.136719 0.558333 0.027604 0.046296
2 0.151302 0.555556 0.020313 0.048148
2 0.043229 0.608796 0.025000 0.037963
2 0.018490 0.613426 0.036979 0.047222
0 0.045312 0.586111 0.016667 0.061111
1 0.199740 0.569444 0.016146 0.053704
1 0.258073 0.552778 0.016146 0.048148
1 0.290625 0.533333 0.017708 0.051852
9 0.288542 0.549537 0.022917 0.037963
9 0.256250 0.569444 0.032292 0.027778
9 0.195833 0.587037 0.033333 0.042593
2 0.304688 0.492593 0.027083 0.037037
1 0.591927 0.357870 0.004687 0.021296
1 0.599479 0.356481 0.006250 0.016667
9 0.592187 0.364352 0.008333 0.013889
9 0.599219 0.361111 0.007812 0.014815
2 0.769010 0.471296 0.008854 0.025926
2 0.782552 0.468981 0.008854 0.028704
2 0.786719 0.431944 0.008854 0.025000
2 0.788281 0.459259 0.008854 0.029630
1 0.770052 0.461111 0.008854 0.037037
1 0.783333 0.461574 0.008333 0.032407
1 0.787760 0.449074 0.009896 0.031481
1 0.786979 0.422222 0.009375 0.029630
1 0.818490 0.383333 0.007812 0.016667
9 0.818490 0.393056 0.006771 0.021296
