3 0.391406 0.591667 0.032813 0.061111
3 0.533333 0.683333 0.076042 0.098148
5 0.330990 0.847222 0.120313 0.305556
4 0.509635 0.506944 0.031771 0.065741
1 0.248177 0.572685 0.010937 0.021296
1 0.272135 0.568981 0.009896 0.026852
1 0.282552 0.562037 0.009896 0.022222
1 0.278125 0.555556 0.011458 0.027778
1 0.239844 0.542130 0.011979 0.023148
2 0.249219 0.591204 0.016146 0.032407
9 0.275260 0.587037 0.018229 0.031481
9 0.286198 0.576389 0.020313 0.034259
9 0.242188 0.556019 0.019792 0.028704
3 0.349219 0.289352 0.010937 0.021296
3 0.330729 0.275926 0.011458 0.020370
3 0.377083 0.282407 0.013542 0.018519
3 0.380208 0.310648 0.015625 0.021296
3 0.359635 0.336574 0.015104 0.023148
3 0.392188 0.348611 0.016667 0.030556
3 0.391406 0.279630 0.011979 0.018519
3 0.395573 0.300926 0.013021 0.024074
3 0.411198 0.311574 0.011979 0.023148
3 0.416146 0.335648 0.015625 0.021296
3 0.401562 0.393519 0.018750 0.033333
3 0.226823 0.511111 0.038021 0.040741
3 0.241146 0.498148 0.042708 0.042593
1 0.128385 0.505093 0.010937 0.030556
2 0.130208 0.516667 0.021875 0.024074
3 0.067708 0.463889 0.038542 0.044444
3 0.122396 0.406944 0.034375 0.034259
3 0.127604 0.477315 0.043750 0.045370
8 0.023438 0.418981 0.046875 0.099074
3 0.342708 0.495833 0.027083 0.060185
3 0.367969 0.453704 0.026562 0.046296
4 0.422135 0.456481 0.025521 0.046296
3 0.410417 0.502315 0.028125 0.050926
5 0.464583 0.393056 0.057292 0.091667
1 0.552865 0.492130 0.008854 0.041667
2 0.552083 0.499074 0.022917 0.033333
1 0.595833 0.525926 0.007292 0.042593
9 0.594271 0.526389 0.022917 0.026852
3 0.704688 0.850926 0.096875 0.100000
1 0.729427 0.687963 0.013021 0.042593
9 0.726042 0.706481 0.033333 0.040741
5 0.763542 0.613426 0.165625 0.137963
4 0.898698 0.718056 0.083854 0.087963
3 0.970052 0.695833 0.059896 0.056481
4 0.862760 0.335648 0.015104 0.026852
3 0.907813 0.400926 0.021875 0.027778
3 0.917448 0.412963 0.023438 0.029630
3 0.930208 0.430093 0.028125 0.030556
