1 0.035937 0.448148 0.023958 0.055556
1 0.051042 0.440741 0.016667 0.059259
1 0.099479 0.408333 0.021875 0.050000
1 0.073438 0.404630 0.015625 0.038889
9 0.149479 0.384259 0.017708 0.083333
2 0.162500 0.353704 0.043750 0.048148
6 0.206771 0.362963 0.044792 0.085185
1 0.280208 0.352778 0.022917 0.053704
1 0.259896 0.463889 0.017708 0.050000
0 0.439062 0.462037 0.017708 0.068519
1 0.455729 0.471296 0.011458 0.031481
0 0.599479 0.439815 0.013542 0.050000
0 0.698958 0.487037 0.016667 0.062963
1 0.352083 0.314815 0.012500 0.051852
1 0.389062 0.290741 0.015625 0.033333
9 0.460417 0.285185 0.012500 0.051852
9 0.485937 0.281481 0.015625 0.044444
9 0.508333 0.271296 0.016667 0.050000
6 0.530729 0.267593 0.021875 0.057407
1 0.530208 0.247222 0.016667 0.042593
1 0.548438 0.312037 0.017708 0.050000
0 0.576562 0.311111 0.019792 0.055556
0 0.600521 0.366667 0.013542 0.051852
1 0.597917 0.331481 0.014583 0.037037
1 0.555208 0.265741 0.014583 0.042593
1 0.570312 0.261111 0.015625 0.033333
0 0.600521 0.277778 0.007292 0.033333
1 0.597396 0.260185 0.009375 0.035185
0 0.610417 0.226852 0.016667 0.053704
0 0.634896 0.232407 0.013542 0.057407
1 0.650521 0.262037 0.011458 0.053704
1 0.661979 0.262963 0.009375 0.048148
1 0.664583 0.250000 0.010417 0.037037
1 0.684375 0.261111 0.014583 0.055556
1 0.705729 0.261111 0.011458 0.055556
0 0.698438 0.237963 0.009375 0.057407
1 0.725000 0.262963 0.012500 0.051852
0 0.722396 0.236111 0.011458 0.053704
1 0.682292 0.300926 0.008333 0.031481
1 0.705208 0.300000 0.010417 0.037037
1 0.709375 0.357407 0.010417 0.037037
1 0.726042 0.363889 0.010417 0.038889
1 0.759896 0.362963 0.019792 0.051852
0 0.782813 0.400926 0.015625 0.057407
1 0.691146 0.300000 0.007292 0.029630
1 0.415104 0.299074 0.019792 0.057407
1 0.431771 0.295370 0.017708 0.053704
0 0.684375 0.665741 0.025000 0.079630
0 0.736458 0.696296 0.010417 0.040741
0 0.745833 0.685185 0.010417 0.040741
0 0.567708 0.918519 0.016667 0.040741
0 0.600521 0.921296 0.028125 0.083333
0 0.963021 0.622222 0.019792 0.040741
0 0.816146 0.848148 0.030208 0.074074
0 0.936458 0.851852 0.039583 0.081481
0 0.805208 0.925000 0.027083 0.075926
0 0.818229 0.961111 0.028125 0.062963
0 0.872917 0.965741 0.031250 0.057407
0 0.516667 0.680556 0.016667 0.079630
0 0.528125 0.653704 0.012500 0.055556
0 0.531771 0.695370 0.013542 0.057407
0 0.536458 0.673148 0.010417 0.042593
1 0.559896 0.708333 0.017708 0.050000
1 0.563542 0.674074 0.014583 0.033333
1 0.577083 0.671296 0.012500 0.035185
1 0.589063 0.704630 0.013542 0.038889
1 0.603125 0.700000 0.010417 0.033333
0 0.611979 0.669444 0.011458 0.061111
0 0.592708 0.644444 0.027083 0.062963
