3 0.401042 0.762037 0.040625 0.098148
3 0.514583 0.482407 0.022917 0.044444
3 0.462760 0.402778 0.019271 0.035185
3 0.509115 0.370833 0.021354 0.030556
3 0.427865 0.398148 0.021354 0.033333
3 0.241146 0.367593 0.025000 0.038889
3 0.458594 0.356019 0.017188 0.030556
1 0.568229 0.504167 0.009375 0.026852
9 0.567969 0.509259 0.010937 0.031481
3 0.427344 0.365741 0.020313 0.035185
3 0.434375 0.346759 0.015625 0.025000
3 0.459896 0.333796 0.015625 0.025000
3 0.478646 0.300463 0.013542 0.021296
3 0.497917 0.274537 0.013542 0.019444
3 0.488021 0.236111 0.010417 0.014815
3 0.481510 0.292593 0.014063 0.018519
3 0.479948 0.279167 0.013021 0.015741
3 0.478125 0.270833 0.011458 0.017593
4 0.475521 0.259722 0.009375 0.021296
3 0.473958 0.251852 0.011458 0.012963
3 0.473958 0.243519 0.010417 0.014815
3 0.472396 0.234259 0.010417 0.012963
3 0.471875 0.229167 0.008333 0.010185
3 0.471354 0.224074 0.008333 0.011111
3 0.471354 0.217593 0.009375 0.012963
3 0.455990 0.313889 0.015104 0.022222
3 0.455208 0.297685 0.012500 0.019444
3 0.455990 0.291204 0.013021 0.021296
3 0.458333 0.278241 0.012500 0.019444
3 0.460677 0.266667 0.009896 0.020370
3 0.455469 0.259259 0.010937 0.018519
3 0.457813 0.247685 0.010417 0.017593
4 0.453125 0.242593 0.010417 0.018519
3 0.456771 0.235648 0.008333 0.012037
3 0.455469 0.230093 0.008854 0.012037
3 0.455990 0.221296 0.008854 0.014815
3 0.454687 0.213426 0.007292 0.010185
3 0.431771 0.325000 0.016667 0.025926
3 0.432031 0.303241 0.014063 0.021296
3 0.433073 0.293519 0.013021 0.020370
3 0.435677 0.280093 0.014063 0.019444
3 0.435937 0.268981 0.011458 0.019444
4 0.436198 0.254630 0.010937 0.022222
3 0.438281 0.242593 0.010937 0.014815
3 0.439323 0.237500 0.010937 0.015741
3 0.436458 0.228704 0.010417 0.012963
3 0.441146 0.225463 0.008333 0.013889
3 0.436719 0.222685 0.007812 0.012037
3 0.437500 0.216204 0.010417 0.013889
3 0.442448 0.214815 0.007812 0.011111
3 0.422917 0.212963 0.010417 0.016667
3 0.348438 0.212037 0.010417 0.012963
3 0.451302 0.194444 0.017188 0.012963
3 0.460417 0.170833 0.007292 0.012037
3 0.463802 0.146759 0.004687 0.010185
3 0.454167 0.141667 0.005208 0.007407
3 0.452865 0.128704 0.004687 0.005556
3 0.475521 0.151389 0.006250 0.010185
3 0.470052 0.184722 0.017188 0.013889
3 0.473958 0.182870 0.014583 0.013889
0 0.493229 0.176852 0.005208 0.011111
3 0.555469 0.182870 0.014063 0.013889
3 0.537500 0.175463 0.013542 0.010185
3 0.516927 0.181944 0.013021 0.010185
3 0.509896 0.198611 0.016667 0.013889
3 0.503646 0.193056 0.012500 0.010185
3 0.510677 0.185185 0.011979 0.012963
3 0.511458 0.185648 0.009375 0.008333
3 0.431510 0.185185 0.014063 0.012963
3 0.424479 0.183333 0.014583 0.012963
3 0.326823 0.256481 0.013021 0.020370
3 0.288802 0.232870 0.013021 0.017593
3 0.297396 0.225000 0.013542 0.016667
3 0.307552 0.201852 0.018229 0.016667
3 0.315625 0.195833 0.020833 0.013889
3 0.319792 0.189815 0.018750 0.012963
3 0.338281 0.184259 0.009896 0.012963
3 0.360677 0.187963 0.015104 0.011111
3 0.354687 0.172685 0.007292 0.013889
3 0.384115 0.192593 0.017188 0.012963
3 0.404427 0.186574 0.014063 0.012037
3 0.397396 0.187037 0.014583 0.009259
3 0.157292 0.190278 0.020833 0.012037
3 0.166927 0.199074 0.023438 0.016667
3 0.190885 0.200000 0.017188 0.016667
3 0.205208 0.193056 0.014583 0.013889
3 0.223177 0.197685 0.017188 0.013889
3 0.296875 0.187037 0.013542 0.012963
1 0.335677 0.199537 0.003646 0.010185
9 0.336198 0.202315 0.006771 0.008333
1 0.381771 0.199537 0.003125 0.008333
1 0.390885 0.201389 0.004687 0.010185
6 0.383333 0.202315 0.009375 0.008333
9 0.391146 0.203704 0.008333 0.009259
9 0.387760 0.183796 0.005729 0.006481
1 0.387500 0.181944 0.003125 0.008333
1 0.505469 0.215741 0.003646 0.011111
9 0.505208 0.218981 0.004167 0.012037
3 0.387500 0.173148 0.008333 0.012963
3 0.366406 0.172222 0.007812 0.009259
3 0.365885 0.161574 0.005729 0.008333
3 0.372656 0.154167 0.005729 0.008333
3 0.374740 0.148611 0.004687 0.006481
3 0.369531 0.168981 0.005729 0.010185
3 0.371354 0.165741 0.006250 0.009259
3 0.373177 0.161111 0.005729 0.009259
3 0.376042 0.161111 0.005208 0.009259
3 0.377344 0.158796 0.004687 0.008333
3 0.378125 0.157870 0.006250 0.008333
3 0.379688 0.155093 0.005208 0.008333
3 0.380990 0.153704 0.004687 0.007407
3 0.383333 0.152315 0.006250 0.008333
3 0.384896 0.149074 0.006250 0.007407
3 0.377344 0.170833 0.007812 0.010185
3 0.379948 0.168519 0.005729 0.009259
3 0.381771 0.164815 0.005208 0.009259
3 0.384896 0.160648 0.005208 0.008333
3 0.386979 0.158333 0.005208 0.007407
3 0.389844 0.154167 0.005729 0.008333
3 0.391406 0.151852 0.005729 0.009259
3 0.393229 0.149537 0.005208 0.006481
3 0.389062 0.143056 0.005208 0.008333
4 0.394792 0.144444 0.005208 0.009259
4 0.398438 0.141204 0.004167 0.008333
3 0.401562 0.137037 0.005208 0.005556
3 0.395833 0.135648 0.004167 0.006481
3 0.400781 0.129167 0.004687 0.006481
3 0.403125 0.126852 0.004167 0.005556
3 0.404687 0.124537 0.004167 0.006481
3 0.407031 0.120370 0.003646 0.007407
3 0.390104 0.167593 0.008333 0.009259
3 0.391406 0.163426 0.005729 0.008333
3 0.393750 0.161111 0.005208 0.009259
3 0.394792 0.159722 0.005208 0.008333
3 0.396094 0.158333 0.004687 0.007407
3 0.396615 0.157407 0.004687 0.007407
3 0.397656 0.154630 0.005729 0.007407
3 0.399740 0.153704 0.005729 0.007407
3 0.401042 0.150926 0.005208 0.007407
3 0.403385 0.147222 0.004687 0.007407
3 0.404167 0.144907 0.005208 0.008333
3 0.405990 0.140278 0.004687 0.008333
3 0.408854 0.137963 0.006250 0.007407
3 0.400260 0.172222 0.006771 0.009259
3 0.401823 0.168981 0.006771 0.006481
3 0.403125 0.166667 0.005208 0.007407
3 0.403906 0.164815 0.005729 0.007407
3 0.404427 0.162500 0.004687 0.006481
3 0.404427 0.160648 0.005729 0.008333
3 0.407552 0.158796 0.006771 0.008333
3 0.408073 0.155556 0.005729 0.009259
3 0.409896 0.153704 0.005208 0.007407
3 0.411719 0.150926 0.004687 0.009259
3 0.413021 0.147685 0.004167 0.008333
3 0.414062 0.144444 0.004167 0.007407
3 0.415625 0.142130 0.004167 0.008333
3 0.416927 0.138889 0.004687 0.009259
3 0.419010 0.135185 0.004687 0.007407
4 0.412240 0.130556 0.004687 0.007407
3 0.415365 0.128704 0.004687 0.009259
1 0.176042 0.188889 0.004167 0.011111
