3 0.652206 0.690850 0.050000 0.103268
3 0.784191 0.498039 0.044853 0.065359
3 0.849632 0.634641 0.061029 0.084967
3 0.720956 0.475163 0.038971 0.061438
3 0.638603 0.337908 0.027206 0.048366
3 0.665809 0.313072 0.027206 0.037908
3 0.630515 0.234641 0.022794 0.032680
3 0.514338 0.286275 0.022794 0.052288
3 0.522059 0.138562 0.017647 0.028758
3 0.542279 0.076471 0.013971 0.022222
4 0.529779 0.375163 0.030147 0.078431
4 0.608088 0.239869 0.023529 0.045752
4 0.564706 0.076471 0.013235 0.019608
3 0.967647 0.890196 0.064706 0.141176
5 0.829044 0.764052 0.096324 0.171242
5 0.564706 0.115033 0.019118 0.033987
4 0.484926 0.016340 0.008088 0.014379
5 0.480882 0.050980 0.010294 0.020915
5 0.462868 0.041830 0.011029 0.020915
3 0.461765 0.008497 0.005882 0.016993
8 0.602206 0.164052 0.035294 0.069281
3 0.802941 0.443791 0.029412 0.061438
0 0.761765 0.389542 0.008824 0.028758
0 0.776471 0.389542 0.008824 0.028758
6 0.761397 0.401961 0.013971 0.024837
6 0.778309 0.400654 0.013971 0.024837
3 0.225000 0.194771 0.036765 0.026144
3 0.083088 0.175817 0.036765 0.024837
3 0.087500 0.216340 0.033824 0.030065
5 0.321691 0.211111 0.072794 0.045752
5 0.024265 0.183660 0.048529 0.048366
3 0.457353 0.201961 0.036765 0.030065
5 0.900735 0.208497 0.097059 0.071895
4 0.973897 0.226797 0.037500 0.035294
3 0.929044 0.152941 0.028676 0.020915
3 0.917279 0.147059 0.028676 0.016993
3 0.908456 0.141830 0.028676 0.016993
3 0.943015 0.139216 0.028676 0.016993
3 0.836029 0.052288 0.020588 0.013072
3 0.876103 0.068627 0.021324 0.014379
3 0.896691 0.079739 0.021324 0.013072
3 0.905515 0.082353 0.021324 0.013072
3 0.915441 0.083660 0.022059 0.015686
3 0.919853 0.090196 0.022059 0.015686
3 0.930147 0.094771 0.019118 0.014379
3 0.944485 0.101961 0.027206 0.015686
3 0.798529 0.064052 0.017647 0.013072
3 0.793015 0.061438 0.021324 0.013072
3 0.743015 0.030065 0.016912 0.013072
3 0.900735 0.110458 0.023529 0.014379
3 0.908456 0.120261 0.027206 0.015686
3 0.927574 0.131373 0.031618 0.014379
3 0.941544 0.139216 0.031618 0.014379
3 0.970956 0.174510 0.031618 0.019608
3 0.985294 0.164052 0.029412 0.019608
3 0.974265 0.158824 0.029412 0.019608
3 0.960662 0.150327 0.025735 0.018301
3 0.948529 0.161438 0.029412 0.022222
