9 0.297917 0.924074 0.023958 0.048148
1 0.241927 0.978241 0.019271 0.043519
1 0.440885 0.667130 0.008854 0.026852
1 0.502083 0.682407 0.007292 0.025926
1 0.451302 0.581019 0.006771 0.017593
1 0.447656 0.539815 0.005729 0.016667
1 0.451042 0.454167 0.005208 0.013889
1 0.479687 0.475463 0.005208 0.013889
1 0.473177 0.447685 0.003646 0.013889
1 0.516927 0.539815 0.003646 0.012963
1 0.462500 0.522685 0.005208 0.013889
1 0.431510 0.643519 0.009896 0.025926
1 0.514062 0.698611 0.008333 0.021296
1 0.514062 0.690278 0.010417 0.028704
1 0.431771 0.639815 0.008333 0.027778
1 0.462500 0.521759 0.005208 0.015741
1 0.462760 0.463426 0.005729 0.015741
1 0.462760 0.464815 0.003646 0.020370
1 0.463281 0.423611 0.004687 0.012037
1 0.453646 0.413889 0.005208 0.007407
1 0.503646 0.547222 0.005208 0.014815
1 0.431510 0.723611 0.007812 0.015741
1 0.425000 0.918519 0.014583 0.042593
1 0.433333 0.915741 0.013542 0.046296
1 0.442708 0.917130 0.015625 0.052778
1 0.431510 0.534722 0.007812 0.017593
9 0.433854 0.925926 0.038542 0.051852
9 0.429427 0.742593 0.010937 0.033333
9 0.502604 0.701389 0.009375 0.025000
9 0.514323 0.707407 0.008854 0.020370
9 0.504167 0.561111 0.008333 0.020370
1 0.519271 0.897685 0.010417 0.030556
1 0.518229 0.883333 0.011458 0.033333
9 0.518490 0.893981 0.014063 0.049074
2 0.439844 0.682407 0.005729 0.027778
9 0.430990 0.655556 0.009896 0.031481
1 0.414323 0.690741 0.008854 0.022222
7 0.415365 0.688426 0.013021 0.058333
3 0.472396 0.691667 0.028125 0.070370
9 0.451562 0.593981 0.010417 0.025000
9 0.463021 0.536111 0.007292 0.016667
9 0.462240 0.470370 0.006771 0.014815
9 0.473438 0.456019 0.006250 0.013889
9 0.452604 0.423611 0.006250 0.013889
9 0.463542 0.433333 0.005208 0.014815
6 0.410677 0.515741 0.025521 0.024074
6 0.431510 0.541204 0.011979 0.030556
6 0.559635 0.794907 0.031771 0.069444
3 0.557031 0.717593 0.031771 0.079630
3 0.553385 0.661111 0.027604 0.057407
0 0.526042 0.684259 0.008333 0.046296
0 0.533073 0.684259 0.007812 0.038889
0 0.523438 0.592593 0.008333 0.035185
2 0.447396 0.552778 0.006250 0.022222
2 0.451302 0.467593 0.005729 0.016667
9 0.479687 0.485185 0.005208 0.012963
3 0.470833 0.499074 0.018750 0.038889
0 0.436198 0.460648 0.005729 0.025000
0 0.442188 0.457870 0.006250 0.026852
9 0.393229 0.483333 0.014583 0.014815
2 0.414844 0.486574 0.009896 0.013889
9 0.407812 0.490278 0.008333 0.019444
4 0.748698 0.532870 0.022396 0.045370
9 0.690104 0.443981 0.014583 0.015741
3 0.683073 0.428241 0.038021 0.030556
3 0.542448 0.529630 0.025521 0.033333
3 0.539844 0.494444 0.025521 0.033333
3 0.539323 0.459259 0.025521 0.033333
0 0.666406 0.464352 0.005729 0.023148
9 0.717187 0.452778 0.017708 0.014815
9 0.725260 0.464815 0.018229 0.012963
0 0.721615 0.489352 0.006771 0.025000
9 0.725260 0.492130 0.017188 0.017593
9 0.685937 0.521296 0.019792 0.022222
6 0.287500 0.982407 0.060417 0.035185
3 0.349740 0.766667 0.049479 0.087037
3 0.657031 0.841667 0.035937 0.066667
0 0.646094 0.808333 0.007812 0.025926
9 0.516667 0.552778 0.006250 0.016667
3 0.574479 0.884722 0.037500 0.097222
