3 0.693229 0.925926 0.076042 0.148148
3 0.270833 0.933333 0.058333 0.133333
3 0.516667 0.536111 0.050000 0.120370
1 0.477604 0.496296 0.011458 0.033333
6 0.478125 0.510185 0.016667 0.050000
3 0.276042 0.457407 0.037500 0.114815
1 0.212500 0.282407 0.010417 0.024074
2 0.211979 0.297222 0.013542 0.035185
0 0.309896 0.210185 0.013542 0.038889
3 0.167187 0.144444 0.057292 0.062963
3 0.469271 0.334259 0.036458 0.083333
3 0.444792 0.244444 0.033333 0.074074
6 0.480729 0.204630 0.019792 0.046296
1 0.476562 0.187037 0.007292 0.025926
3 0.294792 0.045370 0.039583 0.061111
3 0.294271 0.019444 0.044792 0.038889
6 0.737500 0.453704 0.031250 0.070370
