8 0.288603 0.746405 0.130147 0.138562
3 0.308824 0.856863 0.063235 0.074510
1 0.216912 0.700654 0.007353 0.013072
1 0.224632 0.697386 0.008088 0.014379
9 0.219853 0.701961 0.023529 0.018301
1 0.083824 0.759477 0.014706 0.018301
2 0.086029 0.760131 0.025000 0.016993
4 0.040809 0.596078 0.040441 0.088889
9 0.009559 0.553595 0.016176 0.040523
0 0.066912 0.475163 0.020588 0.016993
9 0.062868 0.403922 0.024265 0.026144
9 0.089338 0.376471 0.021324 0.015686
2 0.072426 0.349673 0.012500 0.030065
2 0.108456 0.328105 0.021324 0.015686
2 0.083824 0.326144 0.016176 0.024837
9 0.043750 0.352941 0.022794 0.018301
1 0.028309 0.328758 0.013971 0.019608
1 0.035294 0.332026 0.016176 0.015686
9 0.041544 0.324183 0.022794 0.018301
9 0.100000 0.297386 0.017647 0.032680
1 0.148897 0.252941 0.013971 0.019608
2 0.151471 0.258824 0.011765 0.036601
9 0.086029 0.161438 0.011765 0.037908
9 0.074632 0.161438 0.012500 0.032680
3 0.140441 0.125490 0.039706 0.112418
2 0.183456 0.434641 0.013971 0.035294
3 0.209559 0.520261 0.029412 0.104575
1 0.237868 0.475163 0.011029 0.019608
9 0.236765 0.475817 0.010294 0.036601
4 0.233088 0.369281 0.047059 0.132026
3 0.034559 0.926144 0.064706 0.077124
0 0.169118 0.641830 0.013235 0.013072
0 0.185662 0.629412 0.013971 0.011765
1 0.228676 0.627451 0.013235 0.013072
9 0.230515 0.630719 0.012500 0.037908
1 0.192279 0.660131 0.012500 0.020915
9 0.195956 0.659477 0.019853 0.043137
3 0.425735 0.581699 0.064706 0.083660
1 0.371324 0.533987 0.011765 0.016993
9 0.372794 0.535294 0.022059 0.014379
1 0.385662 0.464706 0.011029 0.019608
9 0.386397 0.464706 0.018382 0.022222
1 0.380147 0.422222 0.011765 0.018301
2 0.380515 0.426797 0.011029 0.035294
4 0.209191 0.229412 0.038971 0.095425
1 0.188603 0.163399 0.013971 0.023529
7 0.184191 0.152941 0.021324 0.062745
3 0.168015 0.024837 0.034559 0.049673
9 0.380147 0.018954 0.019118 0.027451
9 0.430147 0.173203 0.008824 0.040523
3 0.506250 0.713072 0.062500 0.077124
3 0.608456 0.629412 0.063971 0.074510
0 0.513235 0.892157 0.008824 0.014379
3 0.586765 0.878431 0.051471 0.067974
4 0.553309 0.464706 0.065441 0.074510
1 0.602574 0.388235 0.008088 0.018301
1 0.611397 0.381046 0.009559 0.019608
9 0.604044 0.385621 0.019853 0.023529
4 0.563235 0.307843 0.060294 0.058824
4 0.645221 0.261438 0.059559 0.065359
0 0.653309 0.187582 0.008088 0.016993
0 0.581250 0.161438 0.006618 0.014379
3 0.823897 0.277124 0.062500 0.070588
1 0.703309 0.341830 0.011029 0.019608
9 0.700000 0.345752 0.022059 0.024837
3 0.690809 0.556863 0.062500 0.075817
4 0.647794 0.843791 0.050000 0.064052
0 0.667647 0.949673 0.010294 0.016993
0 0.693750 0.900654 0.008088 0.023529
4 0.693382 0.767974 0.058824 0.111111
3 0.757721 0.737255 0.058088 0.099346
9 0.825735 0.823529 0.019118 0.018301
4 0.795221 0.484967 0.059559 0.086275
3 0.825000 0.594118 0.063235 0.061438
3 0.865809 0.507843 0.061029 0.061438
1 0.861397 0.466667 0.012500 0.015686
9 0.858824 0.469281 0.022059 0.023529
4 0.901471 0.394771 0.055882 0.065359
4 0.975000 0.481046 0.050000 0.086275
9 0.957721 0.110458 0.027206 0.024837
3 0.955882 0.167320 0.064706 0.073203
4 0.893015 0.098039 0.050735 0.086275
0 0.835662 0.054248 0.012500 0.024837
3 0.844485 0.113072 0.062500 0.098039
9 0.817279 0.128105 0.013971 0.036601
4 0.961765 0.040523 0.052941 0.081046
