3 0.294118 0.277778 0.010294 0.009150
3 0.315809 0.279085 0.009559 0.006536
5 0.347794 0.245098 0.016176 0.019608
3 0.361397 0.260784 0.006618 0.006536
3 0.370221 0.260784 0.006618 0.006536
5 0.313603 0.325490 0.011029 0.028758
5 0.370588 0.365359 0.023529 0.045752
3 0.394853 0.366013 0.010294 0.018301
3 0.332353 0.428105 0.016176 0.019608
3 0.251103 0.540523 0.022794 0.027451
3 0.469853 0.397386 0.011765 0.018301
3 0.284559 0.975163 0.057353 0.049673
3 0.244118 0.838562 0.035294 0.053595
8 0.326838 0.830065 0.078676 0.149020
4 0.384191 0.907843 0.049265 0.090196
3 0.437132 0.897386 0.033088 0.066667
3 0.441544 0.801961 0.030147 0.053595
3 0.393382 0.812418 0.035294 0.058824
3 0.381250 0.745752 0.031618 0.050980
3 0.426838 0.727451 0.028676 0.045752
3 0.452206 0.735294 0.035294 0.053595
3 0.415074 0.680392 0.025735 0.035294
4 0.443382 0.668627 0.030882 0.058824
3 0.486397 0.673203 0.025735 0.041830
0 0.396691 0.662092 0.005147 0.024837
8 0.380147 0.665359 0.054412 0.086275
3 0.435294 0.624183 0.027941 0.032680
3 0.469853 0.634641 0.023529 0.035294
3 0.462132 0.599346 0.019853 0.030065
3 0.467279 0.554902 0.021324 0.030065
3 0.482721 0.602614 0.021324 0.031373
3 0.483456 0.572549 0.019853 0.028758
3 0.497426 0.622876 0.021324 0.032680
3 0.513971 0.585621 0.019118 0.033987
3 0.495588 0.545752 0.019118 0.027451
3 0.492647 0.527451 0.020588 0.024837
3 0.509926 0.507190 0.019853 0.026144
5 0.529044 0.542484 0.027206 0.062745
3 0.512132 0.476471 0.015441 0.022222
3 0.521324 0.486275 0.019118 0.026144
3 0.546691 0.511111 0.015441 0.023529
3 0.533088 0.496732 0.016176 0.023529
3 0.552574 0.483007 0.013971 0.022222
3 0.556618 0.465359 0.013235 0.020915
0 0.516912 0.437908 0.002941 0.018301
0 0.513971 0.440523 0.001471 0.013072
3 0.524265 0.439869 0.013235 0.019608
3 0.527574 0.427451 0.012500 0.015686
8 0.539706 0.447059 0.023529 0.052288
5 0.547426 0.402614 0.016912 0.047059
5 0.552206 0.373856 0.016176 0.044444
5 0.563971 0.427451 0.019118 0.060131
5 0.569853 0.392157 0.013235 0.033987
3 0.569853 0.369935 0.010294 0.020915
3 0.560294 0.355556 0.008824 0.013072
3 0.574632 0.360784 0.009559 0.015686
3 0.566912 0.343791 0.007353 0.010458
3 0.578309 0.347059 0.006618 0.011765
3 0.582721 0.337908 0.006618 0.011765
3 0.586765 0.329412 0.007353 0.010458
8 0.570956 0.323529 0.015441 0.030065
3 0.587868 0.323529 0.006618 0.011765
3 0.590441 0.317647 0.005882 0.007843
3 0.578309 0.313725 0.006618 0.010458
3 0.581250 0.308497 0.006618 0.007843
3 0.580882 0.303922 0.007353 0.009150
3 0.584559 0.298039 0.005882 0.010458
3 0.583824 0.292157 0.005882 0.009150
3 0.586397 0.288889 0.005147 0.007843
3 0.588603 0.284314 0.005147 0.009150
3 0.590441 0.280392 0.005882 0.009150
3 0.594853 0.300000 0.007353 0.009150
3 0.593382 0.305882 0.007353 0.007843
3 0.591912 0.311765 0.007353 0.009150
3 0.597059 0.296078 0.005882 0.009150
3 0.597794 0.288235 0.007353 0.009150
3 0.600368 0.282353 0.006618 0.007843
3 0.864338 0.386928 0.015441 0.018301
3 0.824265 0.376471 0.025000 0.015686
3 0.894485 0.371242 0.022794 0.015686
3 0.888971 0.365359 0.022059 0.014379
3 0.879412 0.361438 0.022059 0.016993
3 0.872794 0.358824 0.017647 0.011765
3 0.871324 0.353595 0.017647 0.011765
3 0.751103 0.403268 0.024265 0.027451
3 0.733824 0.379739 0.025000 0.016993
3 0.727574 0.366667 0.021324 0.014379
3 0.724265 0.362092 0.022059 0.013072
3 0.720588 0.352288 0.019118 0.014379
3 0.714706 0.337255 0.019118 0.013072
3 0.788603 0.388235 0.025735 0.015686
3 0.786397 0.381699 0.025735 0.013072
3 0.783456 0.360784 0.024265 0.018301
0 0.752206 0.343137 0.002941 0.011765
3 0.783088 0.372549 0.022059 0.015686
3 0.772794 0.347712 0.020588 0.013072
3 0.786029 0.330719 0.019118 0.013072
3 0.766176 0.343791 0.019118 0.013072
3 0.766176 0.337908 0.020588 0.014379
3 0.774265 0.311111 0.017647 0.013072
3 0.780515 0.321569 0.016912 0.010458
3 0.781250 0.318301 0.016912 0.011765
3 0.797426 0.298039 0.015441 0.013072
3 0.804044 0.301961 0.015441 0.010458
3 0.807353 0.303268 0.014706 0.010458
3 0.810662 0.306536 0.016912 0.009150
3 0.814338 0.313072 0.015441 0.011765
4 0.825000 0.311765 0.023529 0.014379
4 0.847426 0.334641 0.027206 0.018301
4 0.842279 0.329412 0.019853 0.015686
3 0.836029 0.326797 0.019118 0.013072
3 0.829412 0.320915 0.017647 0.014379
3 0.833088 0.324837 0.017647 0.011765
3 0.825368 0.317647 0.016912 0.013072
