3 0.499219 0.679167 0.051562 0.084259
3 0.621615 0.925000 0.054688 0.105556
3 0.200260 0.521759 0.048438 0.073148
3 0.241406 0.491667 0.051562 0.059259
3 0.265365 0.455556 0.043229 0.040741
3 0.266667 0.436574 0.031250 0.039815
3 0.740365 0.699074 0.054688 0.085185
3 0.679948 0.589352 0.055729 0.075000
3 0.653125 0.527315 0.038542 0.067593
3 0.611719 0.463889 0.028646 0.057407
3 0.581250 0.438889 0.030208 0.046296
3 0.539844 0.421296 0.029687 0.048148
3 0.500000 0.416204 0.032292 0.054630
3 0.298698 0.417130 0.027604 0.050926
3 0.144531 0.599074 0.057812 0.092593
