9 0.090441 0.848366 0.039706 0.039216
0 0.156985 0.813072 0.016912 0.057516
3 0.613971 0.936601 0.051471 0.121569
3 0.543015 0.932680 0.044853 0.124183
3 0.579044 0.757516 0.041912 0.098039
9 0.579044 0.702614 0.028676 0.030065
3 0.562500 0.667974 0.058824 0.065359
0 0.529779 0.646405 0.009559 0.045752
6 0.523162 0.657516 0.016912 0.057516
3 0.544485 0.601307 0.041912 0.065359
3 0.469485 0.594118 0.031618 0.064052
4 0.323897 0.598039 0.037500 0.084967
1 0.441544 0.512418 0.009559 0.023529
9 0.440809 0.525490 0.006618 0.033987
1 0.486397 0.534641 0.012500 0.023529
1 0.483456 0.524837 0.009559 0.024837
9 0.483088 0.535948 0.011765 0.031373
4 0.527574 0.492810 0.059559 0.075817
8 0.522426 0.443791 0.069853 0.084967
4 0.517279 0.419608 0.034559 0.036601
3 0.494118 0.398693 0.020588 0.039216
3 0.515074 0.381046 0.041912 0.037908
3 0.417279 0.405882 0.024265 0.050980
1 0.373897 0.407190 0.008088 0.022222
2 0.373529 0.422876 0.007353 0.027451
4 0.507721 0.332026 0.033088 0.031373
3 0.524265 0.317647 0.038235 0.028758
3 0.504412 0.307190 0.038235 0.026144
7 0.507353 0.273203 0.019118 0.026144
3 0.538603 0.282353 0.019853 0.023529
3 0.536029 0.273856 0.022059 0.022222
3 0.498529 0.247059 0.016176 0.023529
4 0.365809 0.292810 0.040441 0.033987
3 0.360294 0.262092 0.022059 0.027451
3 0.396324 0.241176 0.014706 0.024837
9 0.359559 0.236601 0.010294 0.015686
2 0.364338 0.226797 0.011029 0.011765
3 0.384926 0.190850 0.019853 0.018301
3 0.497059 0.202614 0.011765 0.018301
3 0.495956 0.192157 0.009559 0.015686
3 0.486397 0.182353 0.021324 0.016993
3 0.488971 0.171242 0.019118 0.018301
3 0.486397 0.159477 0.008088 0.013072
3 0.482721 0.152941 0.018382 0.018301
3 0.409926 0.172549 0.012500 0.018301
3 0.413235 0.162092 0.013235 0.015686
3 0.419485 0.155556 0.013971 0.015686
3 0.416912 0.145098 0.011765 0.013072
9 0.389338 0.159477 0.009559 0.013072
9 0.392647 0.143791 0.008824 0.010458
5 0.402206 0.130065 0.023529 0.024837
9 0.501838 0.152288 0.008088 0.011765
3 0.502574 0.136601 0.009559 0.014379
3 0.486765 0.139869 0.011765 0.010458
3 0.486397 0.135948 0.008088 0.013072
3 0.481985 0.130065 0.009559 0.016993
3 0.489706 0.122222 0.014706 0.014379
3 0.483456 0.119608 0.009559 0.014379
5 0.423162 0.106536 0.011029 0.024837
3 0.450368 0.089542 0.009559 0.014379
3 0.408456 0.085621 0.013971 0.011765
