0 0.353309 0.458170 0.006618 0.019608
0 0.348529 0.430719 0.005882 0.019608
0 0.344485 0.433987 0.005147 0.018301
0 0.293750 0.722222 0.006618 0.027451
0 0.285294 0.732026 0.007353 0.026144
0 0.285294 0.750980 0.004412 0.016993
0 0.495956 0.657516 0.005147 0.018301
0 0.691176 0.598693 0.004412 0.020915
0 0.697059 0.609804 0.004412 0.022222
0 0.720221 0.541830 0.003676 0.022222
3 0.574632 0.382353 0.025735 0.019608
3 0.607353 0.390196 0.017647 0.016993
3 0.609559 0.373203 0.022059 0.014379
3 0.635294 0.386275 0.020588 0.016993
3 0.647059 0.358170 0.010294 0.015686
3 0.647426 0.349673 0.009559 0.011765
3 0.662132 0.364706 0.016912 0.015686
3 0.675735 0.368627 0.017647 0.015686
3 0.673162 0.384314 0.021324 0.015686
3 0.719485 0.388235 0.018382 0.015686
0 0.772059 0.526797 0.004412 0.018301
0 0.763603 0.524837 0.003676 0.022222
0 0.760294 0.535948 0.004412 0.020915
0 0.754044 0.539869 0.003676 0.023529
0 0.752206 0.530065 0.004412 0.022222
0 0.733456 0.539869 0.003676 0.020915
0 0.742647 0.539869 0.002941 0.018301
0 0.747059 0.538562 0.002941 0.023529
0 0.782353 0.524183 0.004412 0.020915
0 0.807353 0.518301 0.004412 0.016993
0 0.850368 0.480392 0.003676 0.016993
0 0.853676 0.479739 0.002941 0.018301
0 0.860294 0.477124 0.002941 0.018301
0 0.858088 0.477124 0.002941 0.018301
0 0.911029 0.451634 0.004412 0.019608
0 0.916544 0.454902 0.003676 0.020915
0 0.941912 0.466013 0.004412 0.019608
0 0.925735 0.522876 0.004412 0.018301
0 0.934559 0.528105 0.005882 0.020915
0 0.938971 0.525490 0.004412 0.023529
0 0.948529 0.522876 0.004412 0.020915
0 0.952574 0.526144 0.003676 0.016993
0 0.959191 0.526144 0.006618 0.014379
0 0.994853 0.556209 0.005882 0.019608
0 0.988235 0.555556 0.005882 0.020915
0 0.969118 0.525490 0.005882 0.020915
0 0.966912 0.510458 0.004412 0.019608
0 0.970588 0.507190 0.002941 0.018301
0 0.972794 0.514379 0.002941 0.011765
0 0.974632 0.524837 0.005147 0.019608
0 0.968750 0.525490 0.005147 0.020915
0 0.980515 0.526144 0.003676 0.019608
0 0.982353 0.507843 0.004412 0.014379
0 0.981618 0.497386 0.002941 0.019608
0 0.981985 0.487582 0.005147 0.020915
0 0.964338 0.480392 0.005147 0.019608
0 0.976471 0.477778 0.004412 0.011765
0 0.977574 0.470588 0.003676 0.020915
0 0.990809 0.470588 0.003676 0.015686
0 0.987868 0.491503 0.005147 0.018301
0 0.994118 0.501307 0.004412 0.019608
0 0.992279 0.495425 0.005147 0.020915
0 0.922059 0.452941 0.002941 0.016993
