3 0.270313 0.937963 0.038542 0.112963
3 0.506250 0.646296 0.025000 0.040741
3 0.685417 0.826852 0.039583 0.072222
3 0.335417 0.542593 0.018750 0.048148
3 0.468229 0.500000 0.015625 0.029630
3 0.354687 0.460185 0.015625 0.027778
3 0.380208 0.440741 0.014583 0.025926
3 0.354687 0.416667 0.013542 0.022222
3 0.408333 0.400926 0.018750 0.020370
3 0.430729 0.335185 0.011458 0.014815
3 0.432292 0.370370 0.020833 0.018519
3 0.438021 0.431481 0.013542 0.025926
3 0.517188 0.510185 0.017708 0.031481
3 0.430208 0.387037 0.012500 0.018519
3 0.443229 0.320370 0.009375 0.014815
3 0.425000 0.314815 0.008333 0.014815
3 0.445833 0.347222 0.010417 0.016667
3 0.448437 0.363889 0.011458 0.016667
4 0.487500 0.483333 0.016667 0.037037
4 0.517708 0.444444 0.014583 0.029630
5 0.457292 0.417593 0.012500 0.024074
3 0.272396 0.375926 0.015625 0.018519
3 0.289062 0.371296 0.017708 0.020370
3 0.284896 0.400000 0.011458 0.018519
3 0.323958 0.357407 0.025000 0.014815
3 0.325000 0.351852 0.025000 0.014815
3 0.329167 0.346296 0.025000 0.014815
3 0.355208 0.330556 0.008333 0.012963
3 0.338542 0.314815 0.006250 0.011111
4 0.451562 0.386111 0.011458 0.020370
3 0.471875 0.339815 0.008333 0.012963
3 0.499479 0.354630 0.026042 0.016667
3 0.326562 0.312037 0.009375 0.009259
1 0.310937 0.626852 0.007292 0.016667
0 0.618750 0.545370 0.006250 0.027778
0 0.545833 0.452778 0.006250 0.016667
1 0.518750 0.551852 0.006250 0.014815
9 0.518750 0.558333 0.010417 0.020370
4 0.445833 0.475000 0.014583 0.031481
0 0.505729 0.376852 0.003125 0.016667
0 0.496354 0.375926 0.005208 0.022222
0 0.510938 0.392593 0.005208 0.014815
3 0.501563 0.381481 0.007292 0.018519
0 0.232813 0.841667 0.009375 0.035185
