5 0.415809 0.148366 0.024265 0.124183
3 0.536029 0.219608 0.027941 0.096732
3 0.457721 0.266667 0.021324 0.078431
3 0.427941 0.418301 0.023529 0.086275
3 0.501471 0.315686 0.020588 0.090196
3 0.542279 0.345098 0.024265 0.086275
3 0.505147 0.482353 0.023529 0.094118
3 0.539706 0.486275 0.022059 0.083660
3 0.595221 0.343137 0.056618 0.045752
0 0.584559 0.253595 0.004412 0.018301
0 0.583456 0.284314 0.005147 0.016993
4 0.637132 0.102614 0.038971 0.037908
9 0.720588 0.033987 0.011765 0.026144
0 0.720221 0.030719 0.008088 0.019608
9 0.663603 0.069935 0.019853 0.014379
9 0.642647 0.043137 0.016176 0.015686
9 0.643750 0.028758 0.015441 0.015686
9 0.641912 0.013072 0.014706 0.015686
9 0.660662 0.013072 0.016912 0.018301
9 0.665441 0.035948 0.016176 0.014379
9 0.667647 0.045098 0.017647 0.011765
9 0.667647 0.054902 0.016176 0.015686
0 0.168382 0.314379 0.011765 0.011765
3 0.262500 0.482353 0.050000 0.044444
3 0.199265 0.483660 0.054412 0.044444
3 0.107721 0.486928 0.058088 0.043137
9 0.145221 0.700654 0.008088 0.033987
7 0.200000 0.711111 0.039706 0.028758
9 0.341912 0.577124 0.019118 0.014379
1 0.341176 0.577778 0.010294 0.015686
1 0.254412 0.720915 0.008824 0.016993
1 0.259926 0.705882 0.011029 0.013072
1 0.264706 0.692157 0.008824 0.011765
1 0.247426 0.701961 0.009559 0.015686
3 0.364706 0.748366 0.020588 0.079739
3 0.377941 0.937255 0.055882 0.060131
9 0.349265 0.536601 0.019118 0.014379
1 0.343750 0.536601 0.006618 0.016993
1 0.349265 0.537255 0.007353 0.015686
6 0.420221 0.572549 0.012500 0.052288
1 0.420956 0.581699 0.009559 0.018301
8 0.459191 0.632680 0.034559 0.180392
3 0.544853 0.622222 0.023529 0.091503
3 0.516544 0.894771 0.024265 0.103268
3 0.554779 0.892810 0.024265 0.107190
9 0.715441 0.173203 0.017647 0.030065
9 0.743382 0.158824 0.007353 0.027451
9 0.754779 0.166667 0.008088 0.027451
2 0.737868 0.250327 0.009559 0.027451
0 0.643382 0.422876 0.008824 0.014379
3 0.624265 0.890850 0.022059 0.098039
9 0.573162 0.553595 0.008088 0.032680
1 0.572794 0.554248 0.008824 0.013072
9 0.654412 0.583007 0.020588 0.010458
1 0.656250 0.583007 0.006618 0.013072
0 0.745956 0.612418 0.012500 0.009150
9 0.725368 0.737255 0.018382 0.013072
4 0.685662 0.406536 0.063971 0.036601
4 0.755882 0.409150 0.045588 0.031373
6 0.805882 0.398039 0.033824 0.022222
1 0.802941 0.398039 0.010294 0.016993
3 0.756250 0.347059 0.049265 0.040523
9 0.708088 0.255556 0.008824 0.030065
0 0.712500 0.257516 0.007353 0.020915
0 0.762132 0.043137 0.011029 0.023529
0 0.783824 0.125490 0.007353 0.015686
9 0.818750 0.260784 0.018382 0.011765
9 0.670588 0.333987 0.023529 0.016993
9 0.635294 0.311765 0.019118 0.011765
1 0.635294 0.311111 0.008824 0.015686
9 0.613603 0.307843 0.019853 0.014379
1 0.615809 0.305229 0.006618 0.016993
9 0.812132 0.715686 0.009559 0.037908
9 0.981250 0.738562 0.013971 0.026144
9 0.982353 0.713725 0.008824 0.028758
3 0.843015 0.667974 0.046324 0.086275
3 0.856985 0.592810 0.050735 0.040523
3 0.882721 0.681046 0.041912 0.083660
3 0.912868 0.661438 0.040441 0.094118
3 0.950735 0.656863 0.036765 0.087582
3 0.981985 0.655556 0.036029 0.090196
3 0.942279 0.282353 0.046324 0.065359
3 0.986765 0.226144 0.026471 0.060131
9 0.924265 0.095425 0.020588 0.018301
9 0.914338 0.190196 0.015441 0.019608
0 0.311765 0.834641 0.008824 0.016993
