3 0.433073 0.828704 0.050521 0.129630
9 0.620052 0.590278 0.009896 0.036111
1 0.495052 0.691204 0.007812 0.037963
9 0.494792 0.704167 0.009375 0.039815
1 0.512760 0.650463 0.009896 0.037963
9 0.512500 0.660185 0.012500 0.038889
1 0.518229 0.581019 0.008333 0.034259
2 0.518229 0.589815 0.008333 0.029630
0 0.583854 0.493056 0.008333 0.032407
4 0.537500 0.364815 0.013542 0.025926
3 0.527344 0.338426 0.009896 0.015741
3 0.524219 0.327778 0.010937 0.018519
3 0.422135 0.339352 0.011979 0.021296
0 0.565104 0.446759 0.005208 0.025000
0 0.513802 0.459259 0.003646 0.024074
0 0.502344 0.456019 0.005729 0.030556
0 0.507031 0.462500 0.003646 0.017593
3 0.457031 0.413426 0.017188 0.026852
0 0.475781 0.451852 0.004687 0.018519
0 0.475000 0.455093 0.004167 0.017593
9 0.475260 0.459722 0.005729 0.021296
1 0.490365 0.460648 0.005729 0.019444
1 0.490885 0.465278 0.004687 0.017593
9 0.490885 0.465741 0.005729 0.022222
1 0.496094 0.406481 0.004687 0.020370
9 0.496615 0.411574 0.004687 0.017593
1 0.492448 0.399074 0.003646 0.016667
9 0.492448 0.402315 0.003646 0.015741
1 0.478646 0.401852 0.004167 0.018519
9 0.478906 0.406944 0.004687 0.017593
9 0.472396 0.399074 0.003125 0.016667
9 0.482812 0.389815 0.004167 0.014815
9 0.490104 0.381944 0.003125 0.013889
9 0.469792 0.386574 0.005208 0.015741
1 0.472135 0.395833 0.003646 0.015741
1 0.469531 0.382407 0.004687 0.016667
1 0.483073 0.386574 0.003646 0.015741
1 0.489844 0.376852 0.003646 0.014815
1 0.485156 0.362037 0.002604 0.011111
9 0.485156 0.365741 0.003646 0.012963
0 0.476562 0.287963 0.002083 0.011111
0 0.485677 0.311111 0.002604 0.012963
1 0.480469 0.320833 0.002604 0.010185
9 0.480469 0.325000 0.003646 0.011111
3 0.061979 0.743519 0.107292 0.090741
3 0.153646 0.630093 0.069792 0.060185
1 0.355729 0.831019 0.012500 0.062037
9 0.354167 0.843981 0.017708 0.071296
1 0.357812 0.628241 0.010417 0.034259
9 0.357292 0.634722 0.014583 0.036111
1 0.347135 0.693981 0.011979 0.041667
9 0.347917 0.701389 0.012500 0.058333
0 0.331510 0.693981 0.013021 0.056481
0 0.300000 0.500463 0.006250 0.032407
9 0.289844 0.493981 0.016146 0.021296
