3 0.036397 0.066013 0.065441 0.092810
3 0.092279 0.098693 0.041912 0.100654
3 0.159926 0.126144 0.053676 0.113725
4 0.243382 0.127451 0.075000 0.087582
3 0.312500 0.166667 0.063235 0.069281
3 0.063235 0.244444 0.083824 0.073203
3 0.175000 0.333333 0.089706 0.083660
1 0.159191 0.333987 0.021324 0.035294
2 0.097059 0.205229 0.032353 0.036601
1 0.092647 0.195425 0.016176 0.035294
3 0.298162 0.737908 0.086029 0.166013
2 0.256985 0.926797 0.018382 0.081046
1 0.256250 0.915033 0.019853 0.039216
9 0.296691 0.298039 0.033088 0.036601
1 0.302574 0.298693 0.012500 0.037908
1 0.294118 0.294771 0.016176 0.040523
3 0.508824 0.071242 0.045588 0.103268
3 0.478676 0.568627 0.104412 0.099346
3 0.547426 0.717647 0.106618 0.104575
3 0.649265 0.668627 0.105882 0.111111
1 0.483088 0.186275 0.013235 0.040523
1 0.484191 0.176471 0.011029 0.036601
1 0.497794 0.193464 0.011765 0.044444
1 0.517279 0.194771 0.015441 0.047059
1 0.519485 0.186275 0.009559 0.032680
1 0.670588 0.152941 0.011765 0.031373
1 0.511765 0.343791 0.013235 0.039216
1 0.507353 0.341830 0.010294 0.027451
9 0.481618 0.196732 0.014706 0.043137
9 0.495221 0.208497 0.012500 0.037908
9 0.519118 0.207190 0.011765 0.045752
9 0.670956 0.164706 0.011029 0.044444
9 0.510294 0.347712 0.030882 0.039216
0 0.669853 0.279739 0.013235 0.044444
0 0.672794 0.271895 0.011765 0.044444
4 0.484559 0.453595 0.091176 0.094118
1 0.469118 0.451634 0.020588 0.030065
3 0.912868 0.622876 0.109559 0.100654
5 0.837868 0.456863 0.138971 0.147712
9 0.921324 0.461438 0.032353 0.039216
1 0.924265 0.463399 0.019118 0.048366
9 0.976471 0.481699 0.033824 0.040523
1 0.982721 0.473856 0.027206 0.032680
