3 0.496691 0.472549 0.103676 0.095425
3 0.252574 0.856863 0.156618 0.137255
3 0.282353 0.738562 0.133824 0.115033
3 0.296691 0.641830 0.131618 0.094118
3 0.313235 0.569281 0.120588 0.079739
3 0.309191 0.515033 0.108088 0.070588
3 0.336029 0.471242 0.094118 0.079739
3 0.348162 0.413072 0.097794 0.073203
3 0.349632 0.365359 0.084559 0.069281
3 0.700368 0.605229 0.122794 0.120261
3 0.680882 0.467320 0.100000 0.079739
3 0.661029 0.401961 0.092647 0.071895
3 0.646691 0.350327 0.090441 0.065359
3 0.641912 0.304575 0.083824 0.060131
3 0.645221 0.275817 0.083088 0.057516
3 0.642647 0.246405 0.075000 0.056209
3 0.743750 0.275817 0.040441 0.073203
3 0.883088 0.658170 0.083824 0.163399
3 0.949265 0.842484 0.101471 0.205229
3 0.979779 0.305229 0.040441 0.074510
3 0.701471 0.130719 0.061765 0.041830
3 0.764706 0.075163 0.026471 0.040523
3 0.783088 0.026144 0.032353 0.044444
3 0.730147 0.115033 0.058824 0.039216
3 0.796324 0.105882 0.052941 0.044444
4 0.837132 0.076471 0.034559 0.056209
4 0.636029 0.199346 0.052941 0.064052
3 0.647059 0.088889 0.050000 0.033987
3 0.580882 0.068627 0.057353 0.037908
4 0.646691 0.020261 0.025735 0.040523
3 0.815809 0.013725 0.027206 0.027451
3 0.772426 0.360784 0.047794 0.096732
3 0.865441 0.057516 0.023529 0.036601
9 0.033456 0.532680 0.034559 0.050980
9 0.064706 0.530065 0.039706 0.058824
9 0.094118 0.535948 0.039706 0.065359
9 0.115441 0.529412 0.023529 0.065359
6 0.525000 0.312418 0.020588 0.065359
9 0.564706 0.469281 0.016176 0.057516
2 0.378309 0.294771 0.033088 0.030065
1 0.564706 0.447712 0.010294 0.032680
1 0.566176 0.466667 0.011765 0.031373
0 0.541176 0.298693 0.010294 0.050980
0 0.563971 0.387582 0.013235 0.053595
0 0.585294 0.425490 0.010294 0.069281
0 0.600735 0.428758 0.008824 0.060131
0 0.606985 0.370588 0.011029 0.050980
0 0.506618 0.204575 0.010294 0.050980
0 0.493382 0.187582 0.010294 0.043137
0 0.480147 0.248366 0.013235 0.052288
0 0.453309 0.298693 0.008088 0.050980
0 0.431985 0.292157 0.012500 0.058824
0 0.418015 0.227451 0.013971 0.054902
0 0.411029 0.342484 0.008824 0.060131
0 0.403676 0.326797 0.007353 0.052288
0 0.420956 0.331373 0.009559 0.058824
1 0.943382 0.639869 0.014706 0.058824
1 0.526471 0.243137 0.010294 0.031373
0 0.197059 0.390850 0.016176 0.057516
0 0.237868 0.383007 0.018382 0.062745
2 0.524632 0.259477 0.013971 0.019608
9 0.491912 0.203922 0.014706 0.036601
9 0.938603 0.667320 0.021324 0.061438
9 0.779412 0.127451 0.017647 0.022222
1 0.779412 0.117647 0.007353 0.033987
1 0.644118 0.688235 0.020588 0.053595
1 0.654044 0.861438 0.024265 0.060131
1 0.650368 0.839216 0.018382 0.057516
9 0.409926 0.260784 0.012500 0.037908
0 0.583824 0.407843 0.010294 0.052288
0 0.609926 0.050327 0.009559 0.030065
1 0.236397 0.572549 0.018382 0.044444
