3 0.885156 0.357870 0.046354 0.030556
3 0.619271 0.967130 0.070833 0.065741
3 0.563802 0.806944 0.069271 0.123148
3 0.459635 0.695370 0.042188 0.079630
3 0.538802 0.629630 0.043229 0.072222
3 0.450260 0.560185 0.033854 0.057407
3 0.490104 0.458796 0.027083 0.039815
4 0.439583 0.459259 0.023958 0.051852
4 0.446615 0.426389 0.022396 0.045370
4 0.483333 0.397685 0.018750 0.037963
3 0.484896 0.370370 0.020833 0.029630
3 0.443490 0.373148 0.020313 0.033333
3 0.511458 0.333796 0.016667 0.026852
3 0.482031 0.325926 0.017188 0.027778
3 0.447396 0.339815 0.019792 0.031481
5 0.548958 0.278704 0.040625 0.037037
3 0.792188 0.347222 0.040625 0.029630
4 0.784375 0.329167 0.033333 0.026852
3 0.636719 0.311574 0.036979 0.030556
3 0.591406 0.298611 0.030729 0.023148
1 0.584115 0.282407 0.004687 0.012963
3 0.482552 0.287500 0.014063 0.021296
3 0.488802 0.264352 0.013021 0.019444
3 0.451302 0.302778 0.017188 0.025926
3 0.396875 0.282407 0.015625 0.022222
3 0.455208 0.264815 0.014583 0.022222
3 0.430208 0.259259 0.014583 0.024074
3 0.409375 0.253704 0.014583 0.018519
1 0.391406 0.237963 0.003646 0.012963
2 0.391667 0.243981 0.005208 0.008333
8 0.419531 0.213426 0.026562 0.037963
3 0.434635 0.226852 0.010937 0.016667
3 0.448958 0.233333 0.013542 0.018519
3 0.435937 0.206481 0.010417 0.012963
3 0.447917 0.213889 0.011458 0.014815
4 0.463542 0.214815 0.011458 0.020370
4 0.517188 0.200926 0.010417 0.016667
3 0.473177 0.209722 0.010937 0.013889
3 0.480208 0.203704 0.008333 0.012963
3 0.488021 0.196296 0.008333 0.012963
3 0.496354 0.192130 0.010417 0.012037
3 0.502604 0.185185 0.009375 0.012963
3 0.528646 0.172685 0.009375 0.012037
4 0.542188 0.160648 0.008333 0.013889
3 0.550521 0.158796 0.006250 0.010185
3 0.573177 0.143056 0.005729 0.008333
5 0.585156 0.132407 0.007812 0.014815
3 0.598437 0.129167 0.004167 0.006481
3 0.603646 0.130093 0.005208 0.006481
3 0.554948 0.150926 0.005729 0.007407
3 0.536458 0.160648 0.006250 0.010185
4 0.525260 0.168056 0.005729 0.012037
3 0.517708 0.168056 0.007292 0.012037
5 0.512240 0.170370 0.008854 0.012963
3 0.507812 0.176389 0.007292 0.010185
3 0.500781 0.176852 0.006771 0.009259
4 0.494792 0.179630 0.008333 0.011111
3 0.486458 0.185648 0.008333 0.010185
3 0.480469 0.190741 0.006771 0.011111
4 0.473698 0.193981 0.010937 0.012037
3 0.467187 0.199537 0.010417 0.012037
3 0.457552 0.207407 0.009896 0.012963
3 0.455469 0.194444 0.010937 0.014815
3 0.467969 0.189352 0.008854 0.012037
3 0.492708 0.170833 0.009375 0.008333
3 0.476562 0.170370 0.014583 0.011111
