3 0.689706 0.616993 0.060294 0.151634
3 0.743015 0.273203 0.062500 0.062745
3 0.751471 0.075163 0.016176 0.032680
3 0.798897 0.115686 0.021324 0.037908
3 0.756985 0.028105 0.016912 0.030065
3 0.097059 0.367974 0.042647 0.074510
3 0.364338 0.536601 0.118382 0.124183
3 0.433824 0.430065 0.058824 0.088889
3 0.472426 0.352288 0.055147 0.095425
3 0.338235 0.337255 0.086765 0.081046
3 0.298897 0.383007 0.087500 0.086275
3 0.285662 0.479739 0.106618 0.083660
3 0.287868 0.426797 0.097794 0.074510
3 0.215809 0.520915 0.105147 0.095425
3 0.190809 0.812418 0.149265 0.134641
3 0.173897 0.924183 0.100735 0.135948
3 0.276103 0.086928 0.047794 0.037908
4 0.351471 0.285621 0.055882 0.053595
4 0.021324 0.384967 0.042647 0.074510
4 0.295956 0.145098 0.055147 0.052288
4 0.367279 0.126144 0.044853 0.043137
4 0.430515 0.139216 0.055147 0.037908
4 0.431985 0.279739 0.068382 0.060131
3 0.431985 0.249673 0.071324 0.044444
3 0.054044 0.778431 0.103676 0.111111
1 0.836765 0.062092 0.008824 0.027451
0 0.975000 0.186275 0.005882 0.032680
0 0.983824 0.186928 0.007353 0.033987
3 0.577574 0.182353 0.058088 0.035294
3 0.540074 0.110458 0.027206 0.045752
3 0.605515 0.103268 0.022794 0.049673
3 0.618382 0.081699 0.019118 0.037908
3 0.633088 0.047059 0.014706 0.033987
3 0.644485 0.030719 0.015441 0.027451
3 0.654779 0.009804 0.021324 0.016993
0 0.466912 0.839869 0.017647 0.087582
0 0.484191 0.875817 0.018382 0.086275
0 0.129779 0.324837 0.015441 0.064052
0 0.145588 0.313072 0.016176 0.050980
0 0.298897 0.257516 0.008088 0.044444
0 0.306250 0.258824 0.008088 0.039216
0 0.320221 0.258170 0.011029 0.043137
1 0.270221 0.255556 0.008088 0.032680
2 0.269853 0.273203 0.019118 0.026144
2 0.377574 0.728105 0.018382 0.033987
1 0.377206 0.693464 0.010294 0.043137
1 0.387868 0.692157 0.008088 0.050980
1 0.633088 0.103268 0.004412 0.031373
1 0.642279 0.099346 0.008088 0.023529
