3 0.070052 0.740741 0.045312 0.090741
2 0.114062 0.904630 0.042708 0.057407
1 0.109375 0.888889 0.020833 0.050000
3 0.145573 0.556481 0.059896 0.061111
2 0.027344 0.434259 0.020313 0.022222
1 0.028385 0.425926 0.011979 0.033333
3 0.129427 0.408333 0.047396 0.040741
3 0.165885 0.403704 0.047396 0.038889
3 0.165885 0.423611 0.047396 0.043519
3 0.217188 0.396759 0.036458 0.034259
3 0.195833 0.373148 0.044792 0.037037
4 0.229687 0.365278 0.043750 0.043519
3 0.254688 0.344444 0.034375 0.029630
3 0.280729 0.346296 0.037500 0.029630
7 0.265625 0.365278 0.028125 0.037963
2 0.258854 0.326852 0.012500 0.016667
1 0.257812 0.320370 0.007292 0.022222
3 0.300000 0.325000 0.034375 0.029630
3 0.310677 0.346296 0.031771 0.031481
3 0.326042 0.322222 0.035417 0.037037
3 0.336719 0.304167 0.026562 0.025000
5 0.365104 0.310185 0.053125 0.057407
3 0.334115 0.403241 0.045312 0.036111
9 0.251042 0.452778 0.020833 0.024074
1 0.250781 0.445833 0.011979 0.026852
3 0.410677 0.295370 0.030729 0.031481
3 0.398177 0.291667 0.024479 0.027778
4 0.439844 0.278704 0.025521 0.033333
3 0.429167 0.274537 0.029167 0.026852
8 0.423437 0.251389 0.063542 0.054630
3 0.464062 0.268519 0.025000 0.024074
3 0.461979 0.258333 0.026042 0.022222
3 0.464323 0.244907 0.021354 0.023148
3 0.488021 0.256481 0.023958 0.024074
3 0.486198 0.243056 0.023438 0.023148
3 0.491667 0.232870 0.023958 0.021296
4 0.493229 0.217593 0.026042 0.029630
3 0.517188 0.242130 0.025000 0.023148
3 0.514323 0.231944 0.023438 0.021296
4 0.535417 0.226852 0.020833 0.027778
3 0.532292 0.221296 0.018750 0.020370
3 0.514844 0.219907 0.021354 0.019444
3 0.535417 0.212500 0.021875 0.019444
3 0.557292 0.209259 0.019792 0.020370
4 0.586979 0.200000 0.020833 0.024074
3 0.545573 0.257870 0.025521 0.023148
3 0.588802 0.243981 0.023438 0.021296
3 0.704688 0.129167 0.013542 0.013889
3 0.744531 0.110648 0.011979 0.012037
3 0.801823 0.087963 0.009896 0.011111
3 0.799219 0.102315 0.010937 0.012037
3 0.782292 0.093056 0.011458 0.012037
3 0.817187 0.078704 0.007292 0.009259
3 0.822396 0.082870 0.007292 0.010185
