8 0.347917 0.233333 0.023958 0.042593
5 0.356250 0.263889 0.015625 0.033333
5 0.518229 0.375000 0.062500 0.055556
5 0.206250 0.310185 0.040625 0.029630
8 0.521354 0.495370 0.052083 0.144444
3 0.361979 0.231481 0.010417 0.012963
3 0.368750 0.245370 0.011458 0.022222
3 0.378646 0.265741 0.016667 0.014815
3 0.380208 0.255556 0.011458 0.020370
3 0.468750 0.301852 0.019792 0.027778
3 0.068229 0.287963 0.027083 0.022222
3 0.075000 0.273148 0.019792 0.018519
3 0.157812 0.288889 0.025000 0.020370
3 0.289062 0.343519 0.037500 0.025926
3 0.156771 0.313889 0.027083 0.022222
3 0.555729 0.363889 0.029167 0.025926
3 0.908854 0.433333 0.058333 0.031481
3 0.698958 0.387963 0.051042 0.037037
3 0.600521 0.399074 0.047917 0.033333
3 0.731771 0.414815 0.054167 0.035185
3 0.547396 0.411111 0.050000 0.035185
3 0.427083 0.355556 0.038542 0.031481
3 0.384635 0.327315 0.028646 0.026852
3 0.320312 0.325926 0.033333 0.027778
3 0.109375 0.299074 0.032292 0.025926
3 0.221354 0.328704 0.027083 0.022222
3 0.104167 0.261111 0.017708 0.027778
3 0.350000 0.389815 0.023958 0.037037
3 0.333854 0.444444 0.025000 0.046296
3 0.338542 0.552778 0.030208 0.055556
3 0.307292 0.725926 0.059375 0.124074
3 0.403125 0.482407 0.034375 0.051852
3 0.462500 0.429630 0.051042 0.046296
3 0.452604 0.477778 0.022917 0.053704
3 0.457292 0.536111 0.030208 0.055556
3 0.455729 0.599074 0.031250 0.070370
3 0.521875 0.605556 0.030208 0.068519
3 0.541667 0.735185 0.042708 0.094444
4 0.551562 0.869444 0.043750 0.129630
1 0.259375 0.548148 0.007292 0.038889
1 0.161979 0.802778 0.014583 0.061111
7 0.401823 0.309722 0.014063 0.028704
0 0.857292 0.401852 0.007292 0.038889
0 0.826042 0.389815 0.005208 0.029630
1 0.811979 0.400000 0.006250 0.027778
9 0.809896 0.406481 0.012500 0.018519
9 0.258333 0.561111 0.007292 0.024074
9 0.158854 0.830556 0.012500 0.051852
0 0.589583 0.512037 0.007292 0.037037
0 0.595313 0.516667 0.006250 0.027778
1 0.507292 0.334259 0.005208 0.018519
9 0.509375 0.341667 0.017708 0.011111
3 0.355990 0.188889 0.013021 0.016667
2 0.596094 0.525463 0.006771 0.021296
5 0.326562 0.190278 0.014583 0.021296
1 0.326302 0.281019 0.004687 0.015741
1 0.319271 0.282407 0.005208 0.018519
2 0.319531 0.287963 0.005729 0.012963
2 0.326042 0.287963 0.005208 0.014815
1 0.312500 0.223148 0.004167 0.012963
9 0.313281 0.229630 0.004687 0.009259
3 0.151823 0.216204 0.009896 0.015741
3 0.130990 0.216667 0.010937 0.018519
3 0.156771 0.208796 0.011458 0.015741
3 0.171875 0.204167 0.017708 0.017593
3 0.236719 0.208333 0.013021 0.020370
1 0.677344 0.367130 0.005729 0.017593
1 0.681771 0.368981 0.006250 0.012037
9 0.678646 0.375463 0.020833 0.015741
3 0.259896 0.148611 0.011458 0.017593
3 0.319792 0.204630 0.011458 0.012963
3 0.335417 0.215278 0.010417 0.015741
