3 0.033088 0.658170 0.066176 0.108497
0 0.081618 0.683660 0.036765 0.073203
3 0.199632 0.584314 0.058088 0.159477
3 0.313603 0.498693 0.066912 0.139869
2 0.427574 0.382353 0.034559 0.045752
2 0.475735 0.491503 0.057353 0.101961
3 0.600735 0.460131 0.100000 0.125490
2 0.524632 0.326144 0.033088 0.043137
2 0.658456 0.400654 0.013971 0.061438
6 0.695956 0.395425 0.053676 0.079739
9 0.693750 0.320261 0.021324 0.054902
3 0.863971 0.359477 0.086765 0.117647
3 0.948529 0.378431 0.102941 0.116340
3 0.943015 0.302614 0.087500 0.092810
3 0.512500 0.754902 0.138235 0.126797
2 0.080882 0.864706 0.060294 0.069281
1 0.079044 0.867320 0.028676 0.064052
