3 0.300368 0.883660 0.053676 0.141176
3 0.454044 0.814379 0.046324 0.141176
3 0.423529 0.592810 0.047059 0.126797
3 0.396691 0.461438 0.049265 0.128105
3 0.485662 0.315686 0.046324 0.126797
3 0.551103 0.366667 0.049265 0.126797
3 0.681618 0.439216 0.075000 0.083660
3 0.708088 0.352941 0.069118 0.073203
3 0.709559 0.275817 0.076471 0.067974
3 0.720956 0.183660 0.069853 0.061438
3 0.735294 0.109804 0.072059 0.070588
3 0.752206 0.022876 0.058824 0.045752
4 0.137868 0.610458 0.047794 0.107190
2 0.513971 0.926144 0.013235 0.050980
1 0.514706 0.928105 0.011765 0.023529
3 0.546324 0.050327 0.045588 0.100654
3 0.502206 0.034641 0.044118 0.069281
1 0.330882 0.735294 0.013235 0.022222
9 0.331985 0.732026 0.016912 0.044444
1 0.287500 0.777124 0.013235 0.027451
2 0.289706 0.776471 0.017647 0.047059
1 0.519485 0.792157 0.012500 0.028758
9 0.518382 0.791503 0.017647 0.058824
1 0.474265 0.231373 0.010294 0.031373
2 0.095221 0.556863 0.016912 0.044444
1 0.556985 0.514379 0.011029 0.030065
9 0.557721 0.512418 0.013971 0.044444
1 0.413235 0.305229 0.013235 0.027451
9 0.412868 0.308497 0.013971 0.039216
0 0.119853 0.297386 0.017647 0.030065
0 0.091176 0.281699 0.017647 0.022222
2 0.065074 0.307843 0.030147 0.016993
3 0.021691 0.332026 0.043382 0.073203
9 0.084191 0.548366 0.016912 0.043137
9 0.128309 0.523529 0.016912 0.050980
9 0.067279 0.543791 0.018382 0.041830
9 0.079412 0.496732 0.022059 0.041830
9 0.118750 0.506536 0.018382 0.045752
9 0.077206 0.464706 0.022059 0.043137
9 0.066912 0.448366 0.020588 0.044444
9 0.056250 0.446405 0.024265 0.045752
2 0.054779 0.523529 0.019853 0.045752
2 0.040809 0.519608 0.013971 0.050980
9 0.026103 0.418301 0.015441 0.052288
2 0.313235 0.449020 0.019118 0.037908
9 0.241176 0.456209 0.019118 0.052288
2 0.247426 0.380392 0.025735 0.023529
2 0.275368 0.415686 0.019853 0.028758
9 0.275735 0.465359 0.022059 0.028758
9 0.256250 0.353595 0.024265 0.035294
9 0.697794 0.535948 0.023529 0.020915
0 0.729044 0.077124 0.013971 0.028758
0 0.688235 0.141176 0.011765 0.023529
9 0.793015 0.162092 0.024265 0.033987
9 0.777574 0.149673 0.021324 0.035294
