8 0.424632 0.703922 0.043382 0.111111
3 0.351838 0.964706 0.043382 0.070588
5 0.634559 0.524837 0.027941 0.103268
3 0.839706 0.467320 0.036765 0.030065
5 0.987500 0.469281 0.025000 0.049673
3 0.477206 0.312418 0.007353 0.013072
3 0.527574 0.302614 0.005147 0.011765
8 0.539338 0.271895 0.006618 0.018301
3 0.552941 0.262745 0.004412 0.007843
3 0.519853 0.251634 0.005882 0.006536
3 0.508456 0.252288 0.003676 0.007843
3 0.495588 0.263399 0.005882 0.011765
3 0.484926 0.267320 0.006618 0.009150
3 0.462132 0.279739 0.009559 0.007843
3 0.453676 0.276471 0.007353 0.011765
5 0.474265 0.259477 0.013235 0.019608
5 0.489706 0.233333 0.011765 0.016993
3 0.470588 0.250327 0.005882 0.009150
3 0.547426 0.236601 0.003676 0.007843
3 0.533824 0.230719 0.004412 0.006536
3 0.523897 0.225490 0.005147 0.009150
3 0.545221 0.222222 0.003676 0.005229
3 0.586765 0.216340 0.002941 0.006536
3 0.550000 0.206536 0.002941 0.005229
3 0.544853 0.200654 0.002941 0.006536
3 0.540441 0.201307 0.002941 0.005229
3 0.551471 0.198039 0.002941 0.006536
3 0.549632 0.182353 0.002206 0.003922
5 0.553309 0.211765 0.003676 0.010458
5 0.593750 0.273856 0.008088 0.022222
5 0.595221 0.306536 0.011029 0.035294
3 0.574265 0.380392 0.008824 0.015686
8 0.523162 0.392157 0.013971 0.041830
