3 0.422656 0.163889 0.003646 0.005556
3 0.426823 0.165278 0.003646 0.006481
3 0.432031 0.175463 0.004687 0.006481
3 0.425000 0.183796 0.005208 0.006481
3 0.423958 0.200926 0.005208 0.009259
3 0.452083 0.189352 0.004167 0.008333
3 0.450781 0.178241 0.004687 0.008333
3 0.418490 0.152315 0.003646 0.004630
3 0.423437 0.152315 0.003125 0.004630
3 0.427865 0.152315 0.002604 0.004630
3 0.432552 0.150926 0.003646 0.005556
3 0.463802 0.180093 0.005729 0.006481
3 0.453125 0.168056 0.004167 0.006481
3 0.456250 0.142130 0.002083 0.004630
3 0.459115 0.139815 0.002604 0.003704
3 0.458594 0.143981 0.002604 0.002778
3 0.457031 0.154167 0.002604 0.004630
4 0.460417 0.170833 0.004167 0.008333
3 0.430729 0.171296 0.004167 0.007407
3 0.393229 0.236111 0.007292 0.012963
3 0.411719 0.230093 0.006771 0.010185
3 0.403646 0.270370 0.009375 0.014815
3 0.412760 0.345833 0.013021 0.021296
4 0.376823 0.923611 0.050521 0.152778
3 0.202604 0.686111 0.084375 0.057407
4 0.024219 0.653241 0.048438 0.060185
3 0.045312 0.702778 0.083333 0.055556
1 0.025521 0.750926 0.015625 0.042593
6 0.023698 0.761111 0.047396 0.057407
3 0.463281 0.761574 0.033854 0.091667
3 0.610156 0.834259 0.055729 0.103704
3 0.644792 0.716204 0.047917 0.080556
3 0.592448 0.568519 0.035937 0.046296
3 0.546875 0.550463 0.029167 0.045370
3 0.485156 0.502778 0.024479 0.059259
3 0.533333 0.466204 0.028125 0.032407
3 0.580469 0.435185 0.026562 0.029630
3 0.530208 0.397685 0.017708 0.028704
3 0.554167 0.379630 0.020833 0.025926
3 0.494792 0.351852 0.015625 0.024074
3 0.516927 0.340278 0.021354 0.025000
3 0.504167 0.300926 0.010417 0.020370
3 0.507031 0.278241 0.011979 0.017593
3 0.494792 0.281944 0.013542 0.017593
3 0.476823 0.268519 0.009896 0.011111
4 0.511458 0.420370 0.018750 0.035185
3 0.464323 0.226852 0.007812 0.011111
3 0.456510 0.204167 0.004687 0.008333
3 0.459896 0.197222 0.007292 0.007407
3 0.443490 0.220833 0.006771 0.010185
3 0.446875 0.225463 0.009375 0.010185
3 0.448958 0.229630 0.008333 0.009259
3 0.449740 0.236574 0.008854 0.012037
3 0.450000 0.242593 0.009375 0.012963
3 0.449740 0.250926 0.009896 0.009259
3 0.449740 0.256019 0.008854 0.012037
3 0.451042 0.263889 0.010417 0.014815
4 0.454687 0.266204 0.009375 0.017593
3 0.452604 0.282870 0.010417 0.015741
3 0.456771 0.288889 0.011458 0.011111
3 0.459115 0.299537 0.010937 0.013889
4 0.460677 0.307407 0.014063 0.014815
3 0.460417 0.314815 0.012500 0.014815
3 0.461458 0.325926 0.012500 0.014815
4 0.463021 0.338426 0.013542 0.015741
3 0.465104 0.353704 0.016667 0.018519
3 0.466667 0.365741 0.016667 0.022222
3 0.470312 0.380093 0.015625 0.021296
3 0.472656 0.399074 0.017188 0.024074
3 0.477083 0.419444 0.018750 0.027778
3 0.477083 0.448611 0.021875 0.032407
3 0.481771 0.468981 0.019792 0.030556
1 0.492448 0.212037 0.002604 0.007407
1 0.495833 0.214352 0.003125 0.010185
6 0.492969 0.213426 0.003646 0.012037
2 0.496615 0.217593 0.002604 0.009259
1 0.542708 0.293519 0.003125 0.018519
2 0.542969 0.297685 0.003646 0.013889
6 0.591146 0.387037 0.007292 0.016667
1 0.590104 0.379630 0.005208 0.016667
1 0.640885 0.489352 0.006771 0.023148
1 0.677604 0.551389 0.007292 0.025000
1 0.675521 0.549074 0.008333 0.029630
1 0.641146 0.484722 0.006250 0.026852
9 0.639844 0.494444 0.007812 0.024074
9 0.674219 0.557870 0.010937 0.026852
9 0.712760 0.678241 0.015104 0.036111
1 0.713281 0.662500 0.011979 0.036111
1 0.843750 0.633796 0.015625 0.034259
6 0.855208 0.640278 0.058333 0.060185
3 0.945833 0.941667 0.089583 0.105556
4 0.987760 0.713426 0.024479 0.067593
1 0.734635 0.256944 0.003646 0.012037
1 0.824219 0.258796 0.003646 0.010185
1 0.974479 0.277315 0.005208 0.012037
1 0.965885 0.272685 0.004687 0.010185
1 0.890365 0.295833 0.004687 0.013889
