0 0.914338 0.501307 0.011029 0.011765
3 0.964706 0.250980 0.019118 0.062745
3 0.771691 0.252288 0.019853 0.062745
3 0.788971 0.247059 0.017647 0.060131
3 0.807353 0.243137 0.017647 0.062745
3 0.825735 0.251634 0.016176 0.061438
3 0.845588 0.252941 0.017647 0.064052
3 0.862868 0.244444 0.018382 0.062745
3 0.879779 0.234641 0.019853 0.058824
3 0.740441 0.817647 0.038235 0.030065
0 0.931250 0.778431 0.009559 0.011765
0 0.796324 0.799346 0.010294 0.009150
3 0.866176 0.820915 0.026471 0.018301
3 0.905515 0.818301 0.037500 0.028758
9 0.937500 0.822876 0.013235 0.014379
4 0.806618 0.918954 0.020588 0.078431
9 0.631618 0.913072 0.013235 0.014379
3 0.600000 0.937255 0.030882 0.067974
3 0.591912 0.671242 0.016176 0.066667
3 0.590809 0.597386 0.016912 0.065359
4 0.586765 0.391503 0.014706 0.050980
3 0.530515 0.494118 0.016912 0.065359
3 0.524265 0.287582 0.016176 0.062745
3 0.483456 0.246405 0.015441 0.064052
3 0.587500 0.172549 0.017647 0.065359
2 0.529412 0.173856 0.004412 0.026144
1 0.529044 0.174510 0.005147 0.009150
0 0.797059 0.984314 0.010294 0.018301
3 0.483456 0.898693 0.018382 0.069281
9 0.510662 0.592810 0.005147 0.024837
1 0.511029 0.590196 0.005882 0.011765
3 0.343750 0.822876 0.013971 0.069281
3 0.341912 0.726797 0.014706 0.065359
3 0.059191 0.941830 0.038971 0.027451
3 0.205147 0.418954 0.019118 0.056209
3 0.085294 0.378431 0.041176 0.032680
4 0.060294 0.326797 0.033824 0.028758
3 0.109191 0.255556 0.018382 0.058824
3 0.230147 0.267320 0.022059 0.069281
4 0.346691 0.464706 0.018382 0.082353
9 0.415441 0.034641 0.004412 0.014379
1 0.415809 0.030719 0.005147 0.014379
