3 0.260937 0.820370 0.053125 0.112963
4 0.327083 0.800000 0.052083 0.135185
3 0.394531 0.796296 0.045312 0.114815
3 0.561198 0.831019 0.051562 0.119444
3 0.635677 0.882407 0.060937 0.125926
8 0.686979 0.748611 0.118750 0.275000
3 0.599479 0.702315 0.043750 0.078704
3 0.487240 0.662037 0.032813 0.064815
3 0.536719 0.656944 0.035937 0.069444
3 0.619531 0.597222 0.036979 0.061111
3 0.570052 0.593056 0.032813 0.058333
3 0.390885 0.606481 0.030729 0.064815
4 0.345052 0.523148 0.039062 0.088889
3 0.355469 0.446759 0.025521 0.045370
3 0.394531 0.450463 0.022396 0.039815
3 0.431510 0.438889 0.020313 0.040741
3 0.409375 0.387500 0.018750 0.032407
3 0.440104 0.377315 0.017708 0.030556
3 0.395573 0.350926 0.016146 0.027778
3 0.382552 0.336111 0.016146 0.029630
3 0.438802 0.325000 0.014063 0.024074
3 0.418490 0.321296 0.015104 0.024074
3 0.429688 0.297685 0.013542 0.021296
3 0.446615 0.279630 0.010937 0.020370
3 0.737760 0.652778 0.071354 0.066667
3 0.712500 0.594907 0.063542 0.058333
3 0.701562 0.557870 0.067708 0.045370
4 0.694010 0.525926 0.070312 0.053704
3 0.678125 0.506481 0.058333 0.040741
3 0.675260 0.485648 0.052604 0.032407
8 0.599740 0.504167 0.059896 0.125000
3 0.550521 0.490741 0.025000 0.044444
3 0.516667 0.481019 0.023958 0.039815
3 0.479167 0.505093 0.025000 0.045370
3 0.478646 0.462963 0.021875 0.037037
3 0.477344 0.431019 0.020313 0.028704
3 0.511719 0.428241 0.021354 0.034259
3 0.583594 0.406481 0.021354 0.035185
3 0.505990 0.394444 0.016146 0.029630
8 0.476302 0.380093 0.025521 0.078704
8 0.522656 0.328704 0.026562 0.057407
3 0.531771 0.381481 0.018750 0.029630
3 0.502083 0.356019 0.015625 0.030556
3 0.475000 0.342593 0.015625 0.020370
3 0.475781 0.331481 0.013021 0.018519
3 0.498177 0.330093 0.014063 0.021296
3 0.496354 0.308796 0.013542 0.023148
3 0.510938 0.297685 0.013542 0.019444
3 0.527083 0.293519 0.013542 0.022222
8 0.475781 0.301852 0.019271 0.053704
3 0.484115 0.258333 0.009896 0.016667
3 0.491146 0.281944 0.011458 0.017593
3 0.507552 0.280093 0.010937 0.017593
3 0.502344 0.265278 0.010937 0.015741
3 0.518490 0.266204 0.010937 0.019444
3 0.263021 0.347685 0.037500 0.023148
3 0.266146 0.338426 0.037500 0.023148
3 0.266667 0.328704 0.034375 0.024074
3 0.275000 0.322685 0.035417 0.023148
3 0.288802 0.298148 0.033854 0.018519
3 0.297917 0.291667 0.031250 0.016667
3 0.302344 0.285185 0.028646 0.016667
3 0.305990 0.277315 0.025521 0.015741
3 0.314583 0.274074 0.025000 0.014815
3 0.319531 0.261574 0.025521 0.015741
3 0.322396 0.257870 0.028125 0.015741
3 0.326823 0.251389 0.023438 0.013889
3 0.317969 0.241667 0.021354 0.014815
3 0.326302 0.246759 0.019271 0.013889
3 0.351823 0.256019 0.013021 0.019444
3 0.373177 0.257870 0.015104 0.017593
3 0.378385 0.250463 0.016146 0.017593
3 0.381771 0.268056 0.011458 0.017593
3 0.394010 0.259722 0.010937 0.017593
8 0.400781 0.272685 0.020313 0.045370
3 0.428385 0.269907 0.010937 0.017593
3 0.442188 0.260648 0.010417 0.017593
3 0.573177 0.378704 0.017188 0.029630
3 0.566406 0.353241 0.018229 0.025000
3 0.559896 0.331944 0.015625 0.025000
3 0.556250 0.318981 0.013542 0.021296
3 0.552083 0.307407 0.012500 0.020370
3 0.547396 0.296296 0.013542 0.020370
3 0.544010 0.287500 0.015104 0.019444
3 0.546354 0.277778 0.011458 0.016667
3 0.547135 0.269444 0.018229 0.016667
3 0.571615 0.269444 0.021354 0.018519
3 0.409635 0.260648 0.010937 0.017593
3 0.421354 0.257407 0.011458 0.016667
3 0.422135 0.245833 0.009896 0.013889
3 0.407292 0.238889 0.008333 0.014815
3 0.433333 0.237963 0.008333 0.014815
3 0.417187 0.229167 0.009375 0.013889
3 0.425781 0.224074 0.007812 0.012963
3 0.436979 0.218981 0.008333 0.012037
3 0.449740 0.218981 0.007812 0.012037
8 0.411719 0.208796 0.015104 0.036111
3 0.480990 0.245833 0.008854 0.013889
3 0.495312 0.247222 0.010417 0.014815
3 0.508594 0.249074 0.009896 0.012963
3 0.504948 0.240741 0.007812 0.014815
3 0.501823 0.233796 0.010937 0.017593
3 0.490104 0.238889 0.009375 0.012963
3 0.473438 0.234722 0.008333 0.012037
3 0.480729 0.230556 0.009375 0.012963
3 0.486979 0.226389 0.007292 0.012037
3 0.471875 0.223148 0.008333 0.011111
3 0.488281 0.217130 0.007812 0.012037
3 0.475260 0.217130 0.007812 0.012037
3 0.481510 0.211111 0.007812 0.011111
3 0.470573 0.209722 0.006771 0.010185
3 0.455990 0.202778 0.007812 0.011111
3 0.647656 0.385185 0.023438 0.029630
3 0.692969 0.337500 0.021354 0.025000
3 0.574740 0.248148 0.018229 0.014815
3 0.422396 0.211574 0.007292 0.012037
3 0.421615 0.204630 0.006771 0.011111
3 0.434375 0.211574 0.007292 0.012037
3 0.433073 0.208796 0.006771 0.012037
3 0.448437 0.214352 0.006250 0.010185
3 0.429688 0.203241 0.006250 0.010185
3 0.446615 0.211111 0.006771 0.011111
3 0.444531 0.206944 0.006771 0.012037
3 0.441927 0.203241 0.006771 0.012037
3 0.438542 0.201389 0.006250 0.010185
3 0.436458 0.197222 0.006250 0.009259
3 0.434635 0.195370 0.006771 0.011111
3 0.448698 0.195833 0.006771 0.010185
3 0.459375 0.197222 0.006250 0.011111
3 0.473958 0.202778 0.007292 0.009259
3 0.468490 0.198611 0.006771 0.010185
4 0.495833 0.204167 0.007292 0.012037
3 0.489063 0.199074 0.007292 0.009259
3 0.483594 0.195370 0.006771 0.009259
0 0.816146 0.697222 0.009375 0.053704
0 0.899219 0.685648 0.013021 0.060185
1 0.967448 0.681481 0.011979 0.044444
1 0.923177 0.681944 0.015104 0.039815
0 0.893229 0.566667 0.010417 0.042593
0 0.902083 0.569444 0.007292 0.044444
0 0.911198 0.566667 0.009896 0.042593
0 0.861458 0.537963 0.010417 0.040741
0 0.830729 0.502315 0.008333 0.037963
0 0.838802 0.506944 0.009896 0.034259
0 0.845313 0.503704 0.007292 0.038889
0 0.749479 0.411111 0.007292 0.031481
0 0.763281 0.430556 0.007812 0.031481
0 0.767969 0.430556 0.005729 0.031481
0 0.747656 0.457407 0.007812 0.033333
0 0.739583 0.463426 0.007292 0.034259
0 0.723698 0.481019 0.009896 0.037963
0 0.710156 0.468981 0.007812 0.028704
1 0.707292 0.479167 0.009375 0.026852
2 0.706771 0.491204 0.009375 0.023148
0 0.639844 0.473611 0.007812 0.032407
0 0.678385 0.353704 0.005729 0.025926
0 0.656510 0.344444 0.005729 0.024074
0 0.661979 0.344907 0.005208 0.023148
1 0.678906 0.386574 0.007812 0.023148
9 0.678906 0.391204 0.006771 0.021296
0 0.664844 0.384259 0.006771 0.029630
1 0.645573 0.396759 0.006771 0.019444
1 0.658594 0.412500 0.006771 0.019444
2 0.645312 0.405093 0.006250 0.019444
9 0.658333 0.423148 0.006250 0.018519
1 0.659115 0.400463 0.006771 0.017593
0 0.611458 0.350000 0.005208 0.020370
2 0.610156 0.407870 0.005729 0.021296
0 0.239583 0.555093 0.011458 0.047222
0 0.239844 0.521759 0.011979 0.039815
0 0.257552 0.456944 0.007812 0.034259
1 0.237500 0.461574 0.008333 0.030556
2 0.236719 0.469444 0.006771 0.027778
2 0.239583 0.529167 0.009375 0.030556
2 0.215885 0.570833 0.020313 0.034259
0 0.213281 0.555556 0.009896 0.037037
3 0.301823 0.218981 0.016146 0.013889
0 0.318490 0.393056 0.005729 0.028704
0 0.289583 0.347222 0.005208 0.024074
1 0.269531 0.410185 0.006771 0.027778
9 0.269531 0.417130 0.006771 0.021296
1 0.339323 0.366204 0.004687 0.015741
1 0.318750 0.412037 0.006250 0.016667
1 0.319010 0.426852 0.007812 0.020370
1 0.303125 0.445833 0.006250 0.028704
2 0.302604 0.454167 0.006250 0.023148
2 0.319271 0.438889 0.006250 0.022222
9 0.339062 0.375000 0.004167 0.016667
1 0.307812 0.325926 0.004167 0.016667
1 0.312240 0.334259 0.003646 0.016667
1 0.319792 0.333796 0.004167 0.013889
0 0.319792 0.313426 0.004167 0.019444
0 0.332813 0.316204 0.004167 0.019444
0 0.328646 0.316667 0.004167 0.020370
0 0.369271 0.274537 0.003125 0.015741
0 0.372917 0.273148 0.003125 0.014815
2 0.314323 0.307870 0.004687 0.015741
2 0.322656 0.294907 0.003646 0.012037
2 0.320052 0.341204 0.003646 0.013889
2 0.312240 0.341204 0.002604 0.015741
0 0.328906 0.294907 0.003646 0.015741
0 0.328125 0.307407 0.005208 0.018519
2 0.277344 0.367130 0.007812 0.015741
2 0.134375 0.728241 0.033333 0.034259
2 0.117969 0.745370 0.032813 0.042593
2 0.117969 0.763426 0.032813 0.039815
0 0.091146 0.806944 0.020833 0.054630
2 0.079427 0.867130 0.043229 0.045370
2 0.107031 0.804167 0.033854 0.037963
2 0.057292 0.879167 0.045833 0.045370
2 0.041667 0.893056 0.033333 0.041667
2 0.027083 0.956481 0.040625 0.053704
2 0.039062 0.920833 0.044792 0.039815
0 0.160156 0.582870 0.009896 0.043519
