0 0.169853 0.297386 0.005882 0.024837
9 0.034559 0.339869 0.007353 0.015686
1 0.034559 0.332680 0.005882 0.022222
0 0.698897 0.311765 0.005147 0.022222
0 0.636765 0.305229 0.004412 0.019608
0 0.633824 0.290850 0.002941 0.016993
0 0.783088 0.266667 0.004412 0.018301
0 0.660294 0.237255 0.002941 0.011765
0 0.656985 0.235948 0.003676 0.009150
0 0.611765 0.294118 0.002941 0.018301
0 0.578676 0.289542 0.002941 0.019608
0 0.568382 0.297386 0.004412 0.016993
0 0.590809 0.290850 0.003676 0.016993
0 0.592279 0.290850 0.003676 0.016993
0 0.773529 0.261438 0.004412 0.015686
0 0.777941 0.260784 0.004412 0.014379
3 0.722426 0.229412 0.018382 0.011765
3 0.687132 0.222222 0.016912 0.010458
8 0.866912 0.216993 0.027941 0.018301
8 0.667647 0.198693 0.030882 0.015686
8 0.662132 0.195425 0.031618 0.016993
8 0.656618 0.197386 0.030882 0.015686
8 0.646324 0.193464 0.030882 0.015686
8 0.636397 0.191503 0.031618 0.016993
8 0.628676 0.192157 0.030882 0.015686
8 0.623162 0.187582 0.031618 0.016993
8 0.737500 0.198039 0.030882 0.016993
8 0.718750 0.194771 0.031618 0.015686
8 0.712132 0.193464 0.031618 0.015686
8 0.702941 0.192810 0.030882 0.016993
8 0.694118 0.192157 0.030882 0.015686
8 0.686397 0.189542 0.031618 0.015686
8 0.676838 0.199346 0.031618 0.016993
8 0.851471 0.213725 0.025000 0.016993
8 0.840441 0.212418 0.025000 0.016993
8 0.830882 0.209804 0.025000 0.016993
8 0.816912 0.208497 0.020588 0.016993
3 0.819853 0.257516 0.019118 0.010458
3 0.882721 0.289542 0.016912 0.014379
4 0.838235 0.266013 0.020588 0.016993
4 0.857353 0.272549 0.010294 0.019608
4 0.874632 0.272549 0.019853 0.016993
4 0.877941 0.277124 0.020588 0.015686
8 0.805515 0.207843 0.015441 0.018301
0 0.913603 0.330719 0.006618 0.026144
0 0.644485 0.235948 0.003676 0.011765
0 0.965441 0.337255 0.005882 0.023529
0 0.923897 0.298693 0.005147 0.016993
0 0.919485 0.297386 0.005147 0.016993
0 0.910294 0.284314 0.004412 0.016993
0 0.901103 0.284314 0.005147 0.016993
0 0.918750 0.264706 0.003676 0.011765
0 0.924632 0.262745 0.003676 0.018301
0 0.965441 0.264052 0.002941 0.013072
0 0.970588 0.263399 0.004412 0.014379
3 0.931618 0.246405 0.013235 0.009150
3 0.915441 0.245752 0.013235 0.010458
