1 0.019271 0.887963 0.028125 0.105556
9 0.022396 0.911111 0.038542 0.100000
9 0.696354 0.751852 0.063542 0.070370
1 0.530729 0.703704 0.023958 0.062963
1 0.529167 0.697222 0.020833 0.057407
9 0.530208 0.711111 0.022917 0.074074
3 0.320312 0.471296 0.040625 0.064815
3 0.135417 0.413889 0.062500 0.042593
1 0.273958 0.388889 0.008333 0.022222
7 0.275521 0.387963 0.019792 0.050000
6 0.547396 0.430556 0.017708 0.050000
1 0.507292 0.444444 0.006250 0.022222
1 0.506250 0.437963 0.010417 0.042593
9 0.506250 0.444444 0.010417 0.033333
9 0.522396 0.433333 0.009375 0.033333
1 0.523438 0.426852 0.009375 0.031481
3 0.508333 0.399074 0.025000 0.042593
3 0.509375 0.350926 0.018750 0.035185
0 0.069792 0.321296 0.008333 0.031481
3 0.065104 0.267593 0.028125 0.024074
1 0.304167 0.336111 0.006250 0.035185
1 0.309375 0.336111 0.006250 0.031481
1 0.314063 0.330556 0.007292 0.035185
6 0.317188 0.342593 0.015625 0.029630
9 0.303646 0.305556 0.019792 0.018519
1 0.304167 0.300000 0.008333 0.022222
1 0.487500 0.303704 0.006250 0.018519
9 0.487500 0.310185 0.006250 0.020370
0 0.439583 0.300926 0.004167 0.024074
3 0.290625 0.232407 0.025000 0.020370
4 0.311458 0.236111 0.012500 0.024074
0 0.311458 0.250000 0.004167 0.022222
0 0.319271 0.247222 0.005208 0.020370
1 0.335417 0.239815 0.004167 0.012963
9 0.335938 0.243519 0.005208 0.012963
4 0.352604 0.237037 0.009375 0.022222
1 0.351042 0.258333 0.006250 0.016667
9 0.350521 0.261111 0.011458 0.014815
9 0.369792 0.265741 0.006250 0.020370
1 0.369792 0.262037 0.004167 0.016667
1 0.427604 0.264815 0.003125 0.014815
1 0.430208 0.265741 0.006250 0.016667
9 0.430729 0.270370 0.011458 0.018519
1 0.472396 0.290741 0.005208 0.018519
1 0.469271 0.288889 0.007292 0.018519
9 0.469271 0.294444 0.011458 0.022222
3 0.472396 0.273148 0.034375 0.024074
1 0.471875 0.262963 0.004167 0.011111
9 0.473958 0.266667 0.012500 0.014815
1 0.484375 0.235185 0.004167 0.014815
2 0.484375 0.239815 0.004167 0.012963
3 0.396354 0.247222 0.013542 0.020370
3 0.399479 0.238889 0.013542 0.022222
3 0.403125 0.229630 0.010417 0.025926
3 0.411979 0.212037 0.011458 0.016667
1 0.392708 0.218519 0.004167 0.011111
2 0.392708 0.222222 0.004167 0.011111
1 0.402083 0.206481 0.004167 0.012963
9 0.402604 0.210185 0.003125 0.012963
7 0.405729 0.199074 0.005208 0.012963
1 0.405729 0.200000 0.003125 0.007407
6 0.401562 0.187037 0.005208 0.011111
1 0.401562 0.185185 0.003125 0.007407
3 0.433333 0.165741 0.006250 0.009259
5 0.438542 0.158333 0.006250 0.016667
8 0.457292 0.168519 0.006250 0.018519
