6 0.936397 0.830065 0.127206 0.180392
9 0.598897 0.016993 0.025735 0.033987
9 0.635662 0.013725 0.028676 0.027451
0 0.379412 0.020261 0.013235 0.040523
0 0.395956 0.015033 0.011029 0.030065
0 0.268015 0.161438 0.016912 0.066667
0 0.177206 0.170588 0.019118 0.071895
0 0.156618 0.120261 0.023529 0.088889
0 0.136397 0.126797 0.021324 0.078431
0 0.114706 0.124183 0.023529 0.075817
0 0.019118 0.233987 0.030882 0.086275
0 0.039706 0.209804 0.025000 0.071895
0 0.091176 0.190850 0.014706 0.052288
0 0.135294 0.098693 0.019118 0.071895
0 0.104044 0.102614 0.016912 0.058824
0 0.084191 0.125490 0.011029 0.047059
