3 0.099740 0.933796 0.068229 0.132407
3 0.168229 0.746296 0.051042 0.088889
3 0.241667 0.542130 0.034375 0.052778
3 0.267969 0.558796 0.038021 0.058333
8 0.341146 0.357870 0.031250 0.063889
3 0.331771 0.399537 0.017708 0.030556
3 0.286719 0.449074 0.024479 0.038889
3 0.299479 0.425926 0.022917 0.033333
3 0.312500 0.409259 0.019792 0.033333
3 0.465104 0.902778 0.045833 0.114815
3 0.529167 0.911111 0.048958 0.114815
3 0.461458 0.770833 0.038542 0.078704
3 0.529427 0.781481 0.041146 0.083333
3 0.584635 0.782870 0.047396 0.087963
3 0.462240 0.686111 0.033854 0.064815
3 0.510156 0.683333 0.033854 0.066667
3 0.462500 0.618981 0.030208 0.056481
3 0.506510 0.618981 0.030729 0.054630
3 0.497917 0.560185 0.027083 0.044444
8 0.550781 0.555556 0.053646 0.137037
3 0.460677 0.561111 0.026562 0.048148
3 0.498958 0.510185 0.023958 0.044444
3 0.462240 0.521296 0.022396 0.035185
3 0.459896 0.493056 0.020833 0.036111
3 0.491667 0.473611 0.020833 0.036111
4 0.518750 0.454167 0.018750 0.036111
3 0.493229 0.443981 0.019792 0.028704
3 0.461198 0.464352 0.020313 0.037963
8 0.518229 0.409259 0.029167 0.070370
3 0.447917 0.406944 0.017708 0.028704
3 0.488542 0.416204 0.017708 0.028704
3 0.464323 0.443519 0.018229 0.029630
3 0.464323 0.423611 0.017188 0.028704
3 0.467708 0.407407 0.016667 0.025926
3 0.484635 0.389815 0.016146 0.025926
3 0.459896 0.390741 0.013542 0.022222
3 0.440625 0.353704 0.013542 0.020370
3 0.446615 0.335648 0.011979 0.021296
3 0.485937 0.367130 0.014583 0.026852
3 0.506250 0.376852 0.014583 0.022222
3 0.530729 0.359259 0.018750 0.018519
3 0.464323 0.380093 0.014063 0.023148
3 0.463281 0.365278 0.014063 0.023148
3 0.505729 0.347222 0.011458 0.022222
3 0.482812 0.351852 0.013542 0.020370
3 0.462240 0.351852 0.013021 0.020370
3 0.493229 0.340741 0.013542 0.020370
3 0.504948 0.332870 0.009896 0.019444
3 0.496354 0.323148 0.009375 0.016667
3 0.479167 0.338426 0.012500 0.019444
3 0.461719 0.341667 0.011979 0.018519
3 0.464844 0.326389 0.010937 0.015741
3 0.464062 0.334722 0.011458 0.021296
3 0.480990 0.327315 0.009896 0.017593
8 0.141146 0.550926 0.079167 0.068519
0 0.240885 0.503241 0.006771 0.036111
0 0.248438 0.503241 0.008333 0.034259
0 0.775521 0.963889 0.014583 0.072222
0 0.711979 0.904167 0.021875 0.063889
6 0.710677 0.883333 0.039062 0.081481
0 0.817448 0.908796 0.011979 0.067593
0 0.806510 0.782407 0.014063 0.059259
1 0.798698 0.849074 0.021354 0.053704
2 0.796094 0.864352 0.021354 0.054630
0 0.784896 0.775926 0.010417 0.055556
0 0.793229 0.777778 0.010417 0.055556
0 0.762240 0.679167 0.008854 0.052778
0 0.808073 0.659259 0.008854 0.048148
0 0.783594 0.686111 0.011979 0.055556
0 0.791667 0.651389 0.010417 0.043519
0 0.697135 0.699537 0.011979 0.049074
1 0.666406 0.611111 0.009896 0.040741
2 0.666406 0.621296 0.009896 0.033333
0 0.628906 0.529630 0.008854 0.038889
0 0.695052 0.531944 0.008854 0.034259
0 0.770052 0.518981 0.007812 0.036111
0 0.757552 0.520370 0.007812 0.035185
0 0.754427 0.509722 0.009896 0.036111
3 0.625260 0.383333 0.021354 0.033333
3 0.619531 0.366204 0.017188 0.028704
3 0.639323 0.367593 0.017188 0.024074
0 0.897135 0.839815 0.017188 0.062963
2 0.661979 0.756019 0.031250 0.036111
9 0.656510 0.709722 0.030729 0.037963
2 0.660677 0.741667 0.028646 0.035185
2 0.658333 0.726852 0.023958 0.029630
2 0.636719 0.661111 0.022396 0.035185
0 0.621354 0.491667 0.007292 0.031481
0 0.627083 0.493519 0.006250 0.029630
0 0.655208 0.482870 0.006250 0.030556
0 0.661198 0.482870 0.005729 0.030556
3 0.071094 0.641204 0.090104 0.054630
8 0.057031 0.663889 0.082812 0.074074
2 0.133594 0.643981 0.027604 0.032407
1 0.630469 0.468981 0.005729 0.021296
2 0.629948 0.477315 0.004687 0.019444
0 0.588542 0.441204 0.007292 0.028704
0 0.634896 0.434259 0.006250 0.027778
0 0.642188 0.434722 0.005208 0.026852
0 0.646875 0.435185 0.005208 0.025926
0 0.651823 0.437500 0.005729 0.028704
7 0.605990 0.413889 0.007812 0.025926
0 0.633594 0.411111 0.005729 0.024074
0 0.639323 0.412037 0.004687 0.024074
0 0.643750 0.379167 0.005208 0.021296
0 0.582812 0.337037 0.003125 0.018519
0 0.591146 0.358796 0.005208 0.021296
0 0.597135 0.359722 0.003646 0.021296
0 0.607812 0.372685 0.004167 0.021296
0 0.608854 0.358796 0.004167 0.017593
0 0.601042 0.360185 0.003125 0.018519
0 0.603906 0.358796 0.003646 0.021296
1 0.617448 0.425000 0.005729 0.016667
9 0.616927 0.433796 0.005729 0.015741
0 0.589063 0.420370 0.006250 0.020370
0 0.571354 0.390741 0.005208 0.022222
0 0.580990 0.413426 0.004687 0.025000
0 0.577865 0.414352 0.005729 0.025000
0 0.569010 0.412500 0.004687 0.021296
0 0.564844 0.412500 0.003646 0.021296
