0 0.825000 0.467320 0.011765 0.050980
0 0.739706 0.293464 0.008824 0.048366
4 0.831985 0.089542 0.058088 0.056209
3 0.793750 0.068627 0.038971 0.032680
0 0.750368 0.039869 0.005147 0.027451
3 0.764706 0.022222 0.030882 0.028758
3 0.657721 0.482353 0.044853 0.094118
3 0.522794 0.514379 0.044118 0.103268
3 0.545956 0.400654 0.034559 0.066667
3 0.513235 0.237908 0.029412 0.060131
6 0.577941 0.316340 0.023529 0.067974
6 0.630515 0.357516 0.030147 0.082353
1 0.620588 0.313072 0.008824 0.032680
7 0.623162 0.294771 0.019853 0.056209
3 0.603676 0.260131 0.029412 0.052288
3 0.527574 0.151634 0.022794 0.041830
3 0.466912 0.103922 0.022059 0.048366
6 0.634926 0.139869 0.015441 0.039216
1 0.638235 0.137908 0.005882 0.030065
0 0.559926 0.033987 0.005147 0.028758
0 0.657353 0.100654 0.005882 0.028758
0 0.650000 0.102614 0.005882 0.032680
0 0.632721 0.054248 0.006618 0.030065
0 0.644118 0.079085 0.005882 0.035294
5 0.657721 0.045752 0.038971 0.083660
3 0.452206 0.355556 0.035294 0.088889
3 0.376838 0.405229 0.041912 0.096732
4 0.397794 0.158824 0.025000 0.064052
3 0.407721 0.079085 0.021324 0.040523
3 0.419118 0.043137 0.022059 0.033987
9 0.430882 0.116340 0.007353 0.028758
1 0.430515 0.109804 0.006618 0.028758
9 0.483824 0.042484 0.007353 0.022222
1 0.484559 0.036601 0.005882 0.023529
4 0.415074 0.018301 0.021324 0.036601
5 0.343750 0.013072 0.025735 0.026144
0 0.153309 0.012418 0.006618 0.024837
0 0.159559 0.010458 0.005882 0.020915
0 0.264706 0.343137 0.007353 0.048366
1 0.262500 0.341176 0.005882 0.028758
9 0.275735 0.319608 0.011765 0.032680
0 0.279044 0.311765 0.006618 0.043137
0 0.327574 0.609804 0.012500 0.061438
0 0.308824 0.607190 0.016176 0.061438
0 0.013603 0.952288 0.027206 0.074510
4 0.099632 0.682353 0.072794 0.159477
3 0.031618 0.373856 0.063235 0.078431
4 0.038603 0.294118 0.052206 0.073203
9 0.110294 0.260784 0.011765 0.035294
3 0.118015 0.201961 0.071324 0.053595
0 0.043382 0.224183 0.011765 0.043137
0 0.048529 0.186275 0.011765 0.045752
