5 0.054779 0.817647 0.109559 0.364706
0 0.456250 0.729412 0.019853 0.083660
3 0.538971 0.846405 0.069118 0.142484
3 0.811765 0.647712 0.076471 0.069281
3 0.955515 0.680392 0.088971 0.066667
5 0.861029 0.582353 0.119118 0.132026
3 0.776838 0.552288 0.037500 0.043137
3 0.658088 0.453595 0.017647 0.020915
0 0.671324 0.458170 0.005882 0.019608
3 0.594118 0.455556 0.020588 0.024837
0 0.553676 0.516993 0.008824 0.035294
3 0.404044 0.572549 0.012500 0.044444
3 0.487500 0.556863 0.027941 0.049673
3 0.405882 0.560784 0.025000 0.039216
3 0.484926 0.533333 0.024265 0.031373
3 0.481618 0.512418 0.020588 0.028758
3 0.481985 0.500654 0.018382 0.031373
5 0.410662 0.520915 0.037500 0.053595
3 0.423897 0.487582 0.019853 0.026144
5 0.252206 0.520915 0.075000 0.121569
5 0.356250 0.487582 0.041912 0.091503
0 0.479412 0.482353 0.016176 0.026144
0 0.487500 0.477778 0.016176 0.024837
0 0.466544 0.473203 0.016912 0.023529
