2 0.171324 0.979739 0.042647 0.040523
9 0.183824 0.950327 0.044118 0.047059
2 0.194485 0.935294 0.040441 0.048366
5 0.305882 0.915033 0.116176 0.112418
4 0.327206 0.849020 0.095588 0.087582
3 0.358824 0.732680 0.100000 0.079739
3 0.320956 0.542484 0.063971 0.133333
9 0.374265 0.522222 0.019118 0.035294
1 0.370956 0.515033 0.009559 0.039216
3 0.401471 0.505229 0.070588 0.069281
3 0.408824 0.456209 0.057353 0.049673
3 0.440809 0.418301 0.052206 0.062745
9 0.398897 0.422876 0.016912 0.024837
3 0.418750 0.374510 0.059559 0.040523
5 0.397794 0.333333 0.079412 0.062745
3 0.440441 0.293464 0.047059 0.048366
4 0.441176 0.264052 0.041176 0.049673
3 0.444853 0.240523 0.038235 0.039216
3 0.454412 0.173856 0.025000 0.036601
3 0.467279 0.149020 0.030147 0.026144
1 0.454044 0.152288 0.005147 0.016993
9 0.455147 0.156863 0.013235 0.015686
3 0.485294 0.133333 0.016176 0.031373
3 0.463603 0.126797 0.015441 0.026144
5 0.459559 0.111765 0.038235 0.027451
3 0.475368 0.103922 0.025735 0.024837
3 0.469853 0.087582 0.014706 0.023529
3 0.442647 0.079739 0.029412 0.020915
0 0.513235 0.109804 0.004412 0.023529
2 0.495588 0.094771 0.004412 0.019608
1 0.495588 0.089542 0.004412 0.019608
3 0.450000 0.060784 0.025000 0.016993
3 0.473897 0.056863 0.025735 0.022222
4 0.479779 0.043137 0.012500 0.026144
3 0.499265 0.054248 0.013235 0.024837
3 0.483456 0.038562 0.022794 0.019608
3 0.458088 0.032026 0.023529 0.022222
3 0.484926 0.026797 0.012500 0.016993
3 0.485662 0.019608 0.009559 0.015686
3 0.494853 0.015686 0.016176 0.018301
3 0.496691 0.006536 0.018382 0.013072
3 0.746324 0.902614 0.063235 0.147712
1 0.814338 0.860784 0.018382 0.032680
0 0.731250 0.809804 0.013971 0.053595
9 0.775735 0.792810 0.023529 0.045752
2 0.770221 0.774510 0.024265 0.048366
0 0.720221 0.749673 0.013971 0.061438
0 0.731250 0.714379 0.011029 0.056209
3 0.812500 0.639869 0.060294 0.066667
6 0.706618 0.564706 0.041176 0.036601
3 0.619118 0.513725 0.033824 0.073203
3 0.613603 0.443137 0.031618 0.060131
9 0.697059 0.422876 0.008824 0.035294
9 0.605515 0.385621 0.031618 0.057516
7 0.625000 0.339216 0.038235 0.043137
0 0.625368 0.345752 0.006618 0.032680
0 0.661029 0.279085 0.005882 0.032680
0 0.583088 0.307843 0.008824 0.037908
3 0.595588 0.256209 0.019118 0.036601
3 0.545956 0.298693 0.022794 0.040523
3 0.592279 0.223529 0.021324 0.033987
5 0.508824 0.237908 0.030882 0.075817
2 0.619118 0.230065 0.013235 0.015686
9 0.616912 0.222876 0.017647 0.019608
2 0.621691 0.202614 0.015441 0.018301
2 0.621691 0.199346 0.016912 0.016993
9 0.625368 0.179085 0.015441 0.023529
3 0.588971 0.192157 0.017647 0.031373
3 0.580515 0.153595 0.018382 0.027451
3 0.538603 0.161438 0.016912 0.032680
9 0.623529 0.158170 0.011765 0.018301
0 0.622426 0.151634 0.006618 0.023529
3 0.582721 0.133987 0.015441 0.024837
3 0.582353 0.116340 0.014706 0.020915
3 0.589338 0.101307 0.030147 0.027451
3 0.565441 0.109150 0.013235 0.024837
3 0.573162 0.081046 0.025735 0.026144
3 0.578309 0.064706 0.028676 0.022222
3 0.562132 0.041830 0.025735 0.018301
0 0.547426 0.041830 0.003676 0.018301
0 0.545221 0.041830 0.003676 0.018301
0 0.588603 0.051634 0.005147 0.016993
3 0.587132 0.050327 0.024265 0.014379
3 0.566176 0.030719 0.020588 0.014379
3 0.562500 0.024837 0.022059 0.015686
3 0.553309 0.020915 0.021324 0.018301
3 0.562132 0.016340 0.027206 0.019608
0 0.575735 0.015033 0.002941 0.016993
3 0.595956 0.047712 0.019853 0.016993
3 0.594485 0.041176 0.021324 0.014379
9 0.665809 0.247712 0.013971 0.016993
9 0.615441 0.108497 0.011765 0.013072
9 0.626471 0.134641 0.002941 0.015686
9 0.616544 0.130065 0.011029 0.014379
0 0.628309 0.128105 0.003676 0.015686
0 0.597426 0.086275 0.003676 0.018301
