5 0.176071 0.576667 0.082143 0.058095
5 0.492143 0.590000 0.048571 0.063810
5 0.714643 0.854286 0.090714 0.106667
5 0.812857 0.959524 0.091429 0.080952
5 0.284643 0.504762 0.087857 0.062857
5 0.504643 0.426190 0.049286 0.039048
5 0.681786 0.696190 0.035000 0.036190
3 0.579643 0.704762 0.027857 0.030476
3 0.651429 0.795238 0.035714 0.038095
3 0.615000 0.745238 0.028571 0.035238
3 0.531071 0.640000 0.023571 0.024762
4 0.600000 0.591429 0.017143 0.019048
3 0.557857 0.670476 0.022857 0.028571
5 0.115357 0.565714 0.095000 0.060952
5 0.170357 0.567619 0.087857 0.047619
5 0.084286 0.620952 0.074286 0.053333
3 0.041786 0.628571 0.029286 0.020952
0 0.332857 0.679524 0.004286 0.014286
0 0.361429 0.686190 0.004286 0.012381
0 0.400357 0.698571 0.003571 0.012381
3 0.406429 0.470000 0.018571 0.016190
3 0.412143 0.407619 0.010000 0.009524
3 0.369286 0.398571 0.012857 0.006667
4 0.398214 0.416667 0.012143 0.010476
4 0.378571 0.377619 0.008571 0.008571
4 0.360357 0.383810 0.012143 0.009524
3 0.367143 0.392381 0.014286 0.009524
3 0.363571 0.388571 0.010000 0.009524
3 0.356071 0.383810 0.012143 0.007619
3 0.383571 0.379048 0.008571 0.007619
3 0.493929 0.406667 0.007857 0.009524
3 0.485357 0.405714 0.006429 0.011429
3 0.475714 0.407619 0.007143 0.011429
3 0.456429 0.409524 0.005714 0.009524
3 0.515357 0.404286 0.009286 0.008571
3 0.501071 0.391429 0.010714 0.007619
3 0.486429 0.395238 0.010000 0.009524
3 0.493929 0.393333 0.009286 0.009524
3 0.479286 0.395714 0.010000 0.010476
4 0.525357 0.400476 0.006429 0.010476
4 0.508571 0.389048 0.010000 0.010476
4 0.513214 0.385238 0.009286 0.010476
3 0.556786 0.413333 0.012143 0.009524
3 0.466071 0.409048 0.007857 0.010476
0 0.435000 0.427619 0.002857 0.005714
0 0.420714 0.438095 0.001429 0.007619
6 0.563214 0.417143 0.010714 0.007619
3 0.589286 0.420952 0.010000 0.007619
3 0.576071 0.400000 0.007857 0.007619
3 0.585000 0.400952 0.008571 0.009524
9 0.769643 0.906667 0.022143 0.022857
9 0.882143 0.901905 0.015714 0.020952
9 0.930357 0.926667 0.026429 0.032381
9 0.728929 0.779524 0.012143 0.018095
9 0.735714 0.787143 0.007143 0.016190
9 0.677857 0.755714 0.004286 0.018095
9 0.783929 0.784286 0.017857 0.021905
9 0.741071 0.749524 0.012143 0.015238
6 0.760000 0.759048 0.014286 0.020952
3 0.828214 0.904762 0.050714 0.059048
3 0.773929 0.840952 0.027857 0.053333
5 0.013214 0.360000 0.026429 0.017143
5 0.091071 0.344286 0.036429 0.016190
5 0.089643 0.351429 0.027857 0.013333
5 0.213929 0.374762 0.010714 0.020000
8 0.244643 0.321905 0.012143 0.015238
3 0.219286 0.342857 0.011429 0.007619
5 0.181071 0.358095 0.007857 0.011429
