4 0.368214 0.917143 0.043571 0.095238
3 0.339286 0.772381 0.047143 0.100952
9 0.321071 0.936190 0.033571 0.024762
0 0.566429 0.732857 0.011429 0.018095
9 0.544286 0.672381 0.015714 0.034286
1 0.545000 0.673810 0.010000 0.016190
9 0.295714 0.801905 0.031429 0.022857
9 0.302500 0.660476 0.015000 0.037143
5 0.332143 0.566190 0.038571 0.094286
3 0.293214 0.550476 0.036429 0.081905
3 0.274643 0.463810 0.036429 0.076190
6 0.287143 0.404286 0.020000 0.052381
5 0.263929 0.389048 0.032143 0.079048
9 0.247857 0.372857 0.012857 0.037143
3 0.243571 0.315238 0.034286 0.070476
3 0.367500 0.349524 0.039286 0.062857
5 0.410357 0.415714 0.046429 0.080952
3 0.502857 0.484762 0.042857 0.076190
9 0.589286 0.680476 0.020000 0.040952
1 0.589643 0.680000 0.012143 0.020952
9 0.596429 0.584286 0.021429 0.027619
1 0.595714 0.580000 0.014286 0.017143
9 0.790000 0.968571 0.020000 0.041905
9 0.782500 0.937619 0.023571 0.031429
9 0.771786 0.898095 0.036429 0.030476
9 0.724643 0.733333 0.022143 0.036190
9 0.678929 0.693333 0.025000 0.026667
9 0.711429 0.681429 0.035714 0.021905
9 0.686429 0.612857 0.032857 0.018095
9 0.670714 0.590000 0.025714 0.023810
9 0.664643 0.526667 0.012143 0.040000
9 0.685357 0.526667 0.025000 0.020952
3 0.643214 0.607619 0.052143 0.083810
5 0.705714 0.763333 0.067143 0.109524
3 0.607143 0.519048 0.048571 0.074286
9 0.588929 0.459048 0.020714 0.022857
6 0.571786 0.424762 0.022143 0.045714
9 0.644286 0.461429 0.014286 0.027619
7 0.538571 0.337619 0.034286 0.054286
9 0.540357 0.265238 0.023571 0.023810
3 0.518214 0.282857 0.037857 0.062857
9 0.492857 0.265714 0.010000 0.022857
1 0.493214 0.264286 0.007857 0.018095
0 0.482857 0.245714 0.007143 0.026667
0 0.405357 0.270000 0.010714 0.025714
0 0.430000 0.259048 0.011429 0.028571
9 0.435714 0.217143 0.012857 0.028571
1 0.435714 0.212857 0.010000 0.016190
0 0.348929 0.107143 0.010714 0.027619
3 0.380357 0.101429 0.029286 0.046667
3 0.551429 0.196667 0.032857 0.035238
3 0.512143 0.110000 0.031429 0.046667
5 0.535357 0.102857 0.033571 0.055238
5 0.477500 0.110000 0.035000 0.071429
9 0.443214 0.090476 0.009286 0.028571
3 0.426071 0.057143 0.027857 0.041905
3 0.408214 0.017143 0.026429 0.034286
0 0.176786 0.252857 0.010714 0.021905
9 0.207143 0.278571 0.027143 0.018095
9 0.207857 0.271429 0.025714 0.015238
9 0.202143 0.257619 0.025714 0.018095
9 0.197857 0.247143 0.022857 0.014286
3 0.230357 0.245238 0.030714 0.063810
9 0.212500 0.147619 0.020714 0.019048
9 0.260357 0.103810 0.010714 0.030476
1 0.259286 0.099048 0.008571 0.019048
3 0.205000 0.114762 0.027143 0.050476
3 0.193571 0.060476 0.028571 0.056190
