3 0.280714 0.055238 0.037143 0.055238
0 0.267500 0.073333 0.007857 0.030476
0 0.303214 0.063333 0.010714 0.035238
3 0.262143 0.105238 0.038571 0.063810
4 0.246786 0.156667 0.047857 0.079048
3 0.216786 0.230952 0.057857 0.086667
3 0.188571 0.324286 0.064286 0.103810
3 0.274643 0.289524 0.060714 0.099048
3 0.317143 0.449524 0.071429 0.167619
3 0.148214 0.450000 0.067857 0.115238
3 0.093571 0.596667 0.101429 0.180000
0 0.047143 0.960952 0.037143 0.040000
3 0.041429 0.853810 0.082857 0.260000
3 0.491786 0.948095 0.086429 0.100000
3 0.397857 0.864762 0.081429 0.222857
3 0.403214 0.636667 0.065000 0.166667
3 0.480000 0.631429 0.058571 0.163810
0 0.896786 0.970476 0.043571 0.051429
9 0.788571 0.947143 0.038571 0.098095
4 0.727500 0.790476 0.177857 0.123810
0 0.601786 0.671429 0.019286 0.059048
3 0.710000 0.691905 0.148571 0.088571
3 0.678571 0.605238 0.130000 0.086667
3 0.666071 0.523333 0.129286 0.082857
4 0.650000 0.454762 0.131429 0.079048
4 0.619643 0.348571 0.096429 0.078095
3 0.633214 0.401429 0.112143 0.075238
3 0.624286 0.300476 0.101429 0.060000
3 0.571071 0.114762 0.082143 0.050476
4 0.583571 0.136190 0.074286 0.064762
0 0.516786 0.097619 0.010714 0.031429
1 0.600714 0.164762 0.012857 0.030476
0 0.619643 0.155238 0.009286 0.036190
3 0.427143 0.101905 0.032857 0.051429
3 0.432143 0.048571 0.030000 0.045714
0 0.538571 0.357143 0.012857 0.051429
0 0.551071 0.401905 0.015000 0.049524
0 0.511071 0.356190 0.015000 0.051429
3 0.480714 0.431905 0.052857 0.119048
3 0.416786 0.326667 0.045000 0.108571
4 0.413214 0.452857 0.057857 0.134286
