3 0.134643 0.414286 0.090714 0.055238
3 0.139286 0.357619 0.070000 0.050476
3 0.167143 0.208571 0.087143 0.053333
3 0.157857 0.261429 0.091429 0.058095
3 0.179286 0.159048 0.080000 0.057143
3 0.045000 0.165238 0.051429 0.100000
3 0.190357 0.022857 0.080714 0.045714
3 0.429286 0.032381 0.037143 0.064762
3 0.015357 0.415238 0.030714 0.104762
4 0.131786 0.491429 0.092143 0.055238
1 0.368571 0.182857 0.014286 0.030476
0 0.225357 0.107619 0.017857 0.032381
9 0.368929 0.188571 0.015000 0.047619
3 0.825714 0.040952 0.085714 0.051429
3 0.710000 0.052857 0.037143 0.098095
3 0.670714 0.034762 0.035714 0.069524
3 0.970000 0.368095 0.060000 0.052381
3 0.962500 0.516190 0.075000 0.059048
0 0.958214 0.220476 0.025000 0.027619
1 0.746071 0.302857 0.019286 0.020952
2 0.740357 0.308095 0.027857 0.027619
9 0.960000 0.192857 0.024286 0.033333
2 0.961786 0.171905 0.026429 0.021905
1 0.788571 0.451429 0.017143 0.020952
9 0.787143 0.453333 0.038571 0.020952
0 0.931786 0.274286 0.020714 0.026667
1 0.941071 0.278095 0.009286 0.015238
4 0.619286 0.726667 0.044286 0.135238
1 0.704643 0.911905 0.020714 0.023810
1 0.671429 0.941905 0.020000 0.030476
2 0.703214 0.908571 0.012143 0.057143
9 0.671429 0.941429 0.014286 0.067619
0 0.500357 0.789524 0.016429 0.020952
1 0.251429 0.749524 0.018571 0.020952
9 0.253929 0.750000 0.032143 0.021905
3 0.463214 0.961429 0.043571 0.077143
4 0.066429 0.706667 0.098571 0.053333
4 0.494643 0.066190 0.035000 0.103810
