3 0.105000 0.657995 0.071429 0.138325
3 0.164643 0.651650 0.060714 0.135787
5 0.246786 0.590736 0.089286 0.224619
5 0.170000 0.069797 0.058571 0.091371
3 0.142143 0.317893 0.047143 0.072335
3 0.155000 0.186548 0.038571 0.045685
3 0.210714 0.092005 0.024286 0.034264
3 0.248571 0.066624 0.027143 0.036802
3 0.285000 0.115482 0.028571 0.058376
3 0.796071 0.732868 0.077857 0.059645
3 0.851429 0.800127 0.090000 0.074873
4 0.960714 0.721447 0.078571 0.067259
5 0.605000 0.345178 0.042857 0.121827
3 0.505000 0.085660 0.012857 0.024112
3 0.511429 0.062817 0.015714 0.031726
3 0.517143 0.043782 0.012857 0.024112
3 0.585357 0.026015 0.013571 0.039340
4 0.518929 0.020305 0.012143 0.025381
0 0.009643 0.251269 0.009286 0.027919
0 0.013214 0.215102 0.010714 0.026650
0 0.030714 0.248731 0.007143 0.017766
0 0.033214 0.246193 0.006429 0.020305
0 0.065357 0.195431 0.006429 0.012690
0 0.066786 0.191624 0.006429 0.012690
0 0.089643 0.138959 0.006429 0.024112
0 0.084643 0.139594 0.005000 0.022843
0 0.093929 0.131345 0.006429 0.021574
0 0.086786 0.121193 0.005000 0.019036
0 0.085357 0.135152 0.005000 0.024112
0 0.123929 0.079949 0.006429 0.022843
0 0.132857 0.059645 0.004286 0.017766
0 0.137857 0.069797 0.004286 0.017766
