3 0.594286 0.864286 0.085714 0.149524
3 0.702143 0.774762 0.071429 0.134286
3 0.674643 0.653333 0.060714 0.087619
3 0.955714 0.735714 0.064286 0.113333
3 0.955714 0.585714 0.054286 0.076190
4 0.957857 0.508095 0.040000 0.069524
5 0.726429 0.489524 0.062857 0.099048
3 0.751429 0.420000 0.041429 0.049524
3 0.769643 0.378095 0.032143 0.041905
3 0.778929 0.329524 0.029286 0.043810
3 0.791071 0.301429 0.025000 0.037143
3 0.805714 0.272857 0.031429 0.027619
3 0.807500 0.243810 0.029286 0.030476
3 0.811071 0.221905 0.020714 0.022857
3 0.821429 0.202857 0.020000 0.032381
4 0.818929 0.189048 0.043571 0.027619
3 0.814643 0.169524 0.046429 0.022857
3 0.835000 0.153333 0.018571 0.019048
3 0.838929 0.137619 0.015000 0.018095
3 0.841786 0.128095 0.015000 0.016190
3 0.845357 0.120952 0.013571 0.017143
3 0.821071 0.113810 0.015000 0.018095
3 0.847143 0.103333 0.027143 0.018095
3 0.858214 0.092381 0.016429 0.017143
3 0.858214 0.084762 0.017857 0.013333
3 0.861786 0.070476 0.017857 0.013333
3 0.848929 0.063333 0.016429 0.010476
3 0.857500 0.061905 0.009286 0.011429
3 0.855714 0.054762 0.011429 0.010476
3 0.855000 0.049524 0.010000 0.009524
3 0.855357 0.045714 0.009286 0.013333
3 0.853571 0.040952 0.010000 0.013333
3 0.856429 0.033810 0.012857 0.014286
3 0.847500 0.028095 0.010714 0.014286
3 0.842143 0.053333 0.008571 0.015238
3 0.862500 0.008095 0.012143 0.014286
3 0.883214 0.017143 0.010714 0.009524
3 0.885714 0.022857 0.011429 0.007619
3 0.922500 0.053333 0.009286 0.011429
3 0.914643 0.051429 0.009286 0.011429
3 0.912500 0.046190 0.013571 0.010476
3 0.908929 0.040952 0.007857 0.009524
3 0.905714 0.037619 0.010000 0.008571
3 0.902143 0.035238 0.011429 0.009524
3 0.899643 0.030476 0.010714 0.009524
3 0.895714 0.028095 0.008571 0.010476
3 0.917500 0.064762 0.022143 0.011429
3 0.922500 0.075238 0.025000 0.013333
3 0.924286 0.086190 0.030000 0.016190
3 0.923214 0.089048 0.030714 0.018095
3 0.925357 0.096667 0.032143 0.018095
3 0.930357 0.105714 0.033571 0.020952
3 0.928929 0.111905 0.029286 0.020000
3 0.927857 0.114762 0.031429 0.016190
4 0.926429 0.122381 0.038571 0.023810
3 0.929643 0.133333 0.029286 0.019048
3 0.932857 0.140000 0.038571 0.020952
3 0.930357 0.147619 0.037857 0.019048
3 0.931071 0.158571 0.037857 0.021905
3 0.930357 0.154286 0.039286 0.020952
3 0.931071 0.174286 0.043571 0.019048
3 0.943929 0.182381 0.039286 0.021905
3 0.938571 0.195714 0.045714 0.025714
3 0.925000 0.202381 0.042857 0.018095
3 0.929286 0.214286 0.040000 0.019048
3 0.934643 0.228095 0.042143 0.020000
3 0.932143 0.243810 0.041429 0.022857
3 0.936071 0.252857 0.050714 0.027619
3 0.932143 0.265714 0.054286 0.020952
3 0.935000 0.279524 0.058571 0.027619
3 0.938214 0.293810 0.053571 0.033333
3 0.941429 0.313810 0.045714 0.027619
3 0.943214 0.338095 0.052143 0.032381
3 0.940357 0.363810 0.052143 0.036190
3 0.945357 0.450000 0.070714 0.046667
5 0.965714 0.388095 0.054286 0.086667
