3 0.769286 0.954315 0.050000 0.038071
3 0.498929 0.613579 0.013571 0.044416
3 0.572500 0.612310 0.015000 0.044416
3 0.547143 0.515863 0.014286 0.044416
3 0.593214 0.701142 0.020714 0.044416
3 0.883571 0.739213 0.035714 0.029188
3 0.937500 0.739213 0.037857 0.029188
3 0.482500 0.328046 0.009286 0.024112
3 0.543571 0.338198 0.011429 0.029188
3 0.483214 0.178934 0.007857 0.020305
3 0.513214 0.192893 0.006429 0.020305
3 0.538929 0.071701 0.006429 0.013959
3 0.518929 0.055838 0.005000 0.017766
3 0.504643 0.057741 0.005000 0.013959
3 0.506429 0.032995 0.005714 0.015228
3 0.497500 0.010152 0.006429 0.007614
8 0.539643 0.033629 0.006429 0.036802
5 0.496071 0.038706 0.009286 0.024112
4 0.528571 0.061548 0.007143 0.016497
4 0.520714 0.582487 0.012857 0.050761
4 0.750714 0.750635 0.042857 0.036802
4 0.831071 0.743020 0.043571 0.036802
3 0.983214 0.726523 0.033571 0.031726
3 0.994286 0.759518 0.011429 0.031726
3 0.435357 0.980964 0.020714 0.035533
0 0.366071 0.590736 0.005000 0.019036
0 0.398214 0.467005 0.003571 0.015228
0 0.456429 0.369924 0.004286 0.011421
0 0.487857 0.375000 0.005714 0.011421
0 0.781429 0.804569 0.002857 0.012690
