0 0.163571 0.008571 0.005714 0.011429
0 0.255357 0.005238 0.006429 0.006667
0 0.038929 0.082857 0.009286 0.007619
3 0.082857 0.057143 0.030000 0.022857
3 0.161429 0.185714 0.030000 0.028571
3 0.181429 0.203810 0.031429 0.028571
3 0.322143 0.140952 0.030000 0.028571
3 0.074286 0.280476 0.031429 0.037143
3 0.302143 0.285238 0.024286 0.039048
3 0.293929 0.343810 0.019286 0.038095
3 0.281429 0.424286 0.015714 0.040952
3 0.018929 0.337619 0.025000 0.035238
9 0.268214 0.104286 0.009286 0.008571
9 0.251071 0.127619 0.010714 0.009524
9 0.230357 0.397143 0.006429 0.015238
9 0.296786 0.740952 0.007857 0.013333
9 0.910714 0.483810 0.008571 0.011429
9 0.988571 0.817619 0.008571 0.012381
0 0.123214 0.197619 0.010714 0.006667
8 0.285000 0.619524 0.052857 0.098095
3 0.406429 0.112857 0.030000 0.018095
3 0.450357 0.090000 0.030714 0.021905
5 0.528929 0.015238 0.035000 0.026667
3 0.598214 0.009524 0.029286 0.019048
3 0.781071 0.110476 0.015000 0.043810
3 0.782857 0.266667 0.017143 0.041905
3 0.744286 0.311429 0.024286 0.036190
3 0.877143 0.860476 0.014286 0.039048
3 0.883214 0.788571 0.013571 0.041905
3 0.829286 0.990000 0.020000 0.020000
3 0.864643 0.646190 0.012143 0.033333
4 0.857857 0.585714 0.018571 0.036190
3 0.868214 0.035238 0.029286 0.026667
3 0.870000 0.057619 0.028571 0.023810
3 0.866429 0.075714 0.030000 0.021905
3 0.860714 0.097143 0.028571 0.020952
3 0.860357 0.119524 0.029286 0.021905
3 0.857857 0.140952 0.028571 0.020952
3 0.858929 0.163810 0.030714 0.022857
3 0.857500 0.182381 0.029286 0.020000
3 0.866786 0.205714 0.029286 0.019048
3 0.869643 0.234286 0.032143 0.020952
3 0.868929 0.254762 0.032143 0.020000
3 0.875714 0.277143 0.032857 0.024762
4 0.875000 0.296667 0.032857 0.021905
3 0.878214 0.317143 0.029286 0.019048
3 0.893571 0.342381 0.031429 0.016190
3 0.891429 0.364286 0.031429 0.018095
3 0.901429 0.386190 0.031429 0.020000
3 0.909643 0.410000 0.030714 0.018095
3 0.920000 0.431905 0.028571 0.018095
3 0.928214 0.453333 0.029286 0.019048
3 0.945714 0.473333 0.030000 0.019048
3 0.958214 0.494762 0.030714 0.020000
3 0.966071 0.512381 0.027857 0.019048
3 0.975000 0.531905 0.031429 0.018095
3 0.965357 0.026667 0.027857 0.028571
3 0.961786 0.049524 0.027857 0.028571
3 0.945357 0.086667 0.026429 0.028571
3 0.938571 0.103810 0.028571 0.028571
3 0.925714 0.121429 0.030000 0.018095
3 0.930714 0.142381 0.028571 0.020000
3 0.935000 0.162857 0.030000 0.022857
3 0.939643 0.185238 0.027857 0.025714
3 0.945357 0.205238 0.032143 0.023810
3 0.952857 0.226190 0.034286 0.025714
3 0.955000 0.248095 0.024286 0.016190
3 0.965714 0.270000 0.025714 0.020000
3 0.971429 0.297619 0.025714 0.023810
3 0.979286 0.318095 0.030000 0.022857
3 0.983571 0.341905 0.028571 0.024762
0 0.909286 0.145714 0.007143 0.009524
3 0.976071 0.013333 0.027857 0.026667
0 0.942500 0.278571 0.007857 0.008571
0 0.948571 0.280952 0.005714 0.005714
0 0.926786 0.334286 0.006429 0.005714
0 0.927500 0.344286 0.006429 0.004762
0 0.919286 0.342857 0.007143 0.005714
0 0.949643 0.449524 0.007857 0.007619
3 0.985714 0.372857 0.027143 0.025714
3 0.990714 0.400000 0.018571 0.019048
3 0.991429 0.421905 0.017143 0.019048
3 0.987143 0.557619 0.025714 0.025714
3 0.993214 0.578095 0.013571 0.020952
1 0.987857 0.815714 0.005714 0.006667
1 0.910714 0.483333 0.002857 0.008571
0 0.937143 0.591429 0.010000 0.011429
1 0.266429 0.101905 0.008571 0.009524
1 0.251429 0.126667 0.007143 0.007619
1 0.230000 0.395238 0.007143 0.009524
1 0.296429 0.740476 0.005714 0.014286
