3 0.352500 0.285533 0.039286 0.035533
3 0.394286 0.565355 0.030000 0.077411
3 0.406429 0.668147 0.030000 0.087563
3 0.423214 0.818528 0.037857 0.119289
3 0.443214 0.605330 0.029286 0.081218
3 0.525714 0.256345 0.047143 0.035533
4 0.436429 0.064086 0.020000 0.049492
0 0.161786 0.901650 0.010714 0.024112
0 0.110000 0.964467 0.014286 0.027919
0 0.274286 0.697335 0.010000 0.029188
0 0.297857 0.501904 0.005714 0.029188
0 0.300000 0.491751 0.007143 0.029188
0 0.308929 0.347716 0.007857 0.022843
0 0.288571 0.355330 0.007143 0.027919
0 0.131429 0.295051 0.005714 0.019036
0 0.416429 0.187183 0.005714 0.026650
0 0.314643 0.046954 0.005000 0.022843
0 0.442500 0.133883 0.006429 0.024112
0 0.520714 0.123731 0.005714 0.024112
0 0.131071 0.288706 0.006429 0.021574
0 0.242857 0.262056 0.005714 0.021574
0 0.280000 0.356599 0.005714 0.025381
0 0.568214 0.194797 0.005000 0.026650
0 0.701429 0.217640 0.004286 0.021574
0 0.703929 0.215102 0.005000 0.021574
4 0.706071 0.268401 0.046429 0.036802
0 0.768571 0.774746 0.010000 0.031726
0 0.816429 0.957487 0.012857 0.034264
0 0.788571 0.779188 0.010000 0.038071
0 0.775357 0.775381 0.009286 0.022843
3 0.498571 0.970812 0.031429 0.055838
3 0.433929 0.951142 0.035000 0.095178
0 0.274286 0.692893 0.007143 0.015228
