3 0.433214 0.718909 0.039286 0.036802
3 0.197143 0.689721 0.037143 0.034264
3 0.222143 0.667513 0.042857 0.032995
3 0.237857 0.638959 0.040000 0.034264
3 0.252500 0.619289 0.036429 0.027919
3 0.296071 0.656726 0.037857 0.031726
3 0.301786 0.634518 0.037857 0.027919
5 0.291429 0.684010 0.041429 0.038071
4 0.346786 0.700508 0.037857 0.038071
3 0.373571 0.677665 0.044286 0.038071
3 0.309643 0.434645 0.035000 0.029188
3 0.257500 0.457487 0.026429 0.031726
3 0.234286 0.444162 0.025714 0.030457
3 0.309643 0.475254 0.022143 0.036802
3 0.327500 0.482234 0.022143 0.035533
4 0.476786 0.485406 0.013571 0.041878
3 0.603929 0.480330 0.019286 0.029188
3 0.628571 0.465102 0.020000 0.031726
4 0.672143 0.456853 0.017143 0.030457
4 0.888929 0.451142 0.020714 0.036802
5 0.665000 0.685279 0.204286 0.096447
5 0.551786 0.697970 0.202143 0.101523
