0 0.270357 0.635238 0.030714 0.066667
0 0.348929 0.681905 0.026429 0.074286
0 0.369286 0.692857 0.021429 0.073333
0 0.313214 0.700952 0.029286 0.083810
0 0.297143 0.712381 0.022857 0.060952
0 0.974643 0.533333 0.023571 0.051429
0 0.156429 0.410000 0.021429 0.050476
0 0.172857 0.407143 0.021429 0.048571
0 0.231071 0.205238 0.009286 0.023810
0 0.232500 0.197619 0.003571 0.016190
0 0.236071 0.202381 0.006429 0.014286
0 0.214286 0.284286 0.012857 0.035238
1 0.216071 0.217143 0.006429 0.020952
2 0.216429 0.221905 0.020000 0.017143
9 0.237857 0.304762 0.025714 0.015238
3 0.245714 0.137143 0.010000 0.019048
3 0.243571 0.147619 0.012857 0.017143
3 0.241786 0.163810 0.015000 0.017143
3 0.238571 0.182857 0.015714 0.020952
3 0.220000 0.199048 0.020000 0.022857
3 0.258571 0.179524 0.014286 0.020000
3 0.257143 0.163333 0.011429 0.018095
3 0.248929 0.134762 0.009286 0.014286
3 0.197143 0.195238 0.020000 0.022857
3 0.205000 0.255238 0.031429 0.040000
3 0.241786 0.241429 0.017857 0.025714
3 0.240714 0.267619 0.022857 0.032381
0 0.197500 0.292857 0.015000 0.037143
3 0.227857 0.343810 0.040000 0.045714
3 0.117143 0.325714 0.045714 0.051429
3 0.087500 0.363333 0.057857 0.063810
3 0.056071 0.416667 0.072143 0.075238
0 0.014643 0.422381 0.022143 0.050476
0 0.029643 0.524762 0.022143 0.055238
3 0.029643 0.489524 0.059286 0.080000
3 0.205714 0.444762 0.062857 0.081905
3 0.285357 0.567143 0.136429 0.073333
0 0.499286 0.450476 0.025714 0.060952
0 0.495714 0.450000 0.014286 0.037143
3 0.112143 0.795714 0.188571 0.136190
1 0.372143 0.802857 0.030000 0.078095
3 0.374286 0.818571 0.072857 0.063810
3 0.478214 0.539524 0.119286 0.077143
0 0.531786 0.572381 0.025000 0.059048
3 0.595000 0.529524 0.082857 0.074286
3 0.704286 0.509048 0.120000 0.069524
1 0.777857 0.535714 0.021429 0.050476
2 0.771786 0.550476 0.040714 0.038095
3 0.870357 0.480476 0.103571 0.061905
8 0.843214 0.676190 0.313571 0.241905
