8 0.508571 0.186548 0.015714 0.050761
8 0.537500 0.487310 0.020714 0.083756
3 0.536429 0.218274 0.012857 0.038071
3 0.508571 0.237310 0.010000 0.030457
3 0.490714 0.229061 0.011429 0.029188
3 0.489286 0.304569 0.014286 0.032995
3 0.508571 0.361675 0.012857 0.040609
3 0.484286 0.435279 0.012857 0.040609
3 0.485714 0.389594 0.012857 0.040609
3 0.487143 0.344543 0.012857 0.036802
3 0.512500 0.281726 0.013571 0.038071
3 0.542857 0.579949 0.017143 0.053299
3 0.544286 0.822335 0.022857 0.078680
4 0.489643 0.263959 0.013571 0.038071
4 0.509643 0.315355 0.012143 0.039340
4 0.535000 0.369289 0.015714 0.050761
5 0.569286 0.648477 0.024286 0.116751
0 0.520000 0.922589 0.007143 0.027919
0 0.521429 0.927030 0.004286 0.016497
0 0.519643 0.915609 0.006429 0.024112
0 0.336071 0.918782 0.009286 0.025381
0 0.314286 0.904188 0.007143 0.019036
0 0.253929 0.979695 0.009286 0.025381
0 0.609286 0.434010 0.005714 0.017766
0 0.595357 0.341371 0.005000 0.020305
0 0.599286 0.339467 0.004286 0.019036
0 0.590357 0.243020 0.005000 0.019036
1 0.321071 0.848350 0.007857 0.019036
3 0.642500 0.187183 0.037857 0.026650
3 0.641071 0.152919 0.030714 0.031726
3 0.643929 0.167513 0.026429 0.025381
