3 0.966000 0.950667 0.068000 0.088000
4 0.948250 0.892333 0.103500 0.076667
4 0.967000 0.835000 0.066000 0.058000
4 0.856250 0.826333 0.097500 0.068667
4 0.712500 0.869667 0.109000 0.068667
4 0.662000 0.843333 0.088000 0.073333
4 0.586500 0.848333 0.042000 0.090000
4 0.557250 0.731667 0.034500 0.056667
3 0.558500 0.692667 0.045000 0.046667
0 0.542250 0.819667 0.013500 0.050000
0 0.520250 0.810667 0.014500 0.052000
0 0.499000 0.852333 0.015000 0.054000
0 0.499000 0.807333 0.013000 0.041333
0 0.503500 0.792000 0.010000 0.032000
0 0.508250 0.775667 0.010500 0.044667
0 0.504000 0.739333 0.013000 0.041333
0 0.496500 0.733667 0.011000 0.043333
0 0.501000 0.702333 0.008000 0.030000
0 0.624250 0.777667 0.014500 0.043333
0 0.678500 0.789333 0.013000 0.033333
0 0.708000 0.779333 0.014000 0.037333
1 0.638500 0.745667 0.015000 0.020667
1 0.645750 0.728667 0.011500 0.018667
4 0.418000 0.756333 0.073000 0.055333
3 0.547500 0.647333 0.024000 0.045333
3 0.535250 0.628333 0.026500 0.034000
3 0.534750 0.602000 0.018500 0.025333
3 0.558250 0.594000 0.040500 0.025333
3 0.485000 0.602000 0.037000 0.025333
3 0.415750 0.672000 0.057500 0.030667
3 0.429000 0.657000 0.059000 0.030000
3 0.439250 0.647000 0.055500 0.027333
5 0.437250 0.628000 0.052500 0.034667
4 0.441750 0.610000 0.052500 0.032000
3 0.435000 0.587333 0.043000 0.021333
3 0.394000 0.590333 0.039000 0.024667
3 0.572500 0.583667 0.029000 0.016667
3 0.601750 0.590000 0.039500 0.028000
3 0.640000 0.591667 0.033000 0.020667
3 0.609250 0.576000 0.040500 0.020000
5 0.603750 0.541333 0.066500 0.030667
3 0.506250 0.571000 0.034500 0.020667
5 0.477750 0.549000 0.121500 0.034000
1 0.463750 0.874333 0.018500 0.036667
0 0.473500 0.766667 0.008000 0.038667
0 0.906500 0.835333 0.015000 0.040000
6 0.822750 0.884000 0.041500 0.066667
1 0.703000 0.725667 0.011000 0.023333
5 0.625250 0.637000 0.062500 0.050000
2 0.329750 0.770667 0.013500 0.041333
3 0.274250 0.551667 0.031500 0.015333
3 0.372250 0.551333 0.032500 0.014667
1 0.513500 0.634000 0.007000 0.025333
9 0.514000 0.641333 0.007000 0.024000
