8 0.754643 0.636421 0.172143 0.158629
8 0.858214 0.537437 0.059286 0.209391
8 0.755357 0.489213 0.079286 0.186548
8 0.807500 0.346447 0.130714 0.129442
3 0.833571 0.225254 0.041429 0.029188
3 0.687500 0.085025 0.017857 0.020305
3 0.701071 0.087563 0.012143 0.017766
3 0.708571 0.096447 0.015714 0.017766
3 0.716429 0.102792 0.014286 0.017766
3 0.724286 0.108503 0.012857 0.016497
3 0.732500 0.113579 0.015000 0.019036
3 0.737857 0.123096 0.014286 0.025381
8 0.555714 0.601523 0.198571 0.157360
8 0.422500 0.423223 0.119286 0.135787
8 0.383214 0.484137 0.119286 0.135787
8 0.515000 0.432741 0.124286 0.139594
8 0.307857 0.369924 0.110000 0.123096
8 0.203214 0.397208 0.117857 0.104061
8 0.340357 0.304569 0.055000 0.065990
8 0.386786 0.312817 0.037857 0.057107
