0 0.651429 0.768095 0.031429 0.115238
0 0.636071 0.607143 0.029286 0.088571
0 0.563571 0.435238 0.012857 0.053333
0 0.726071 0.401429 0.025000 0.054286
0 0.552143 0.425714 0.014286 0.057143
0 0.486071 0.358095 0.015000 0.051429
3 0.864286 0.627619 0.197143 0.108571
3 0.777143 0.804762 0.184286 0.209524
3 0.372500 0.671429 0.092143 0.186667
3 0.471786 0.580476 0.085000 0.117143
3 0.370357 0.508571 0.069286 0.110476
3 0.437143 0.453810 0.057143 0.077143
3 0.160714 0.609048 0.112857 0.157143
3 0.145000 0.440476 0.134286 0.073333
3 0.154643 0.402857 0.122143 0.059048
3 0.257500 0.361905 0.053571 0.074286
3 0.283571 0.306667 0.038571 0.059048
3 0.300357 0.277143 0.029286 0.036190
3 0.307500 0.255714 0.027857 0.037143
3 0.277143 0.244762 0.041429 0.032381
3 0.279286 0.230952 0.045714 0.029524
3 0.303571 0.214286 0.045714 0.024762
3 0.312143 0.203810 0.037143 0.020952
3 0.367143 0.376190 0.045714 0.066667
3 0.424643 0.354286 0.036429 0.047619
3 0.537143 0.381429 0.052857 0.061905
3 0.490714 0.296190 0.032857 0.040000
4 0.481786 0.267619 0.033571 0.030476
3 0.470000 0.253333 0.024286 0.034286
3 0.465714 0.241905 0.024286 0.022857
3 0.455714 0.231429 0.024286 0.022857
3 0.447857 0.211429 0.024286 0.024762
3 0.464286 0.200000 0.040000 0.022857
3 0.450714 0.190952 0.034286 0.025714
3 0.418571 0.319048 0.035714 0.034286
3 0.413929 0.294286 0.032143 0.034286
3 0.406786 0.267143 0.023571 0.035238
3 0.366786 0.304286 0.032143 0.033333
3 0.371071 0.333333 0.040714 0.047619
3 0.406071 0.248095 0.026429 0.027619
3 0.399286 0.233810 0.024286 0.025714
3 0.398571 0.218571 0.024286 0.020000
3 0.391071 0.201905 0.017857 0.022857
3 0.388214 0.184762 0.017857 0.020952
3 0.387143 0.169524 0.012857 0.015238
3 0.385714 0.160476 0.012857 0.012381
3 0.368214 0.280000 0.032143 0.036190
3 0.369643 0.250952 0.023571 0.027619
3 0.369286 0.225238 0.027143 0.029524
3 0.370000 0.198095 0.017143 0.024762
3 0.370714 0.175714 0.015714 0.020000
3 0.370000 0.163333 0.011429 0.016190
3 0.685000 0.529048 0.135714 0.090476
