3 0.572250 0.754333 0.080500 0.058000
3 0.557000 0.709667 0.076000 0.048667
3 0.544750 0.667000 0.075500 0.044667
3 0.510250 0.628000 0.067500 0.044000
3 0.494750 0.601000 0.068500 0.043333
3 0.497500 0.565667 0.066000 0.034000
3 0.487500 0.544000 0.067000 0.034667
3 0.473500 0.522333 0.065000 0.034000
0 0.303500 0.417667 0.008000 0.024667
3 0.361250 0.379000 0.022500 0.027333
0 0.287250 0.534000 0.009500 0.026667
4 0.431000 0.324000 0.019000 0.030667
3 0.414500 0.305667 0.019000 0.019333
4 0.495000 0.343667 0.024000 0.030000
4 0.464000 0.296667 0.022000 0.024000
4 0.452750 0.282333 0.019500 0.019333
4 0.404000 0.287667 0.017000 0.022000
4 0.372750 0.256667 0.027500 0.020000
3 0.365500 0.244000 0.025000 0.020000
3 0.363500 0.226333 0.015000 0.019333
4 0.397750 0.220333 0.016500 0.016667
3 0.390000 0.211667 0.017000 0.014000
3 0.352250 0.215333 0.013500 0.016000
3 0.363000 0.187333 0.015000 0.012000
4 0.338250 0.199333 0.013500 0.014667
4 0.329500 0.189333 0.012000 0.013333
3 0.322250 0.185333 0.012500 0.016000
3 0.353750 0.180667 0.013500 0.012000
3 0.312500 0.178000 0.014000 0.010667
3 0.332500 0.156667 0.015000 0.010667
3 0.318000 0.121000 0.016000 0.008667
4 0.287750 0.117333 0.018500 0.010667
4 0.264750 0.117000 0.019500 0.011333
3 0.667750 0.139667 0.014500 0.010000
3 0.907000 0.156333 0.014000 0.010000
4 0.937500 0.288667 0.023000 0.021333
0 0.874750 0.320333 0.006500 0.019333
1 0.594500 0.285333 0.005000 0.010667
1 0.598250 0.284333 0.006500 0.010000
6 0.590750 0.290000 0.023500 0.016000
2 0.613750 0.305000 0.010500 0.008667
7 0.593250 0.257667 0.017500 0.016667
4 0.548000 0.261000 0.018000 0.024667
4 0.228750 0.117667 0.013500 0.008667
4 0.200250 0.105000 0.006500 0.008667
3 0.182000 0.092667 0.009000 0.008000
