3 0.440750 0.744000 0.020500 0.046667
4 0.462500 0.752667 0.020000 0.052000
3 0.491250 0.764667 0.021500 0.050667
3 0.518250 0.274000 0.025500 0.018667
3 0.484750 0.264333 0.029500 0.020667
4 0.387250 0.235333 0.022500 0.018667
4 0.417000 0.247000 0.031000 0.023333
3 0.027250 0.251667 0.029500 0.024667
3 0.096500 0.150000 0.022000 0.016000
3 0.069000 0.144333 0.029000 0.016667
3 0.042000 0.138000 0.028000 0.020000
3 0.013750 0.130667 0.026500 0.020000
3 0.254000 0.115667 0.016000 0.030000
4 0.257750 0.092000 0.013500 0.017333
4 0.265000 0.072333 0.015000 0.020667
3 0.176750 0.107000 0.017500 0.024667
3 0.189500 0.086333 0.016000 0.020667
3 0.200250 0.065667 0.017500 0.020667
3 0.217000 0.042667 0.020000 0.021333
3 0.144500 0.090000 0.017000 0.021333
4 0.573500 0.166667 0.019000 0.025333
4 0.577500 0.154667 0.020000 0.028000
4 0.581500 0.136000 0.019000 0.020000
3 0.588750 0.122000 0.016500 0.024000
4 0.590750 0.101667 0.017500 0.022000
4 0.596750 0.086333 0.017500 0.024667
4 0.618000 0.079667 0.014000 0.028667
3 0.602750 0.072000 0.016500 0.022667
3 0.631000 0.302333 0.027000 0.018000
3 0.666750 0.314333 0.030500 0.024667
3 0.708500 0.326333 0.031000 0.022000
4 0.751500 0.334000 0.026000 0.017333
3 0.727750 0.542333 0.035500 0.026000
4 0.779750 0.556667 0.043500 0.037333
3 0.831750 0.353000 0.033500 0.019333
4 0.876500 0.358333 0.037000 0.023333
3 0.911000 0.386667 0.025000 0.017333
3 0.975500 0.388667 0.035000 0.024000
3 0.877250 0.589333 0.036500 0.026667
3 0.916250 0.600000 0.032500 0.026667
