9 0.865344 0.832560 0.021921 0.030612
1 0.866388 0.827922 0.007307 0.021336
7 0.919102 0.685993 0.038622 0.043599
7 0.963466 0.734694 0.033403 0.042672
7 0.988779 0.711503 0.017223 0.038961
3 0.940501 0.677180 0.061587 0.063080
3 0.957203 0.609926 0.053236 0.056586
3 0.965031 0.579777 0.054280 0.061224
3 0.959551 0.503247 0.049582 0.052876
4 0.961900 0.473562 0.046973 0.047310
4 0.967380 0.442486 0.041232 0.042672
3 0.855428 0.439703 0.022965 0.050093
3 0.845511 0.495362 0.029228 0.063080
3 0.765919 0.561224 0.047495 0.057514
3 0.713727 0.514842 0.046451 0.050093
3 0.662317 0.493043 0.028184 0.058442
3 0.638048 0.476345 0.028706 0.058442
3 0.611430 0.460575 0.029749 0.054731
3 0.587422 0.438776 0.029749 0.055659
3 0.562630 0.416976 0.027140 0.058442
3 0.538622 0.400742 0.029228 0.053803
4 0.478862 0.350186 0.032881 0.058442
3 0.460595 0.340445 0.030793 0.048237
3 0.421973 0.318646 0.032881 0.049165
6 0.264353 0.257421 0.017223 0.019481
1 0.259395 0.248145 0.006263 0.019481
3 0.244259 0.185993 0.033403 0.041744
5 0.149791 0.232839 0.068894 0.094620
3 0.185804 0.140538 0.030271 0.030612
0 0.186065 0.108071 0.006785 0.017625
0 0.100209 0.153989 0.008351 0.022263
3 0.128914 0.034323 0.034447 0.020408
3 0.132829 0.012523 0.029749 0.023191
3 0.943372 0.035250 0.018267 0.027829
4 0.966075 0.163729 0.024008 0.038033
3 0.954854 0.220779 0.020355 0.037106
9 0.945981 0.164193 0.009916 0.022263
