3 0.416429 0.530457 0.018571 0.017766
3 0.170714 0.574873 0.022857 0.015228
3 0.141071 0.607234 0.025000 0.019036
3 0.098929 0.652919 0.022143 0.019036
4 0.032500 0.664975 0.023571 0.022843
4 0.014286 0.631980 0.027143 0.020305
4 0.100714 0.585025 0.024286 0.020305
4 0.146429 0.645939 0.024286 0.020305
4 0.211786 0.595178 0.023571 0.017766
5 0.252143 0.556472 0.050000 0.031726
4 0.308929 0.576777 0.020714 0.016497
4 0.335000 0.545051 0.022857 0.019036
8 0.367500 0.604061 0.029286 0.025381
5 0.281429 0.640228 0.050000 0.031726
3 0.312857 0.817893 0.020000 0.031726
3 0.303929 0.833756 0.019286 0.027919
4 0.410000 0.807107 0.020000 0.027919
3 0.302500 0.857234 0.017857 0.029188
4 0.427143 0.800127 0.018571 0.026650
3 0.457857 0.786168 0.017143 0.026650
3 0.480357 0.789975 0.016429 0.026650
3 0.497857 0.782995 0.017143 0.027919
3 0.608929 0.586294 0.020714 0.017766
3 0.645357 0.555838 0.020714 0.017766
3 0.535000 0.534898 0.020000 0.016497
3 0.523571 0.572335 0.021429 0.017766
4 0.493571 0.602792 0.021429 0.017766
5 0.449643 0.581218 0.030714 0.025381
4 0.558571 0.505076 0.024286 0.020305
4 0.548929 0.594543 0.022143 0.019036
4 0.436786 0.614213 0.020714 0.017766
9 0.470000 0.548858 0.010000 0.006345
1 0.470000 0.548223 0.004286 0.010152
5 0.754643 0.842640 0.026429 0.093909
5 0.769286 0.835025 0.022857 0.078680
8 0.784643 0.837563 0.029286 0.093909
5 0.665714 0.459391 0.057143 0.032995
3 0.663929 0.487944 0.020714 0.013959
3 0.675714 0.513959 0.022857 0.017766
5 0.694286 0.572970 0.042857 0.026650
5 0.772500 0.531726 0.045000 0.032995
3 0.753929 0.562183 0.022143 0.017766
3 0.792500 0.561548 0.020714 0.013959
0 0.927143 0.683376 0.005714 0.006345
4 0.828571 0.552665 0.022857 0.016497
5 0.833571 0.492386 0.035714 0.027919
3 0.838929 0.453046 0.022143 0.020305
3 0.875000 0.520305 0.022857 0.017766
3 0.904643 0.484137 0.023571 0.016497
3 0.926786 0.435279 0.022143 0.017766
3 0.938571 0.541244 0.024286 0.019036
4 0.948571 0.513325 0.025714 0.016497
4 0.895000 0.544416 0.024286 0.020305
3 0.850714 0.571701 0.022857 0.013959
3 0.882143 0.571066 0.020000 0.012690
3 0.983571 0.540609 0.024286 0.015228
0 0.922857 0.780457 0.005714 0.010152
1 0.917143 0.573604 0.004286 0.005076
1 0.858214 0.550127 0.005000 0.006345
9 0.857500 0.550127 0.009286 0.008883
9 0.916429 0.574873 0.008571 0.005076
