0 0.347500 0.043810 0.003571 0.009524
0 0.350357 0.072857 0.003571 0.014286
9 0.347500 0.248095 0.006429 0.012381
9 0.536429 0.894762 0.011429 0.052381
1 0.536429 0.880000 0.010000 0.020952
0 0.430357 0.785238 0.015000 0.054286
3 0.395357 0.189524 0.010714 0.028571
3 0.377500 0.068571 0.012143 0.019048
3 0.437500 0.015714 0.009286 0.014286
3 0.503214 0.140476 0.015000 0.020000
8 0.437857 0.070476 0.020000 0.038095
0 0.569643 0.106667 0.003571 0.009524
3 0.613929 0.714286 0.040714 0.089524
3 0.650714 0.842857 0.044286 0.100952
3 0.637500 0.656190 0.065000 0.140952
9 0.719643 0.793810 0.013571 0.035238
9 0.760714 0.795238 0.015714 0.041905
1 0.720000 0.785238 0.010000 0.020000
1 0.760714 0.785238 0.010000 0.023810
