3 0.245000 0.002538 0.018571 0.005076
3 0.225000 0.024746 0.010000 0.011421
3 0.243929 0.064086 0.009286 0.016497
3 0.283571 0.020305 0.012857 0.017766
3 0.264286 0.054569 0.010000 0.015228
3 0.274286 0.049492 0.008571 0.012690
4 0.296786 0.008883 0.017857 0.017766
3 0.308571 0.044416 0.008571 0.017766
4 0.324286 0.065355 0.011429 0.026650
4 0.303571 0.074239 0.010000 0.019036
4 0.285357 0.081218 0.010714 0.022843
3 0.270000 0.076142 0.008571 0.015228
3 0.279643 0.067259 0.007857 0.015228
3 0.273929 0.095178 0.009286 0.015228
3 0.374643 0.257614 0.013571 0.025381
3 0.402500 0.284898 0.012143 0.029188
3 0.415357 0.373731 0.016429 0.029188
3 0.346071 0.347716 0.013571 0.025381
3 0.347857 0.296954 0.012857 0.025381
3 0.329643 0.291244 0.013571 0.024112
3 0.323214 0.340102 0.015000 0.027919
3 0.301786 0.265863 0.013571 0.024112
4 0.322143 0.263959 0.012857 0.022843
4 0.314286 0.241117 0.011429 0.022843
3 0.307857 0.218274 0.011429 0.020305
3 0.324286 0.218274 0.012857 0.020305
3 0.362143 0.215736 0.011429 0.022843
3 0.315714 0.192893 0.011429 0.022843
3 0.302143 0.192893 0.012857 0.022843
3 0.296786 0.171320 0.012143 0.022843
3 0.308214 0.166244 0.012143 0.022843
3 0.302143 0.145939 0.010000 0.022843
3 0.288571 0.145939 0.011429 0.020305
3 0.288929 0.101523 0.009286 0.015228
4 0.295357 0.120558 0.010714 0.017766
8 0.281786 0.114213 0.015000 0.035533
5 0.262857 0.133249 0.018571 0.045685
8 0.282143 0.206218 0.017143 0.039340
8 0.397143 0.376269 0.021429 0.052030
5 0.422857 0.342640 0.022857 0.058376
5 0.392143 0.302030 0.030000 0.078680
4 0.342143 0.133249 0.011429 0.027919
4 0.337500 0.102157 0.012143 0.024112
3 0.353571 0.175127 0.012857 0.025381
3 0.349643 0.229061 0.013571 0.026650
3 0.312857 0.114848 0.008571 0.016497
0 0.476429 0.366117 0.002857 0.011421
0 0.513571 0.478426 0.004286 0.012690
0 0.516429 0.474619 0.002857 0.012690
1 0.478571 0.447335 0.002857 0.011421
2 0.478929 0.449873 0.005000 0.013959
4 0.462500 0.468274 0.017857 0.040609
4 0.433929 0.432741 0.017857 0.040609
8 0.386071 0.455584 0.020714 0.063452
4 0.400714 0.638325 0.020000 0.048223
3 0.461071 0.706218 0.017857 0.039340
3 0.373214 0.534264 0.016429 0.032995
4 0.348929 0.439086 0.015000 0.032995
5 0.451786 0.500000 0.027857 0.073604
8 0.520357 0.628807 0.047857 0.118020
8 0.485714 0.531726 0.044286 0.101523
3 0.490357 0.607234 0.017857 0.036802
3 0.550357 0.727157 0.022143 0.048223
3 0.536429 0.760787 0.022857 0.054569
3 0.597143 0.862310 0.025714 0.062183
4 0.617500 0.930838 0.027857 0.067259
4 0.584286 0.930838 0.027143 0.072335
4 0.563214 0.837563 0.026429 0.065990
4 0.572500 0.788706 0.026429 0.062183
8 0.513929 0.680203 0.030714 0.073604
0 0.565714 0.621827 0.004286 0.015228
0 0.614286 0.767766 0.005714 0.015228
0 0.382857 0.130711 0.002857 0.010152
0 0.379286 0.130076 0.002857 0.011421
0 0.338929 0.023477 0.002143 0.013959
