3 0.287857 0.975714 0.034286 0.027619
4 0.288571 0.939524 0.031429 0.023810
3 0.287143 0.911429 0.035714 0.026667
3 0.286071 0.861429 0.036429 0.025714
3 0.285714 0.826190 0.035714 0.025714
4 0.258571 0.850000 0.017143 0.040952
3 0.233214 0.774286 0.020714 0.041905
3 0.311429 0.661905 0.037143 0.020952
0 0.206071 0.833333 0.009286 0.013333
0 0.212500 0.853333 0.010714 0.013333
0 0.222500 0.869048 0.009286 0.012381
0 0.205714 0.715714 0.010000 0.010476
5 0.414286 0.510476 0.027143 0.121905
0 0.423571 0.062381 0.005714 0.014286
0 0.443929 0.111905 0.005000 0.014286
3 0.226786 0.339048 0.019286 0.045714
3 0.228929 0.173810 0.020714 0.050476
3 0.285000 0.102857 0.035714 0.026667
3 0.282857 0.050000 0.032857 0.025714
3 0.289643 0.013333 0.030714 0.024762
3 0.850357 0.102857 0.022143 0.049524
4 0.870000 0.100952 0.020000 0.059048
3 0.922857 0.074286 0.020000 0.045714
3 0.977857 0.015714 0.034286 0.025714
3 0.931429 0.400952 0.037143 0.022857
3 0.931071 0.358095 0.019286 0.049524
3 0.855000 0.546667 0.018571 0.045714
3 0.876786 0.545714 0.017857 0.049524
3 0.830000 0.648095 0.018571 0.048571
3 0.856429 0.650952 0.020000 0.046667
3 0.897143 0.541905 0.018571 0.051429
3 0.768214 0.603810 0.016429 0.045714
4 0.666786 0.651429 0.020714 0.057143
4 0.641786 0.429524 0.016429 0.043810
9 0.661429 0.526190 0.007143 0.018095
3 0.936429 0.727619 0.035714 0.022857
3 0.981429 0.730952 0.034286 0.021905
3 0.947143 0.790476 0.040000 0.026667
3 0.987857 0.790476 0.024286 0.026667
4 0.807500 0.973333 0.032143 0.026667
4 0.810357 0.991905 0.036429 0.016190
0 0.682500 0.732857 0.006429 0.010476
0 0.685000 0.736667 0.007143 0.012381
9 0.653214 0.849048 0.009286 0.023810
0 0.835000 0.773333 0.010000 0.011429
3 0.654643 0.989524 0.017857 0.020952
