3 0.535752 0.968924 0.032881 0.060297
3 0.553497 0.838590 0.030793 0.100186
3 0.564979 0.714750 0.029749 0.093692
3 0.553758 0.473562 0.022965 0.075139
1 0.764614 0.564471 0.009395 0.015770
1 0.765397 0.537570 0.008873 0.012059
1 0.764875 0.551020 0.009916 0.012987
0 0.766701 0.519017 0.008351 0.030612
0 0.890136 0.576994 0.013048 0.024119
0 0.867693 0.537570 0.014092 0.028757
3 0.892745 0.426252 0.055846 0.041744
9 0.380219 0.432746 0.010960 0.025046
3 0.315762 0.403989 0.032359 0.075139
9 0.276096 0.396568 0.013570 0.028757
9 0.229123 0.379406 0.010438 0.027829
3 0.191023 0.391929 0.035491 0.067718
0 0.088987 0.352505 0.010960 0.022263
