3 0.647750 0.764667 0.082500 0.065333
0 0.778750 0.799333 0.021500 0.040000
3 0.746500 0.720667 0.044000 0.078667
0 0.047500 0.710667 0.021000 0.029333
0 0.043500 0.681000 0.016000 0.026000
0 0.100500 0.566000 0.014000 0.024000
2 0.081000 0.560667 0.021000 0.022667
2 0.007000 0.701000 0.013000 0.014000
1 0.010250 0.662000 0.015500 0.018667
2 0.209000 0.963000 0.026000 0.039333
2 0.226250 0.949667 0.026500 0.032667
2 0.243500 0.936333 0.029000 0.032667
2 0.309250 0.880000 0.023500 0.036000
2 0.314500 0.874333 0.020000 0.034000
2 0.323500 0.867000 0.020000 0.034000
2 0.328000 0.858333 0.020000 0.034000
0 0.449750 0.815333 0.013500 0.033333
0 0.588000 0.757667 0.012000 0.032667
1 0.414250 0.695333 0.012500 0.022667
1 0.429750 0.702333 0.012500 0.026000
2 0.415250 0.706000 0.019500 0.024000
2 0.430500 0.712333 0.019000 0.024667
5 0.513250 0.727333 0.090500 0.092000
0 0.698250 0.889667 0.013500 0.036667
0 0.509000 0.959667 0.019000 0.034000
1 0.886250 0.720333 0.012500 0.027333
2 0.884000 0.731000 0.015000 0.024667
3 0.805250 0.688333 0.066500 0.052667
1 0.676750 0.872000 0.015500 0.029333
2 0.675000 0.883000 0.025000 0.024667
1 0.754250 0.906000 0.016500 0.032000
1 0.910000 0.811000 0.014000 0.027333
2 0.905250 0.824667 0.016500 0.024000
2 0.753000 0.912000 0.031000 0.034667
3 0.826500 0.630333 0.067000 0.044667
3 0.845250 0.611667 0.067500 0.044667
3 0.419250 0.544667 0.060500 0.036000
3 0.440250 0.557667 0.062500 0.040667
3 0.462250 0.569333 0.064500 0.042667
3 0.496750 0.582000 0.051500 0.046667
3 0.517500 0.604333 0.048000 0.046000
3 0.541750 0.622333 0.043500 0.046000
3 0.573500 0.636667 0.055000 0.050667
3 0.625750 0.673333 0.046500 0.065333
3 0.660750 0.691000 0.056500 0.064667
0 0.665750 0.656667 0.010500 0.029333
3 0.690000 0.709000 0.043000 0.059333
3 0.887250 0.563333 0.056500 0.038667
3 0.903250 0.545000 0.063500 0.042000
3 0.914000 0.529000 0.051000 0.034000
3 0.920500 0.508667 0.053000 0.033333
3 0.928750 0.493000 0.056500 0.032667
3 0.902000 0.393333 0.044000 0.033333
0 0.912000 0.387000 0.008000 0.020667
1 0.884250 0.378667 0.006500 0.013333
2 0.883250 0.383667 0.013500 0.014000
3 0.861750 0.713000 0.041500 0.054000
3 0.890500 0.662667 0.043000 0.048000
3 0.915750 0.622000 0.039500 0.044000
3 0.940750 0.584333 0.037500 0.042000
3 0.958000 0.545333 0.031000 0.040000
3 0.974000 0.513667 0.032000 0.035333
3 0.986250 0.485333 0.027500 0.037333
3 0.985250 0.619667 0.029500 0.047333
1 0.955750 0.611333 0.011500 0.026667
2 0.953500 0.618667 0.012000 0.021333
1 0.968750 0.584667 0.011500 0.025333
2 0.966250 0.590667 0.012500 0.021333
0 0.973000 0.558333 0.010000 0.024667
1 0.839250 0.896000 0.013500 0.029333
2 0.839250 0.906000 0.031500 0.024000
2 0.855000 0.464667 0.018000 0.017333
2 0.862250 0.459667 0.016500 0.018000
0 0.862750 0.484000 0.013500 0.026667
0 0.845750 0.495000 0.009500 0.024667
0 0.846750 0.520000 0.009500 0.024000
0 0.855750 0.523667 0.009500 0.026000
