3 0.058000 0.778333 0.112000 0.136667
4 0.255500 0.810667 0.107000 0.145333
3 0.339000 0.832667 0.103000 0.150667
4 0.433500 0.842667 0.075000 0.185333
3 0.533250 0.841333 0.094500 0.158667
4 0.649500 0.827333 0.096000 0.190667
4 0.758750 0.843000 0.085500 0.182000
3 0.879500 0.856000 0.147000 0.160000
2 0.860750 0.607333 0.022500 0.046667
2 0.836500 0.601667 0.029000 0.039333
9 0.796750 0.613667 0.023500 0.050000
5 0.758750 0.627333 0.065500 0.092000
4 0.686500 0.616667 0.057000 0.102667
0 0.562000 0.559333 0.013000 0.033333
0 0.554000 0.590333 0.017000 0.047333
7 0.489000 0.624000 0.037000 0.068000
0 0.409000 0.569000 0.012000 0.044667
9 0.115000 0.645667 0.032000 0.042000
1 0.115000 0.629000 0.022000 0.048667
0 0.310750 0.509000 0.011500 0.039333
6 0.347500 0.533667 0.027000 0.040667
1 0.350750 0.520000 0.014500 0.033333
1 0.339750 0.513000 0.011500 0.028667
9 0.339750 0.521333 0.017500 0.032000
0 0.362000 0.419667 0.006000 0.030000
3 0.458000 0.415667 0.024000 0.026000
3 0.406250 0.395667 0.057500 0.028667
3 0.433000 0.386333 0.047000 0.024667
3 0.489250 0.384000 0.028500 0.028000
3 0.466750 0.355000 0.035500 0.020667
4 0.525250 0.397667 0.046500 0.031333
3 0.567500 0.407667 0.043000 0.024667
0 0.592000 0.406667 0.006000 0.020000
4 0.549250 0.384333 0.039500 0.028667
3 0.588750 0.401000 0.057500 0.022000
4 0.590750 0.377000 0.057500 0.034000
4 0.575000 0.367333 0.037000 0.020000
4 0.569750 0.364000 0.033500 0.018667
4 0.538250 0.373000 0.027500 0.023333
3 0.551750 0.357000 0.026500 0.018000
4 0.598250 0.353667 0.041500 0.024667
3 0.607750 0.352333 0.040500 0.019333
3 0.587500 0.346333 0.041000 0.018000
4 0.609250 0.339000 0.029500 0.022000
3 0.610500 0.339000 0.038000 0.018000
3 0.605750 0.333000 0.032500 0.015333
4 0.472750 0.345333 0.036500 0.022667
3 0.475000 0.345000 0.038000 0.015333
3 0.487250 0.340667 0.034500 0.018667
3 0.514750 0.340333 0.018500 0.019333
4 0.499750 0.323667 0.038500 0.024667
4 0.509750 0.322667 0.026500 0.018667
3 0.517750 0.318667 0.027500 0.013333
3 0.512750 0.314000 0.032500 0.016000
3 0.518000 0.311000 0.032000 0.014000
3 0.529000 0.308333 0.033000 0.014000
3 0.529500 0.303667 0.031000 0.012667
3 0.527250 0.301333 0.028500 0.012000
4 0.531500 0.298333 0.025000 0.015333
3 0.609750 0.328333 0.032500 0.014000
3 0.609000 0.324000 0.018000 0.012000
3 0.612250 0.319667 0.032500 0.014000
3 0.614500 0.317000 0.033000 0.014000
4 0.615250 0.311000 0.027500 0.016667
3 0.587750 0.313333 0.015500 0.014667
4 0.596750 0.306667 0.021500 0.016000
3 0.618500 0.306333 0.029000 0.014000
4 0.618000 0.303000 0.026000 0.015333
4 0.617500 0.299667 0.024000 0.015333
4 0.615000 0.298333 0.025000 0.016667
4 0.613250 0.298667 0.028500 0.021333
5 0.548500 0.288000 0.035000 0.026667
0 0.567750 0.294333 0.002500 0.007333
0 0.570250 0.293667 0.002500 0.010000
0 0.573000 0.293000 0.003000 0.012667
3 0.560000 0.283333 0.020000 0.010667
4 0.562250 0.278667 0.020500 0.012000
4 0.563500 0.272000 0.028000 0.014667
3 0.567750 0.268667 0.023500 0.010667
4 0.576250 0.263333 0.015500 0.010667
4 0.581000 0.255333 0.006000 0.010667
4 0.594250 0.300000 0.009500 0.013333
4 0.620250 0.292333 0.019500 0.012667
4 0.621000 0.291000 0.022000 0.012667
4 0.620500 0.288667 0.025000 0.013333
4 0.622000 0.286333 0.019000 0.014000
3 0.623000 0.286000 0.023000 0.010667
3 0.624750 0.282333 0.021500 0.011333
3 0.623750 0.278667 0.022500 0.010667
3 0.625750 0.276333 0.021500 0.010000
4 0.626500 0.273000 0.018000 0.011333
3 0.624250 0.270000 0.017500 0.009333
4 0.629500 0.263000 0.016000 0.011333
0 0.624250 0.265000 0.002500 0.008667
5 0.613750 0.254000 0.011500 0.013333
0 0.596750 0.263333 0.002500 0.009333
2 0.599000 0.270667 0.002000 0.006667
1 0.599000 0.268333 0.002000 0.008667
