5 0.478929 0.814086 0.032143 0.158629
3 0.439286 0.738579 0.028571 0.093909
3 0.299286 0.760152 0.028571 0.083756
3 0.362500 0.542513 0.023571 0.064721
3 0.348214 0.406726 0.022143 0.054569
3 0.456429 0.405457 0.021429 0.059645
3 0.413214 0.331218 0.023571 0.050761
3 0.367857 0.234772 0.021429 0.040609
5 0.488214 0.321066 0.026429 0.101523
5 0.513929 0.125635 0.025000 0.081218
5 0.404643 0.081218 0.025000 0.073604
3 0.434286 0.069162 0.015714 0.034264
3 0.415714 0.013325 0.014286 0.026650
3 0.393214 0.015863 0.016429 0.029188
3 0.061786 0.763325 0.030714 0.057107
5 0.030714 0.873731 0.061429 0.140863
4 0.156071 0.822335 0.033571 0.086294
4 0.141786 0.777284 0.026429 0.074873
5 0.169643 0.467640 0.045000 0.092640
3 0.115357 0.579949 0.029286 0.071066
5 0.177500 0.333756 0.033571 0.071066
3 0.211786 0.228426 0.017857 0.027919
3 0.220357 0.199239 0.019286 0.027919
0 0.320000 0.077411 0.004286 0.012690
0 0.189286 0.238579 0.005714 0.020305
0 0.035000 0.696066 0.011429 0.016497
0 0.713929 0.954315 0.007857 0.017766
0 0.722857 0.936548 0.005714 0.022843
0 0.711071 0.933376 0.006429 0.016497
0 0.688214 0.919416 0.006429 0.019036
0 0.701071 0.891497 0.010714 0.026650
0 0.735714 0.918147 0.007143 0.016497
0 0.630000 0.715736 0.010000 0.022843
1 0.613929 0.648477 0.006429 0.015228
0 0.597143 0.598350 0.005714 0.021574
0 0.702500 0.638325 0.006429 0.025381
0 0.735714 0.643401 0.007143 0.025381
0 0.650000 0.557741 0.005714 0.019036
0 0.713929 0.502538 0.005000 0.022843
0 0.702500 0.477792 0.005000 0.024112
0 0.618214 0.386421 0.006429 0.013959
0 0.604286 0.393401 0.007143 0.015228
0 0.582857 0.344543 0.005714 0.011421
0 0.670357 0.401650 0.006429 0.016497
0 0.656071 0.336929 0.009286 0.019036
0 0.608929 0.255711 0.006429 0.013959
0 0.597500 0.253173 0.007857 0.026650
0 0.657857 0.190990 0.010000 0.021574
0 0.653929 0.145939 0.005000 0.015228
0 0.655000 0.111675 0.005714 0.015228
0 0.651429 0.097716 0.005714 0.015228
0 0.647857 0.072970 0.005714 0.016497
0 0.637857 0.062817 0.005714 0.013959
0 0.587500 0.065990 0.005000 0.015228
0 0.582857 0.060914 0.004286 0.020305
0 0.616786 0.034264 0.006429 0.022843
0 0.643571 0.045051 0.005714 0.016497
0 0.316429 0.078680 0.004286 0.012690
3 0.251429 0.356599 0.025714 0.060914
0 0.673214 0.237944 0.006429 0.021574
0 0.663929 0.406726 0.006429 0.021574
0 0.622500 0.390228 0.005000 0.013959
0 0.585714 0.356599 0.005714 0.015228
0 0.648571 0.549492 0.007143 0.017766
0 0.635357 0.548858 0.006429 0.019036
0 0.637500 0.559645 0.005000 0.020305
0 0.641786 0.552665 0.005000 0.019036
1 0.610000 0.643401 0.005714 0.015228
0 0.656071 0.827411 0.007857 0.025381
0 0.650714 0.783629 0.007143 0.019036
0 0.657143 0.794416 0.008571 0.020305
0 0.652857 0.808376 0.011429 0.017766
0 0.738929 0.941624 0.009286 0.020305
