0 0.225000 0.748096 0.005714 0.019036
0 0.229286 0.739848 0.007143 0.017766
0 0.271071 0.864848 0.009286 0.016497
0 0.295714 0.902919 0.007143 0.016497
0 0.300357 0.971447 0.009286 0.021574
0 0.312500 0.883883 0.006429 0.016497
0 0.430000 0.869924 0.008571 0.016497
0 0.404286 0.838198 0.005714 0.019036
0 0.442857 0.794416 0.005714 0.020305
0 0.499643 0.851523 0.006429 0.020305
0 0.503571 0.848350 0.004286 0.019036
0 0.727500 0.793147 0.006429 0.017766
0 0.745000 0.784898 0.005714 0.016497
0 0.749643 0.772843 0.005000 0.017766
3 0.710714 0.640228 0.027143 0.031726
3 0.680357 0.618020 0.026429 0.027919
5 0.775714 0.539340 0.061429 0.060914
5 0.748929 0.524112 0.046429 0.040609
5 0.677857 0.539340 0.057143 0.048223
3 0.638929 0.520305 0.019286 0.038071
5 0.622143 0.505711 0.031429 0.064721
5 0.607143 0.498731 0.032857 0.053299
5 0.586786 0.494924 0.039286 0.068528
3 0.562857 0.504442 0.020000 0.021574
3 0.538929 0.523477 0.025000 0.021574
3 0.545357 0.504442 0.020714 0.021574
5 0.536071 0.487944 0.045000 0.062183
5 0.583929 0.574873 0.059286 0.045685
3 0.537143 0.564086 0.022857 0.021574
5 0.455714 0.560914 0.051429 0.038071
4 0.501786 0.498096 0.023571 0.021574
3 0.490000 0.515228 0.024286 0.020305
3 0.481071 0.491751 0.020714 0.029188
3 0.436786 0.493655 0.017857 0.032995
3 0.422143 0.489848 0.018571 0.027919
3 0.416071 0.478426 0.020714 0.035533
5 0.395000 0.477792 0.042857 0.077411
5 0.377143 0.477157 0.041429 0.078680
5 0.341786 0.489213 0.020714 0.052030
3 0.316786 0.515228 0.020714 0.017766
3 0.301429 0.506345 0.015714 0.030457
4 0.291786 0.500635 0.015000 0.036802
4 0.280714 0.501904 0.014286 0.034264
3 0.268929 0.508249 0.017857 0.031726
5 0.321429 0.464467 0.022857 0.045685
5 0.308214 0.470178 0.022143 0.049492
3 0.297500 0.472081 0.012143 0.030457
4 0.287857 0.472081 0.014286 0.030457
5 0.276429 0.467005 0.020000 0.038071
3 0.255714 0.476523 0.012857 0.029188
3 0.243214 0.505076 0.016429 0.030457
5 0.196071 0.516497 0.055000 0.043147
3 0.197857 0.473985 0.024286 0.019036
3 0.144286 0.480330 0.025714 0.021574
4 0.130000 0.469543 0.027143 0.022843
4 0.243571 0.454949 0.025714 0.024112
3 0.216429 0.416244 0.021429 0.020305
5 0.213929 0.403553 0.032143 0.030457
5 0.128571 0.418782 0.051429 0.022843
5 0.131071 0.402284 0.052143 0.032995
5 0.135000 0.389594 0.051429 0.032995
8 0.141071 0.375635 0.033571 0.025381
5 0.177143 0.370558 0.021429 0.050761
5 0.147143 0.361041 0.047143 0.036802
5 0.156429 0.348985 0.030000 0.025381
5 0.157143 0.338198 0.045714 0.031726
5 0.159286 0.326777 0.044286 0.026650
3 0.223929 0.376269 0.017857 0.019036
8 0.225000 0.359137 0.027143 0.022843
3 0.230000 0.351523 0.018571 0.015228
3 0.230714 0.345178 0.017143 0.015228
3 0.234643 0.336294 0.015000 0.015228
8 0.232143 0.324239 0.021429 0.019036
3 0.093929 0.322970 0.013571 0.019036
4 0.222857 0.290609 0.014286 0.020305
3 0.209286 0.282995 0.014286 0.017766
3 0.188929 0.244924 0.009286 0.017766
3 0.196429 0.223985 0.008571 0.016497
3 0.199286 0.199239 0.015714 0.012690
3 0.201786 0.192893 0.015000 0.012690
4 0.215714 0.177030 0.015714 0.016497
3 0.223571 0.168147 0.012857 0.013959
3 0.228571 0.163071 0.012857 0.013959
4 0.236429 0.151015 0.014286 0.015228
3 0.227857 0.199239 0.014286 0.015228
3 0.006429 0.277919 0.012857 0.022843
4 0.030000 0.257614 0.015714 0.025381
9 0.133929 0.076142 0.005000 0.010152
3 0.150714 0.034264 0.007143 0.010152
3 0.103214 0.009518 0.006429 0.013959
3 0.215000 0.008883 0.005714 0.012690
3 0.282857 0.107234 0.008571 0.013959
3 0.283571 0.131345 0.012857 0.011421
3 0.287857 0.123096 0.011429 0.010152
3 0.288929 0.117386 0.012143 0.011421
5 0.365357 0.409898 0.046429 0.035533
3 0.317500 0.402284 0.013571 0.027919
3 0.332857 0.388959 0.011429 0.021574
3 0.005714 0.670051 0.011429 0.035533
