3 0.167143 0.906667 0.077143 0.186667
3 0.264286 0.583810 0.044286 0.053333
3 0.175000 0.433333 0.031429 0.036190
3 0.409643 0.559048 0.045000 0.045714
3 0.458214 0.547619 0.047857 0.040000
3 0.608571 0.559048 0.060000 0.047619
3 0.676786 0.541429 0.057857 0.044762
3 0.494286 0.459048 0.041429 0.036190
3 0.398571 0.418095 0.027143 0.026667
3 0.281786 0.374286 0.017857 0.022857
3 0.375357 0.406667 0.022143 0.022857
4 0.264643 0.399048 0.027857 0.028571
3 0.190714 0.341429 0.031429 0.018095
3 0.239643 0.344762 0.026429 0.017143
3 0.288571 0.347619 0.022857 0.013333
0 0.235357 0.365238 0.006429 0.018095
0 0.251786 0.361429 0.006429 0.014286
0 0.294643 0.367143 0.006429 0.016190
0 0.356429 0.376667 0.005714 0.016190
1 0.261786 0.355238 0.005000 0.007619
9 0.262500 0.361429 0.009286 0.008571
0 0.585357 0.506190 0.007857 0.033333
0 0.600714 0.507143 0.008571 0.027619
4 0.636786 0.507619 0.045000 0.047619
0 0.630000 0.534286 0.008571 0.024762
0 0.642500 0.531429 0.007857 0.026667
0 0.636071 0.524286 0.009286 0.029524
9 0.583929 0.462857 0.019286 0.013333
9 0.518571 0.438095 0.010000 0.015238
0 0.546071 0.452381 0.003571 0.013333
1 0.540357 0.452381 0.006429 0.009524
0 0.483214 0.435714 0.007857 0.018095
0 0.444286 0.422857 0.007143 0.022857
4 0.303929 0.332381 0.020714 0.013333
3 0.322143 0.338571 0.021429 0.012381
0 0.306786 0.328095 0.003571 0.008571
0 0.292500 0.328095 0.005000 0.012381
0 0.280000 0.329048 0.004286 0.010476
0 0.283214 0.328095 0.003571 0.012381
4 0.309643 0.313333 0.010714 0.013333
3 0.298929 0.315238 0.010714 0.011429
0 0.270714 0.328095 0.007143 0.018095
0 0.187500 0.329048 0.005000 0.010476
1 0.180714 0.329524 0.004286 0.009524
2 0.179286 0.334286 0.011429 0.007619
3 0.165000 0.324762 0.012857 0.013333
3 0.160357 0.314762 0.013571 0.016190
3 0.168571 0.290000 0.007143 0.008571
3 0.152500 0.286190 0.007857 0.008571
3 0.162143 0.282857 0.008571 0.009524
8 0.155000 0.275238 0.015714 0.015238
8 0.145714 0.267143 0.011429 0.014286
3 0.086786 0.322381 0.010714 0.010476
3 0.067500 0.350476 0.037857 0.017143
3 0.878214 0.568095 0.069286 0.040952
