3 0.203929 0.022857 0.049286 0.045714
3 0.271071 0.019048 0.047857 0.034286
3 0.256071 0.107143 0.056429 0.109524
3 0.303929 0.160476 0.049286 0.134286
3 0.187500 0.109048 0.067857 0.092381
4 0.160000 0.212857 0.112857 0.105714
4 0.234286 0.316667 0.078571 0.206667
6 0.116429 0.364762 0.050000 0.102857
0 0.087143 0.330476 0.017143 0.034286
0 0.358929 0.203333 0.020714 0.046667
3 0.375000 0.337619 0.050000 0.149524
3 0.192500 0.560476 0.085000 0.180000
3 0.151071 0.801429 0.095000 0.223810
3 0.063571 0.715714 0.094286 0.200952
3 0.033929 0.940476 0.067857 0.103810
3 0.691429 0.024286 0.047143 0.048571
3 0.765714 0.050000 0.058571 0.100000
3 0.711071 0.116190 0.063571 0.114286
4 0.667143 0.172381 0.057143 0.129524
4 0.733929 0.271905 0.057857 0.109524
4 0.603571 0.224286 0.058571 0.124762
0 0.619286 0.101429 0.012857 0.046667
0 0.635000 0.106667 0.015714 0.057143
0 0.650714 0.266190 0.014286 0.046667
3 0.907500 0.039524 0.096429 0.061905
3 0.931071 0.090476 0.100714 0.062857
3 0.945000 0.146667 0.110000 0.068571
3 0.953929 0.207143 0.092143 0.071429
3 0.788929 0.155238 0.066429 0.125714
0 0.850714 0.184286 0.018571 0.042857
0 0.836429 0.171905 0.014286 0.048571
0 0.896429 0.348095 0.027143 0.079048
0 0.922857 0.376190 0.025714 0.064762
0 0.877500 0.524762 0.016429 0.047619
0 0.895714 0.517619 0.022857 0.046667
0 0.872143 0.495238 0.021429 0.034286
0 0.893571 0.490476 0.027143 0.036190
3 0.822857 0.443333 0.074286 0.159048
3 0.761429 0.467619 0.074286 0.140952
3 0.863571 0.648095 0.085714 0.185714
3 0.793214 0.664286 0.083571 0.178095
3 0.722857 0.642381 0.081429 0.197143
3 0.945714 0.559048 0.102857 0.123810
3 0.915000 0.904762 0.107143 0.182857
