8 0.213214 0.883883 0.090714 0.229695
3 0.037857 0.728426 0.068571 0.043147
3 0.169286 0.723350 0.064286 0.040609
3 0.283214 0.684010 0.057857 0.043147
0 0.121071 0.676396 0.005000 0.032995
0 0.332143 0.534898 0.007143 0.026650
0 0.372500 0.403553 0.003571 0.012690
0 0.377143 0.405457 0.002857 0.011421
0 0.371786 0.442259 0.003571 0.016497
0 0.381429 0.433376 0.002857 0.016497
0 0.373929 0.448604 0.003571 0.019036
8 0.380714 0.532360 0.034286 0.077411
0 0.400000 0.383883 0.002857 0.013959
0 0.409643 0.359137 0.003571 0.012690
3 0.405357 0.414340 0.010714 0.016497
3 0.426429 0.350254 0.005714 0.010152
3 0.443929 0.673223 0.022143 0.041878
3 0.589643 0.686548 0.026429 0.053299
3 0.510000 0.502538 0.015714 0.027919
4 0.559286 0.545051 0.018571 0.041878
3 0.485714 0.469543 0.012857 0.022843
3 0.498571 0.396574 0.011429 0.019036
3 0.479643 0.373096 0.009286 0.017766
3 0.493571 0.369924 0.010000 0.016497
8 0.530714 0.362310 0.017143 0.039340
0 0.500000 0.321701 0.001429 0.006345
3 0.509643 0.317893 0.012143 0.008883
3 0.486429 0.317893 0.007143 0.011421
5 0.453214 0.253807 0.005000 0.010152
3 0.457500 0.267766 0.003571 0.005076
3 0.453214 0.309645 0.006429 0.010152
3 0.451429 0.301396 0.005714 0.008883
4 0.461786 0.300761 0.006429 0.010152
3 0.479286 0.279822 0.004286 0.006345
3 0.453571 0.288706 0.005714 0.008883
3 0.461786 0.293147 0.005000 0.007614
4 0.461429 0.278553 0.004286 0.008883
3 0.462143 0.284264 0.004286 0.007614
3 0.461786 0.270305 0.003571 0.007614
5 0.450714 0.244924 0.004286 0.007614
3 0.439643 0.271574 0.003571 0.005076
