4 0.479384 0.463822 0.043319 0.072356
3 0.520877 0.428108 0.033403 0.045455
3 0.565762 0.386364 0.032359 0.039889
0 0.475731 0.349258 0.006785 0.023191
4 0.670146 0.286178 0.025052 0.036178
3 0.734081 0.302412 0.024530 0.031540
4 0.698852 0.262523 0.022965 0.033395
4 0.713727 0.247217 0.020355 0.034323
4 0.802453 0.218924 0.019311 0.027829
5 0.830376 0.185993 0.028184 0.038033
3 0.808194 0.147959 0.016180 0.021336
3 0.834812 0.116883 0.017223 0.018553
3 0.882829 0.055195 0.016180 0.013915
1 0.230428 0.421614 0.007829 0.012059
1 0.326983 0.445733 0.004697 0.023191
1 0.199113 0.307978 0.005741 0.016698
1 0.173278 0.269944 0.005219 0.018553
3 0.068894 0.469388 0.050104 0.046382
3 0.027923 0.456865 0.050626 0.041744
1 0.605428 0.702690 0.009395 0.025046
9 0.604384 0.711967 0.017745 0.028757
