4 0.681429 0.545238 0.078571 0.168571
3 0.890714 0.266190 0.070000 0.098095
4 0.835357 0.110000 0.082143 0.120952
3 0.935714 0.414286 0.084286 0.133333
0 0.883929 0.555714 0.030714 0.044762
0 0.839643 0.276667 0.019286 0.048571
3 0.498214 0.959048 0.070714 0.072381
3 0.187500 0.959524 0.187857 0.071429
3 0.204286 0.856190 0.164286 0.085714
3 0.216786 0.744286 0.162143 0.077143
3 0.226071 0.642381 0.156429 0.082857
4 0.242857 0.545238 0.122857 0.079048
3 0.249643 0.468095 0.129286 0.077143
3 0.258214 0.393333 0.117857 0.068571
3 0.269643 0.333333 0.125000 0.059048
3 0.270714 0.273333 0.115714 0.055238
3 0.282143 0.218571 0.094286 0.048571
3 0.282857 0.168571 0.100000 0.055238
3 0.297857 0.081905 0.098571 0.059048
3 0.300714 0.035714 0.092857 0.054286
3 0.040000 0.280952 0.080000 0.068571
3 0.034643 0.360476 0.069286 0.088571
3 0.025000 0.451905 0.050000 0.079048
0 0.195357 0.216190 0.022143 0.053333
9 0.136786 0.102857 0.027857 0.049524
9 0.165714 0.029524 0.037143 0.036190
0 0.350000 0.150476 0.012857 0.030476
3 0.955714 0.216667 0.078571 0.103810
