5 0.618571 0.885152 0.064286 0.222081
4 0.552500 0.940990 0.037857 0.115482
3 0.640357 0.618020 0.035000 0.098985
3 0.561786 0.335025 0.025000 0.071066
4 0.397857 0.258883 0.022857 0.065990
3 0.466071 0.163071 0.019286 0.046954
5 0.432500 0.102792 0.026429 0.081218
3 0.988214 0.740482 0.023571 0.095178
3 0.895357 0.343909 0.030714 0.058376
3 0.931429 0.305203 0.041429 0.046954
3 0.891071 0.284264 0.042143 0.048223
3 0.788571 0.216371 0.022857 0.044416
3 0.795714 0.071066 0.015714 0.038071
3 0.783214 0.040609 0.017857 0.035533
8 0.743214 0.138325 0.029286 0.071066
3 0.717500 0.053934 0.019286 0.034264
0 0.293571 0.930203 0.011429 0.025381
0 0.101429 0.979061 0.015714 0.034264
0 0.069643 0.857868 0.015000 0.030457
1 0.220000 0.862310 0.012857 0.021574
0 0.267500 0.812183 0.007857 0.015228
0 0.268571 0.782995 0.008571 0.015228
0 0.299643 0.749365 0.010714 0.021574
0 0.288571 0.729695 0.004286 0.015228
0 0.290000 0.675127 0.010000 0.025381
1 0.276071 0.716371 0.007857 0.021574
0 0.268214 0.736675 0.010714 0.026650
0 0.254643 0.744289 0.009286 0.029188
1 0.196429 0.757614 0.015714 0.025381
0 0.157857 0.684010 0.014286 0.027919
0 0.141429 0.686548 0.007143 0.020305
0 0.117857 0.688452 0.012857 0.029188
0 0.120714 0.666878 0.007143 0.024112
0 0.161786 0.619924 0.010714 0.026650
0 0.341071 0.559645 0.007857 0.020305
0 0.287143 0.550761 0.010000 0.027919
0 0.261786 0.539975 0.010714 0.016497
1 0.224643 0.541244 0.007857 0.029188
1 0.260714 0.477157 0.005714 0.022843
0 0.180357 0.413071 0.010714 0.026650
0 0.297857 0.403553 0.017143 0.015228
1 0.233929 0.395939 0.007857 0.015228
1 0.293214 0.294416 0.017857 0.015228
0 0.184643 0.308376 0.007857 0.025381
0 0.221786 0.258249 0.006429 0.021574
0 0.237143 0.186548 0.005714 0.025381
1 0.304286 0.215736 0.005714 0.015228
1 0.300000 0.173858 0.014286 0.012690
1 0.306786 0.126904 0.006429 0.017766
0 0.258571 0.124365 0.007143 0.020305
0 0.311071 0.051396 0.007857 0.021574
0 0.259286 0.086294 0.008571 0.022843
0 0.236071 0.104061 0.007857 0.020305
0 0.253214 0.028553 0.007857 0.021574
0 0.275714 0.014594 0.007143 0.019036
0 0.721429 0.085660 0.004286 0.021574
0 0.670714 0.318528 0.008571 0.030457
0 0.243571 0.107234 0.007143 0.013959
1 0.312857 0.124365 0.007143 0.020305
0 0.242143 0.184010 0.005714 0.012690
0 0.227500 0.261421 0.007857 0.022843
1 0.239286 0.390228 0.008571 0.013959
1 0.230357 0.536802 0.007857 0.015228
1 0.268929 0.479695 0.006429 0.020305
0 0.279643 0.540609 0.010714 0.017766
0 0.276786 0.560279 0.007857 0.024112
0 0.264643 0.530457 0.007857 0.012690
0 0.121071 0.638325 0.012143 0.020305
0 0.127143 0.668782 0.010000 0.025381
0 0.071429 0.989848 0.010000 0.015228
0 0.080357 0.991117 0.007857 0.015228
0 0.290714 0.956853 0.010000 0.022843
1 0.216786 0.890228 0.009286 0.016497
1 0.207500 0.892132 0.007857 0.017766
