3 0.890500 0.289000 0.013000 0.011333
4 0.895750 0.295333 0.011500 0.013333
4 0.897000 0.304667 0.011000 0.014667
3 0.897500 0.314667 0.012000 0.013333
3 0.917000 0.330333 0.030000 0.014000
3 0.917000 0.337667 0.028000 0.015333
0 0.862250 0.333333 0.003500 0.009333
0 0.857000 0.332000 0.004000 0.010667
3 0.927750 0.404333 0.035500 0.016667
1 0.888000 0.430667 0.006000 0.009333
1 0.892500 0.434667 0.006000 0.010667
0 0.904000 0.456667 0.006000 0.016000
0 0.900000 0.456667 0.006000 0.018667
4 0.945000 0.452000 0.030000 0.026667
3 0.978250 0.489667 0.034500 0.027333
3 0.864000 0.715333 0.053000 0.036000
3 0.938500 0.714333 0.057000 0.035333
0 0.868750 0.793667 0.013500 0.024667
3 0.898500 0.819667 0.069000 0.039333
3 0.807500 0.814667 0.072000 0.042667
3 0.726500 0.312000 0.020000 0.012000
3 0.734500 0.316333 0.021000 0.011333
3 0.741500 0.321333 0.023000 0.013333
3 0.757000 0.330667 0.022000 0.014667
3 0.722500 0.333667 0.018000 0.015333
3 0.706250 0.395000 0.022500 0.019333
3 0.782750 0.387333 0.030500 0.017333
3 0.775500 0.393667 0.030000 0.018000
4 0.765000 0.398000 0.034000 0.021333
3 0.656250 0.425000 0.036500 0.019333
3 0.653500 0.434000 0.037000 0.018667
5 0.657000 0.457000 0.047000 0.034000
7 0.646000 0.473667 0.018000 0.011333
3 0.733750 0.440333 0.031500 0.014000
3 0.737250 0.451000 0.040500 0.018000
3 0.739750 0.462000 0.035500 0.021333
3 0.757750 0.558667 0.042500 0.026667
5 0.775250 0.574000 0.059500 0.041333
3 0.646500 0.700000 0.057000 0.034667
3 0.694750 0.674333 0.038500 0.042000
3 0.728250 0.807000 0.069500 0.043333
0 0.683750 0.847333 0.008500 0.032000
1 0.671000 0.838000 0.012000 0.028000
2 0.672250 0.848333 0.009500 0.028667
0 0.617500 0.825000 0.009000 0.023333
0 0.639250 0.816333 0.010500 0.026000
9 0.633500 0.805000 0.015000 0.024667
0 0.619500 0.775333 0.007000 0.024000
0 0.601500 0.765333 0.006000 0.024000
0 0.616000 0.763667 0.008000 0.023333
0 0.616500 0.755333 0.009000 0.024000
0 0.607000 0.752333 0.007000 0.023333
0 0.612750 0.744000 0.010500 0.022667
9 0.606250 0.982000 0.030500 0.036000
7 0.636250 0.962667 0.017500 0.070667
4 0.587750 0.805000 0.054500 0.058000
3 0.507000 0.694333 0.055000 0.034000
3 0.575750 0.700000 0.034500 0.040000
3 0.405500 0.242333 0.009000 0.010000
3 0.347500 0.269667 0.015000 0.010000
0 0.390250 0.311000 0.002500 0.011333
3 0.432500 0.357333 0.022000 0.013333
3 0.398500 0.390000 0.028000 0.016000
3 0.389250 0.397000 0.027500 0.016667
3 0.381500 0.404333 0.028000 0.018000
3 0.374500 0.412333 0.029000 0.018000
3 0.366750 0.421333 0.033500 0.017333
5 0.399750 0.430667 0.026500 0.038667
7 0.414250 0.449333 0.011500 0.017333
3 0.352250 0.439667 0.031500 0.020667
9 0.329750 0.454333 0.009500 0.012667
3 0.365250 0.462667 0.021500 0.026667
0 0.377250 0.465667 0.004500 0.015333
0 0.377000 0.459000 0.005000 0.015333
9 0.388000 0.496000 0.011000 0.017333
9 0.394500 0.496667 0.006000 0.017333
2 0.399750 0.496333 0.007500 0.016667
2 0.405250 0.498667 0.005500 0.016000
2 0.408000 0.500667 0.005000 0.016000
2 0.416000 0.499000 0.006000 0.018000
9 0.422250 0.499333 0.005500 0.016000
9 0.425250 0.499667 0.005500 0.015333
9 0.443500 0.524333 0.007000 0.019333
2 0.448750 0.527000 0.004500 0.015333
9 0.376500 0.517667 0.008000 0.015333
9 0.388500 0.518333 0.009000 0.019333
2 0.394000 0.520333 0.006000 0.016667
9 0.400000 0.517000 0.006000 0.018000
9 0.432500 0.525333 0.005000 0.018667
3 0.356500 0.523667 0.025000 0.030000
3 0.381500 0.546333 0.045000 0.024667
3 0.287000 0.535333 0.043000 0.028000
3 0.276750 0.558667 0.041500 0.025333
3 0.314750 0.618333 0.030500 0.039333
3 0.364000 0.686333 0.056000 0.035333
3 0.437500 0.691000 0.054000 0.038000
3 0.410250 0.790667 0.061500 0.042667
4 0.345000 0.784667 0.055000 0.041333
3 0.274000 0.784333 0.065000 0.042000
9 0.396750 0.741333 0.020500 0.017333
1 0.394000 0.738000 0.013000 0.020000
0 0.327250 0.699667 0.006500 0.022000
9 0.248750 0.327000 0.012500 0.010000
3 0.194500 0.295000 0.016000 0.012667
3 0.203500 0.295333 0.017000 0.010667
3 0.192000 0.316000 0.023000 0.009333
3 0.198750 0.311667 0.021500 0.010000
3 0.208250 0.306667 0.021500 0.009333
3 0.212750 0.302667 0.020500 0.009333
3 0.059000 0.972000 0.028000 0.018667
2 0.059250 0.949333 0.019500 0.014667
2 0.067750 0.929333 0.023500 0.013333
2 0.094500 0.883667 0.022000 0.014000
2 0.108250 0.862000 0.021500 0.013333
3 0.139750 0.778333 0.063500 0.039333
3 0.171000 0.684333 0.055000 0.031333
3 0.112000 0.682000 0.056000 0.032000
3 0.039750 0.679333 0.054500 0.032000
