4 0.413361 0.873377 0.035491 0.104824
4 0.541493 0.591837 0.023486 0.064935
4 0.543058 0.532468 0.020355 0.055659
3 0.471555 0.480519 0.024530 0.064935
4 0.551670 0.442950 0.020877 0.065863
9 0.536795 0.352505 0.006785 0.020408
1 0.537056 0.344156 0.005219 0.011132
3 0.565240 0.269944 0.016701 0.038961
3 0.503914 0.262059 0.016180 0.039889
3 0.567850 0.224026 0.014614 0.028757
4 0.567589 0.183673 0.016180 0.038961
1 0.670929 0.184137 0.003653 0.010204
1 0.741388 0.169759 0.004697 0.011132
3 0.763570 0.115955 0.016701 0.024119
3 0.788883 0.109462 0.017223 0.025974
0 0.627871 0.898423 0.011482 0.045455
