3 0.293571 0.790000 0.131429 0.124762
3 0.360000 0.675238 0.107143 0.091429
3 0.375000 0.619524 0.098571 0.075238
3 0.399286 0.580000 0.098571 0.053333
3 0.423929 0.533333 0.086429 0.043810
5 0.422500 0.496190 0.082143 0.049524
3 0.470000 0.470952 0.070000 0.042857
3 0.548571 0.505714 0.044286 0.068571
0 0.493929 0.720000 0.015000 0.055238
3 0.731429 0.548095 0.090000 0.058095
3 0.702500 0.500476 0.086429 0.054286
4 0.701429 0.442857 0.064286 0.045714
3 0.707143 0.481905 0.080000 0.043810
4 0.339286 0.317143 0.041429 0.032381
0 0.379286 0.333333 0.005714 0.019048
0 0.382143 0.332857 0.005714 0.020000
9 0.022857 0.578571 0.041429 0.029524
3 0.515714 0.369524 0.045714 0.026667
3 0.465714 0.352857 0.041429 0.021905
1 0.473571 0.313333 0.007143 0.011429
9 0.648214 0.342381 0.013571 0.016190
3 0.834643 0.204762 0.019286 0.007619
0 0.421429 0.322381 0.005714 0.016190
9 0.127500 0.538095 0.035000 0.038095
