4 0.291750 0.576333 0.005500 0.007333
5 0.297000 0.565333 0.014000 0.012000
5 0.313250 0.564667 0.013500 0.010667
3 0.324000 0.566667 0.007000 0.004000
4 0.111250 0.599000 0.016500 0.008667
3 0.092750 0.598667 0.014500 0.006667
3 0.104000 0.598333 0.015000 0.006000
0 0.065500 0.616667 0.003000 0.009333
1 0.026500 0.646000 0.004000 0.009333
0 0.046000 0.634333 0.004000 0.010000
0 0.128000 0.618333 0.002000 0.008667
0 0.130000 0.617667 0.002000 0.008667
0 0.288250 0.657333 0.003500 0.013333
0 0.241750 0.634333 0.002500 0.010000
1 0.243750 0.654000 0.003500 0.006667
1 0.254500 0.653667 0.004000 0.006000
1 0.345250 0.693000 0.005500 0.012667
0 0.343750 0.706333 0.008500 0.018000
0 0.320250 0.693000 0.004500 0.016667
0 0.315750 0.691000 0.003500 0.012667
6 0.315250 0.698000 0.007500 0.014667
0 0.288750 0.711333 0.004500 0.017333
0 0.280000 0.706667 0.006000 0.016000
0 0.262250 0.709333 0.004500 0.017333
0 0.262500 0.715333 0.007000 0.020000
0 0.293250 0.698000 0.004500 0.017333
2 0.282250 0.639667 0.004500 0.010000
0 0.283250 0.645000 0.002500 0.008667
9 0.352000 0.639667 0.003000 0.008667
3 0.358250 0.645000 0.010500 0.012667
3 0.372000 0.637000 0.010000 0.011333
3 0.395000 0.645000 0.011000 0.014000
3 0.399750 0.651667 0.011500 0.014000
3 0.404250 0.658333 0.012500 0.012667
3 0.405750 0.666667 0.011500 0.016000
4 0.414750 0.674000 0.014500 0.022667
3 0.420750 0.690000 0.016500 0.016000
3 0.427000 0.702333 0.018000 0.020667
3 0.448250 0.700000 0.014500 0.018667
3 0.457000 0.743667 0.025000 0.028667
3 0.365500 0.677000 0.013000 0.018000
3 0.368750 0.688333 0.014500 0.019333
3 0.372500 0.703333 0.017000 0.024000
3 0.379000 0.717000 0.026000 0.020667
3 0.383750 0.733333 0.017500 0.029333
3 0.386000 0.748333 0.019000 0.032667
4 0.391250 0.769333 0.020500 0.036000
3 0.401750 0.802667 0.028500 0.040000
3 0.410250 0.840667 0.028500 0.046667
0 0.439750 0.805333 0.007500 0.028000
0 0.447000 0.784667 0.003000 0.012000
0 0.451000 0.781333 0.005000 0.024000
3 0.478000 0.799000 0.029000 0.032667
3 0.501000 0.835333 0.036000 0.040000
3 0.525250 0.884000 0.042500 0.052000
3 0.423500 0.890000 0.033000 0.058667
3 0.442250 0.952000 0.043500 0.065333
4 0.560250 0.936667 0.050500 0.072000
4 0.598250 0.974333 0.048500 0.051333
3 0.687500 0.859000 0.072000 0.042000
3 0.721750 0.674000 0.032500 0.014667
3 0.703500 0.666667 0.028000 0.018667
1 0.623000 0.700333 0.006000 0.014000
0 0.670750 0.683333 0.004500 0.017333
0 0.607000 0.639667 0.002000 0.008667
0 0.609500 0.637000 0.001000 0.007333
0 0.610500 0.635333 0.002000 0.010667
3 0.560500 0.617667 0.013000 0.010000
0 0.566250 0.636333 0.002500 0.008667
0 0.571250 0.651000 0.002500 0.010000
0 0.567000 0.648000 0.002000 0.008000
1 0.584000 0.653000 0.005000 0.008667
2 0.621500 0.645667 0.008000 0.007333
1 0.621750 0.641667 0.005500 0.011333
0 0.663250 0.651667 0.002500 0.012667
0 0.646500 0.651000 0.002000 0.011333
0 0.649500 0.651000 0.004000 0.012667
0 0.772000 0.744000 0.006000 0.021333
0 0.773750 0.739667 0.002500 0.011333
0 0.776500 0.744333 0.005000 0.020667
0 0.756000 0.671667 0.004000 0.007333
0 0.729250 0.683000 0.004500 0.015333
0 0.723250 0.662667 0.003500 0.013333
0 0.717750 0.657000 0.002500 0.008667
0 0.714000 0.655000 0.003000 0.014000
0 0.385000 0.703000 0.005000 0.019333
3 0.354750 0.625000 0.009500 0.014000
3 0.366000 0.619333 0.010000 0.010667
5 0.351250 0.614333 0.011500 0.014000
3 0.385000 0.625000 0.016000 0.010000
3 0.389000 0.633000 0.012000 0.008667
4 0.379750 0.616333 0.007500 0.011333
4 0.372500 0.603667 0.011000 0.012667
5 0.350750 0.567667 0.007500 0.006000
5 0.360500 0.577000 0.005000 0.008667
3 0.370750 0.598000 0.007500 0.008000
3 0.345750 0.592000 0.007500 0.008000
3 0.368000 0.595000 0.007000 0.007333
3 0.368000 0.592667 0.007000 0.008000
3 0.365000 0.589667 0.006000 0.007333
3 0.341250 0.587333 0.012500 0.009333
3 0.340250 0.578667 0.005500 0.006667
3 0.338500 0.574333 0.007000 0.007333
3 0.352750 0.583000 0.005500 0.007333
3 0.354750 0.558667 0.008500 0.004000
4 0.378500 0.570667 0.010000 0.006667
3 0.366250 0.566333 0.007500 0.004667
4 0.372500 0.557000 0.006000 0.006000
0 0.054000 0.694667 0.004000 0.014667
0 0.059000 0.693000 0.004000 0.015333
0 0.049750 0.691667 0.004500 0.018000
0 0.052500 0.689667 0.005000 0.023333
3 0.098250 0.610000 0.019500 0.010667
3 0.093500 0.608000 0.019000 0.009333
3 0.074500 0.615667 0.011000 0.010000
3 0.057000 0.616667 0.011000 0.013333
3 0.085750 0.604333 0.017500 0.007333
3 0.079750 0.606000 0.016500 0.009333
3 0.075250 0.602000 0.019500 0.009333
3 0.063500 0.604333 0.020000 0.008667
3 0.056250 0.601667 0.024500 0.011333
3 0.049250 0.600000 0.020500 0.009333
3 0.040500 0.600333 0.014000 0.012667
9 0.777750 0.668000 0.013500 0.012000
9 0.782500 0.671333 0.016000 0.009333
0 0.740000 0.632000 0.004000 0.009333
0 0.743000 0.635333 0.003000 0.006667
0 0.746500 0.631333 0.003000 0.010667
0 0.735500 0.633333 0.004000 0.010667
0 0.738750 0.626667 0.004500 0.014667
3 0.561000 0.584667 0.011000 0.010667
9 0.583500 0.625000 0.007000 0.008667
