0 0.603214 0.887056 0.017857 0.065990
3 0.430000 0.812817 0.057143 0.171320
3 0.517857 0.488579 0.067143 0.129442
3 0.564643 0.380711 0.050714 0.096447
3 0.593571 0.288706 0.040000 0.097716
3 0.501071 0.098350 0.042143 0.059645
3 0.466786 0.170685 0.049286 0.077411
5 0.465714 0.630711 0.074286 0.164975
5 0.421429 0.243655 0.085714 0.142132
5 0.630357 0.177030 0.059286 0.135787
0 0.045357 0.531091 0.026429 0.046954
0 0.151071 0.513959 0.016429 0.040609
0 0.145714 0.506980 0.014286 0.039340
0 0.165000 0.487944 0.020000 0.044416
0 0.262500 0.439086 0.012143 0.038071
9 0.018214 0.602157 0.036429 0.036802
9 0.210000 0.515863 0.040000 0.044416
9 0.261786 0.482234 0.047857 0.038071
1 0.261071 0.481599 0.017857 0.046954
0 0.242857 0.473985 0.015714 0.049492
