0 0.210357 0.413333 0.022143 0.059048
0 0.226071 0.412857 0.023571 0.058095
0 0.242857 0.407619 0.020000 0.047619
3 0.334643 0.622381 0.092143 0.145714
3 0.386786 0.817619 0.117857 0.218095
3 0.873929 0.822381 0.150714 0.187619
3 0.783929 0.688095 0.200714 0.113333
3 0.320357 0.448571 0.097857 0.083810
3 0.754643 0.607143 0.160714 0.084762
3 0.706429 0.565238 0.165714 0.092381
3 0.288214 0.384286 0.057857 0.067619
3 0.228214 0.337143 0.110714 0.066667
3 0.190714 0.272381 0.084286 0.047619
3 0.252143 0.241905 0.044286 0.053333
3 0.240000 0.211905 0.040000 0.040952
3 0.233571 0.185238 0.030000 0.027619
4 0.228214 0.160952 0.050714 0.051429
3 0.210714 0.149524 0.030000 0.032381
3 0.209643 0.131905 0.027857 0.031429
3 0.186786 0.085238 0.030714 0.033333
3 0.223929 0.084762 0.027857 0.030476
3 0.279643 0.083333 0.019286 0.025714
3 0.291429 0.099048 0.034286 0.022857
3 0.314643 0.112381 0.029286 0.026667
3 0.328929 0.120000 0.027857 0.022857
3 0.341429 0.133810 0.034286 0.029524
3 0.362857 0.148571 0.031429 0.030476
3 0.382857 0.167143 0.037143 0.033333
3 0.403214 0.190476 0.037857 0.036190
3 0.424643 0.212857 0.042143 0.042857
3 0.466429 0.222857 0.040000 0.043810
3 0.572857 0.242857 0.075714 0.043810
3 0.636429 0.269048 0.061429 0.046667
4 0.727143 0.258571 0.052857 0.037143
3 0.757857 0.227143 0.071429 0.039048
3 0.657143 0.235714 0.071429 0.044762
3 0.554643 0.283333 0.090714 0.046667
3 0.533571 0.306190 0.078571 0.035238
3 0.524286 0.327143 0.102857 0.048571
3 0.541071 0.360000 0.105000 0.057143
3 0.571786 0.396190 0.109286 0.062857
3 0.638214 0.465238 0.136429 0.077143
3 0.658571 0.503810 0.115714 0.060952
