3 0.594643 0.682857 0.015000 0.009524
3 0.578214 0.675238 0.007857 0.009524
0 0.575357 0.676667 0.002143 0.010476
0 0.572500 0.676190 0.002143 0.009524
3 0.518929 0.628095 0.005000 0.006667
3 0.473214 0.587619 0.005000 0.005714
3 0.453214 0.570476 0.003571 0.003810
3 0.452857 0.573333 0.002857 0.003810
3 0.471071 0.605714 0.003571 0.005714
3 0.488214 0.641429 0.006429 0.008571
3 0.476071 0.660952 0.007857 0.011429
3 0.447857 0.631429 0.011429 0.005714
3 0.494643 0.669048 0.009286 0.010476
3 0.511429 0.693333 0.008571 0.011429
3 0.508571 0.723810 0.010000 0.013333
3 0.533929 0.733810 0.012143 0.018095
3 0.502500 0.771429 0.010714 0.019048
1 0.487857 0.780476 0.004286 0.010476
9 0.487500 0.783333 0.005000 0.016190
3 0.510714 0.852381 0.014286 0.026667
3 0.542500 0.855238 0.017857 0.034286
3 0.581786 0.850000 0.017857 0.027619
3 0.571429 0.891905 0.020000 0.037143
3 0.545714 0.893810 0.017143 0.031429
3 0.525357 0.888095 0.016429 0.033333
3 0.524643 0.920952 0.017857 0.036190
4 0.559286 0.935714 0.021429 0.050476
3 0.588214 0.955714 0.022143 0.044762
3 0.532857 0.967143 0.021429 0.044762
3 0.632500 0.988571 0.023571 0.022857
3 0.700714 0.986667 0.028571 0.026667
3 0.013929 0.913810 0.027857 0.031429
3 0.033571 0.937143 0.031429 0.030476
3 0.057500 0.959524 0.033571 0.035238
3 0.033571 0.853333 0.040000 0.020952
3 0.039286 0.860476 0.032857 0.025714
3 0.050000 0.864286 0.038571 0.031429
3 0.114643 0.898571 0.043571 0.035238
3 0.130000 0.846667 0.028571 0.020952
3 0.153571 0.836667 0.027143 0.018095
3 0.171429 0.824286 0.028571 0.018095
8 0.258571 0.722857 0.045714 0.034286
8 0.291786 0.694286 0.019286 0.022857
3 0.294643 0.701905 0.013571 0.009524
8 0.310357 0.670476 0.006429 0.011429
8 0.315357 0.663333 0.007857 0.010476
3 0.310000 0.652381 0.010000 0.005714
4 0.313571 0.649524 0.007143 0.007619
4 0.319643 0.648571 0.007857 0.007619
4 0.324286 0.646190 0.010000 0.006667
4 0.333929 0.641905 0.010714 0.007619
4 0.342500 0.640000 0.009286 0.005714
