3 0.045929 0.248609 0.014614 0.011132
3 0.078810 0.256957 0.009395 0.011132
5 0.074896 0.281540 0.015136 0.013915
4 0.068372 0.234694 0.013570 0.011132
3 0.103601 0.224490 0.008873 0.009276
5 0.093685 0.219852 0.012004 0.016698
3 0.070720 0.224490 0.007829 0.009276
4 0.042797 0.232375 0.010438 0.010204
4 0.046451 0.226809 0.010438 0.010204
3 0.052975 0.228200 0.005741 0.007421
3 0.056628 0.222635 0.009916 0.011132
6 0.131002 0.184601 0.015658 0.009276
3 0.157098 0.178571 0.008351 0.008349
3 0.145877 0.178108 0.007829 0.007421
3 0.251305 0.950371 0.113257 0.052876
3 0.256524 0.916512 0.101775 0.081633
3 0.257829 0.855288 0.097077 0.074212
3 0.266962 0.807050 0.082985 0.072356
3 0.395616 0.553340 0.013570 0.028757
3 0.306889 0.294527 0.014614 0.012059
3 0.329332 0.305195 0.010438 0.009276
3 0.335334 0.308905 0.010960 0.011132
3 0.357516 0.314007 0.012526 0.010204
3 0.357516 0.258813 0.006263 0.012987
3 0.352818 0.247681 0.010438 0.007421
3 0.353340 0.239796 0.004175 0.008349
3 0.360908 0.240724 0.004697 0.012059
3 0.391701 0.332560 0.013048 0.015770
3 0.399269 0.332560 0.009395 0.013915
3 0.407881 0.335807 0.015136 0.014842
3 0.430063 0.394249 0.020877 0.011132
3 0.427975 0.383581 0.021921 0.015770
4 0.461378 0.482839 0.020877 0.023191
3 0.474426 0.510204 0.026096 0.018553
3 0.486691 0.543135 0.029749 0.021336
3 0.530271 0.650278 0.033403 0.031540
3 0.550104 0.683210 0.037578 0.030612
0 0.444676 0.899351 0.006263 0.026902
