9 0.891250 0.476333 0.025500 0.030000
9 0.897750 0.471000 0.017500 0.031333
3 0.380000 0.962000 0.078000 0.076000
3 0.569750 0.886000 0.109500 0.220000
3 0.371500 0.770667 0.064000 0.157333
3 0.749500 0.738667 0.089000 0.110667
3 0.703250 0.641000 0.079500 0.090000
0 0.642500 0.606667 0.018000 0.049333
4 0.631750 0.531000 0.039500 0.064667
3 0.603750 0.483667 0.047500 0.047333
4 0.534750 0.530333 0.043500 0.064667
3 0.563250 0.453000 0.030500 0.036667
3 0.556750 0.409333 0.032500 0.036000
3 0.576750 0.380333 0.049500 0.030000
0 0.548750 0.376000 0.005500 0.026667
0 0.549250 0.371333 0.005500 0.014667
3 0.553500 0.369667 0.047000 0.031333
0 0.523250 0.377333 0.005500 0.024000
3 0.517500 0.351667 0.022000 0.024667
3 0.494250 0.305333 0.012500 0.017333
3 0.494000 0.295333 0.015000 0.016000
3 0.494000 0.284333 0.011000 0.014000
3 0.491000 0.278333 0.011000 0.015333
3 0.489000 0.272667 0.011000 0.012000
3 0.489000 0.261333 0.010000 0.013333
3 0.489750 0.256667 0.009500 0.010667
3 0.489250 0.251000 0.008500 0.008667
3 0.484750 0.243333 0.008500 0.009333
3 0.479750 0.241333 0.010500 0.009333
3 0.378500 0.632333 0.053000 0.107333
3 0.385000 0.539000 0.042000 0.072667
3 0.384000 0.484333 0.034000 0.055333
3 0.481000 0.502000 0.040000 0.072000
3 0.467750 0.450333 0.030500 0.046000
3 0.456750 0.414333 0.026500 0.038000
4 0.392500 0.401333 0.022000 0.045333
3 0.366500 0.365667 0.049000 0.023333
3 0.367250 0.356667 0.039500 0.024000
3 0.443500 0.355667 0.020000 0.031333
3 0.438000 0.341000 0.019000 0.024667
3 0.393500 0.332000 0.017000 0.022667
3 0.397000 0.319667 0.017000 0.022000
3 0.402000 0.303667 0.015000 0.018000
3 0.409750 0.294000 0.013500 0.016000
3 0.411750 0.286000 0.012500 0.014667
3 0.396750 0.270667 0.022500 0.010667
3 0.448250 0.318000 0.016500 0.018667
3 0.439250 0.307667 0.014500 0.018000
3 0.458500 0.308333 0.015000 0.016667
3 0.459500 0.291333 0.012000 0.014667
3 0.416000 0.280667 0.011000 0.014667
3 0.420000 0.273667 0.012000 0.012667
3 0.412500 0.254333 0.020000 0.010000
3 0.423250 0.263667 0.010500 0.014000
3 0.427750 0.259667 0.008500 0.011333
3 0.432250 0.249667 0.008500 0.010000
0 0.437750 0.252333 0.003500 0.011333
3 0.435000 0.244333 0.007000 0.008667
3 0.465500 0.261333 0.009000 0.010667
3 0.465250 0.256667 0.009500 0.009333
3 0.466500 0.251333 0.009000 0.009333
4 0.463500 0.242000 0.010000 0.010667
0 0.470000 0.237667 0.002000 0.007333
3 0.456250 0.241667 0.008500 0.008667
3 0.462500 0.236000 0.011000 0.009333
0 0.445000 0.236333 0.002000 0.007333
4 0.448750 0.232000 0.009500 0.010667
9 0.441000 0.235333 0.003000 0.006667
1 0.441000 0.233333 0.002000 0.006667
3 0.441000 0.231333 0.007000 0.006667
