5 0.563929 0.856190 0.109286 0.139048
5 0.316786 0.956667 0.105000 0.086667
9 0.201786 0.919048 0.025000 0.068571
9 0.229643 0.890000 0.029286 0.060000
9 0.435000 0.814762 0.038571 0.033333
9 0.421786 0.779048 0.040714 0.028571
5 0.403571 0.550952 0.078571 0.100000
4 0.360357 0.508571 0.076429 0.083810
3 0.322143 0.480000 0.072857 0.080000
9 0.514643 0.518571 0.022143 0.031429
3 0.105000 0.434286 0.032857 0.076190
3 0.286429 0.431905 0.077143 0.069524
3 0.255714 0.405714 0.071429 0.074286
3 0.244286 0.365714 0.072857 0.062857
3 0.266071 0.268095 0.070714 0.067619
1 0.245000 0.249048 0.017143 0.029524
3 0.217857 0.216190 0.067143 0.055238
9 0.101429 0.130000 0.012857 0.029524
1 0.100357 0.122381 0.010714 0.018095
9 0.197500 0.130000 0.023571 0.031429
3 0.225357 0.057619 0.029286 0.050476
0 0.156071 0.038095 0.012143 0.028571
0 0.155714 0.026190 0.014286 0.018095
6 0.136071 0.048571 0.022143 0.045714
0 0.025714 0.379048 0.021429 0.028571
3 0.013214 0.098571 0.026429 0.037143
3 0.031786 0.055714 0.049286 0.039048
9 0.358929 0.369524 0.020714 0.034286
9 0.405000 0.381429 0.018571 0.035238
9 0.399286 0.422381 0.020000 0.033333
9 0.428929 0.390952 0.010714 0.035238
9 0.438929 0.395714 0.013571 0.039048
0 0.511786 0.416190 0.012143 0.028571
9 0.628929 0.434286 0.019286 0.032381
9 0.691429 0.389524 0.011429 0.034286
3 0.740000 0.383333 0.062857 0.067619
9 0.721071 0.254286 0.032143 0.020952
9 0.758571 0.290000 0.021429 0.037143
9 0.779286 0.282381 0.017143 0.029524
3 0.858929 0.269524 0.059286 0.057143
9 0.850000 0.220952 0.018571 0.032381
3 0.912500 0.226667 0.055000 0.057143
1 0.858214 0.138095 0.010714 0.015238
1 0.869643 0.130000 0.010714 0.021905
4 0.972143 0.172381 0.055714 0.060952
9 0.957857 0.125714 0.025714 0.026667
