3 0.153000 0.830000 0.024000 0.046667
3 0.181000 0.830667 0.022000 0.050667
3 0.209750 0.821333 0.020500 0.044000
3 0.185000 0.787333 0.019000 0.036000
3 0.160000 0.788333 0.020000 0.036667
4 0.209750 0.780333 0.018500 0.038000
4 0.219000 0.730000 0.018000 0.030667
3 0.079000 0.975000 0.056000 0.050000
3 0.037000 0.978667 0.050000 0.042667
3 0.011500 0.980667 0.023000 0.037333
3 0.681750 0.886000 0.048500 0.033333
3 0.860750 0.954333 0.053500 0.042000
3 0.959500 0.964667 0.053000 0.042667
3 0.835750 0.766333 0.043500 0.031333
3 0.881250 0.756000 0.045500 0.030667
3 0.751000 0.694333 0.034000 0.027333
3 0.675250 0.728667 0.039500 0.029333
3 0.647750 0.704333 0.021500 0.031333
3 0.605500 0.715667 0.019000 0.034000
3 0.596500 0.649333 0.025000 0.028000
3 0.586000 0.740333 0.043000 0.027333
3 0.907000 0.650000 0.017000 0.026667
3 0.560000 0.599000 0.018000 0.020667
3 0.473250 0.522333 0.013500 0.015333
3 0.460250 0.511000 0.011500 0.018000
3 0.528750 0.503000 0.017500 0.016667
3 0.411750 0.590333 0.015500 0.022000
3 0.300250 0.458333 0.009500 0.015333
3 0.278000 0.370667 0.007000 0.009333
3 0.293500 0.272000 0.005000 0.006667
3 0.294750 0.247333 0.004500 0.005333
3 0.304000 0.237667 0.003000 0.003333
3 0.293250 0.237667 0.003500 0.003333
3 0.314250 0.237333 0.002500 0.004000
4 0.311750 0.230667 0.004500 0.004000
8 0.321000 0.232333 0.010000 0.006000
3 0.294000 0.235333 0.004000 0.004000
3 0.292000 0.244333 0.004000 0.004667
3 0.290000 0.246000 0.004000 0.004000
3 0.288500 0.249333 0.004000 0.004000
3 0.292250 0.241667 0.004500 0.004667
3 0.287250 0.269333 0.006500 0.005333
3 0.284750 0.257667 0.003500 0.004667
3 0.282000 0.262000 0.005000 0.006667
3 0.278750 0.274333 0.004500 0.006000
3 0.279250 0.270000 0.004500 0.005333
3 0.281000 0.266667 0.005000 0.005333
3 0.278000 0.283333 0.012000 0.005333
3 0.262750 0.309667 0.006500 0.007333
3 0.265500 0.302333 0.006000 0.006000
3 0.255000 0.325667 0.006000 0.007333
3 0.254250 0.330000 0.005500 0.008000
3 0.252500 0.338000 0.007000 0.009333
3 0.252750 0.348333 0.006500 0.008667
3 0.251750 0.354667 0.007500 0.008000
3 0.251750 0.362667 0.007500 0.009333
3 0.261500 0.386667 0.008000 0.009333
3 0.252750 0.390667 0.005500 0.009333
3 0.252500 0.401333 0.008000 0.012000
3 0.258250 0.435000 0.014500 0.014000
3 0.229250 0.456000 0.009500 0.016000
4 0.230000 0.445333 0.009000 0.016000
4 0.228000 0.438667 0.009000 0.016000
4 0.228500 0.430000 0.007000 0.012000
4 0.229000 0.417333 0.008000 0.013333
3 0.320500 0.317333 0.007000 0.010667
8 0.321250 0.331333 0.009500 0.013333
8 0.325500 0.348667 0.011000 0.017333
3 0.329000 0.365000 0.007000 0.008667
7 0.340250 0.411667 0.005500 0.010000
7 0.355500 0.426333 0.006000 0.011333
3 0.338000 0.388667 0.009000 0.012000
4 0.258500 0.446667 0.013000 0.016000
3 0.275500 0.466333 0.017000 0.015333
4 0.255000 0.470667 0.028000 0.016000
3 0.257250 0.486333 0.011500 0.019333
3 0.263000 0.504000 0.018000 0.018667
3 0.261000 0.542667 0.024000 0.022667
3 0.227750 0.512333 0.011500 0.022000
3 0.410000 0.422000 0.022000 0.009333
3 0.410750 0.427667 0.020500 0.010000
3 0.416750 0.433000 0.020500 0.010000
3 0.434500 0.470000 0.022000 0.012000
3 0.478000 0.448667 0.021000 0.012000
3 0.505750 0.456333 0.020500 0.012667
9 0.479500 0.442667 0.007000 0.008000
2 0.385250 0.467333 0.006500 0.008000
3 0.439000 0.521333 0.025000 0.013333
3 0.441250 0.529333 0.029500 0.016000
3 0.499750 0.518333 0.025500 0.015333
3 0.493250 0.512000 0.024500 0.016000
4 0.490000 0.503667 0.027000 0.018000
4 0.509750 0.492333 0.013500 0.019333
4 0.534000 0.621667 0.024000 0.035333
3 0.521000 0.492667 0.013000 0.013333
3 0.547000 0.498333 0.019000 0.016667
3 0.539250 0.488000 0.012500 0.018667
3 0.514250 0.539667 0.026500 0.015333
3 0.520000 0.546333 0.027000 0.016667
3 0.539000 0.539000 0.015000 0.018000
0 0.469750 0.569667 0.003500 0.015333
0 0.466250 0.570000 0.002500 0.013333
0 0.466750 0.573333 0.003500 0.016000
2 0.430000 0.515000 0.013000 0.010000
3 0.507250 0.578000 0.018500 0.022667
3 0.520500 0.599667 0.020000 0.024667
3 0.540000 0.565000 0.024000 0.022000
3 0.556500 0.579667 0.028000 0.019333
3 0.575500 0.621667 0.023000 0.028667
3 0.553250 0.652333 0.022500 0.030000
3 0.574750 0.678000 0.028500 0.026667
3 0.618000 0.677333 0.027000 0.030667
3 0.621250 0.748000 0.026500 0.033333
3 0.541500 0.741333 0.041000 0.028000
3 0.551750 0.760333 0.044500 0.028667
3 0.564000 0.776000 0.044000 0.032000
3 0.620000 0.780667 0.019000 0.044000
3 0.648000 0.779333 0.029000 0.037333
3 0.667250 0.770667 0.031500 0.036000
3 0.691500 0.766333 0.033000 0.038000
3 0.713500 0.757667 0.036000 0.032667
3 0.716250 0.730667 0.042500 0.026667
3 0.685250 0.708000 0.041500 0.028000
3 0.780250 0.738333 0.038500 0.036667
3 0.779000 0.685000 0.024000 0.026000
3 0.798250 0.673333 0.035500 0.026667
3 0.803500 0.734667 0.033000 0.029333
3 0.824750 0.728667 0.034500 0.034667
3 0.816250 0.660667 0.040500 0.029333
3 0.831000 0.650000 0.039000 0.029333
0 0.887500 0.649667 0.006000 0.015333
3 0.845000 0.725333 0.037000 0.033333
3 0.866500 0.723667 0.040000 0.035333
3 0.882000 0.719000 0.040000 0.034000
3 0.896750 0.710667 0.040500 0.033333
3 0.919750 0.707000 0.040500 0.035333
3 0.900500 0.683000 0.040000 0.024667
3 0.947250 0.682333 0.035500 0.022000
3 0.944250 0.646000 0.038500 0.026667
3 0.978250 0.675000 0.036500 0.024667
3 0.985500 0.641333 0.029000 0.024000
0 0.939000 0.630667 0.006000 0.014667
3 0.988750 0.723333 0.022500 0.028000
3 0.174250 0.363667 0.008500 0.011333
3 0.184750 0.352333 0.007500 0.008667
3 0.194500 0.353333 0.009000 0.009333
3 0.197750 0.355667 0.008500 0.011333
0 0.287000 0.279333 0.002000 0.005333
1 0.312000 0.341000 0.002000 0.006000
1 0.311750 0.310667 0.001500 0.004000
0 0.310250 0.325000 0.002500 0.006000
9 0.312000 0.342667 0.003000 0.005333
9 0.312000 0.312333 0.002000 0.004667
0 0.262000 0.416000 0.003000 0.009333
1 0.273250 0.449667 0.003500 0.007333
1 0.319000 0.436000 0.003000 0.008000
1 0.331500 0.395000 0.003000 0.007333
1 0.337250 0.420333 0.002500 0.008667
1 0.468500 0.726333 0.006000 0.015333
1 0.943500 0.834333 0.009000 0.023333
9 0.273250 0.453000 0.003500 0.007333
9 0.319250 0.439000 0.003500 0.007333
2 0.337250 0.421667 0.002500 0.007333
2 0.331750 0.396000 0.002500 0.008000
2 0.468500 0.731667 0.006000 0.018000
2 0.941500 0.838000 0.014000 0.014667
0 0.192500 0.854667 0.006000 0.021333
0 0.229750 0.790667 0.007500 0.021333
1 0.224500 0.767667 0.009000 0.015333
1 0.243500 0.547667 0.003000 0.011333
2 0.244250 0.551000 0.003500 0.011333
0 0.232750 0.408667 0.002500 0.012000
0 0.404500 0.505333 0.003000 0.012000
