3 0.514353 0.964286 0.064196 0.043599
3 0.525052 0.835343 0.055324 0.060297
3 0.557672 0.692486 0.049582 0.043599
9 0.979123 0.822356 0.025052 0.025046
0 0.441284 0.926252 0.007829 0.034323
0 0.451461 0.928571 0.006263 0.022263
0 0.450678 0.743043 0.009916 0.029685
0 0.591336 0.717069 0.009395 0.025974
3 0.427975 0.593692 0.043841 0.035250
3 0.447025 0.461039 0.036013 0.027829
3 0.458507 0.423469 0.033925 0.026902
3 0.466336 0.386364 0.034969 0.025046
3 0.641441 0.394249 0.015658 0.029685
3 0.645094 0.554731 0.018789 0.046382
3 0.636482 0.717069 0.033925 0.037106
3 0.507829 0.281540 0.026096 0.025046
1 0.995825 0.203618 0.003132 0.010204
9 0.993998 0.209184 0.006785 0.012059
8 0.809238 0.065863 0.019311 0.027829
8 0.796190 0.054267 0.019311 0.025046
3 0.833507 0.239332 0.025052 0.016698
3 0.828288 0.232375 0.024008 0.015770
4 0.812891 0.209184 0.020355 0.019481
3 0.801148 0.195733 0.021921 0.014842
3 0.797495 0.190167 0.022965 0.018553
4 0.791493 0.182282 0.019311 0.017625
3 0.792797 0.174397 0.020877 0.012987
4 0.789405 0.166512 0.019311 0.015770
3 0.782098 0.162801 0.019311 0.015770
3 0.779489 0.156772 0.019311 0.014842
5 0.732516 0.044991 0.017223 0.023191
3 0.719729 0.031076 0.011482 0.010204
3 0.698330 0.029221 0.012526 0.010204
3 0.796712 0.034787 0.013048 0.008349
4 0.694415 0.258813 0.020355 0.022263
3 0.734342 0.083024 0.010438 0.010204
3 0.739823 0.090909 0.012004 0.009276
6 0.765136 0.023191 0.010438 0.011132
3 0.720251 0.014378 0.005219 0.008349
3 0.715553 0.009276 0.008351 0.011132
3 0.719990 0.004174 0.005741 0.008349
8 0.827244 0.030612 0.030271 0.018553
3 0.612474 0.544527 0.034969 0.035250
9 0.395094 0.895176 0.009395 0.040816
9 0.406576 0.900742 0.011482 0.038961
