5 0.472500 0.130476 0.006429 0.017143
5 0.475000 0.155238 0.008571 0.019048
9 0.279643 0.383810 0.003571 0.017143
9 0.508929 0.376667 0.003571 0.010476
1 0.509286 0.372857 0.002857 0.008571
1 0.279286 0.383810 0.005714 0.009524
3 0.744286 0.348095 0.014286 0.016190
3 0.698214 0.297619 0.017857 0.012381
3 0.688214 0.293810 0.015000 0.010476
3 0.682143 0.285238 0.020000 0.014286
3 0.691786 0.351429 0.025000 0.015238
5 0.256071 0.264762 0.027857 0.017143
4 0.352857 0.140952 0.005714 0.007619
5 0.566071 0.157619 0.015000 0.012381
5 0.040000 0.401905 0.045714 0.041905
5 0.381786 0.132381 0.015000 0.011429
