4 0.339643 0.255076 0.016429 0.017766
3 0.407500 0.207487 0.009286 0.013959
5 0.433929 0.169416 0.016429 0.021574
3 0.421786 0.869924 0.037857 0.110406
3 0.390714 0.625635 0.034286 0.058376
3 0.332143 0.638325 0.034286 0.050761
3 0.446071 0.453680 0.023571 0.036802
3 0.414286 0.440990 0.022857 0.036802
3 0.496786 0.348985 0.017857 0.027919
3 0.527143 0.359137 0.020000 0.035533
3 0.552857 0.315355 0.017143 0.024112
3 0.575714 0.315990 0.017143 0.030457
3 0.575714 0.277284 0.017143 0.026650
3 0.576429 0.236675 0.015714 0.021574
3 0.670000 0.243020 0.017143 0.019036
3 0.621071 0.217005 0.012143 0.017766
3 0.603571 0.212563 0.012857 0.016497
3 0.663571 0.194162 0.010000 0.017766
3 0.683214 0.159264 0.009286 0.013959
3 0.700000 0.137056 0.007143 0.010152
3 0.655714 0.162437 0.010000 0.012690
3 0.635714 0.180838 0.010000 0.016497
3 0.637500 0.168782 0.010714 0.015228
3 0.667143 0.141497 0.008571 0.013959
3 0.684286 0.128173 0.010000 0.012690
3 0.728929 0.114848 0.006429 0.011421
3 0.712143 0.112310 0.008571 0.011421
3 0.942500 0.276015 0.013571 0.019036
3 0.954643 0.278553 0.012143 0.016497
8 0.969643 0.262056 0.052143 0.039340
8 0.468929 0.330584 0.042143 0.087563
8 0.641429 0.208756 0.024286 0.041878
4 0.492500 0.455584 0.022143 0.053299
5 0.539643 0.392132 0.033571 0.091371
5 0.516786 0.272843 0.025000 0.038071
5 0.773929 0.180838 0.015000 0.024112
5 0.777857 0.157995 0.008571 0.019036
3 0.786429 0.173858 0.005714 0.010152
3 0.737143 0.175761 0.004286 0.011421
5 0.743929 0.150381 0.006429 0.021574
4 0.906429 0.348350 0.025714 0.024112
3 0.927500 0.371827 0.023571 0.020305
3 0.917857 0.385152 0.021429 0.013959
3 0.927143 0.395939 0.022857 0.022843
3 0.902857 0.199239 0.010000 0.012690
8 0.916071 0.199239 0.019286 0.017766
