8 0.340714 0.193528 0.058571 0.118020
8 0.399286 0.042513 0.030000 0.085025
8 0.150000 0.181472 0.054286 0.068528
3 0.091429 0.666878 0.051429 0.067259
3 0.237500 0.447970 0.040714 0.050761
3 0.230000 0.607868 0.048571 0.078680
3 0.337500 0.279188 0.027857 0.043147
3 0.402143 0.229695 0.022857 0.035533
3 0.131429 0.688452 0.047143 0.079949
3 0.413214 0.480964 0.017857 0.045685
3 0.492143 0.487944 0.017143 0.052030
3 0.515357 0.207487 0.015000 0.036802
3 0.532143 0.085025 0.011429 0.030457
3 0.445714 0.112310 0.015714 0.034264
3 0.456786 0.047589 0.015000 0.034264
3 0.395000 0.152284 0.020000 0.030457
3 0.655000 0.112310 0.014286 0.024112
4 0.414643 0.084391 0.015000 0.034264
3 0.188571 0.243020 0.034286 0.026650
3 0.024286 0.097716 0.024286 0.027919
3 0.026071 0.482868 0.037857 0.057107
3 0.020000 0.465736 0.040000 0.063452
5 0.072143 0.413706 0.072857 0.078680
5 0.046429 0.395939 0.067143 0.076142
5 0.033929 0.381345 0.062143 0.069797
5 0.017857 0.349619 0.035714 0.059645
5 0.189286 0.343909 0.042857 0.065990
5 0.181429 0.329315 0.040000 0.059645
5 0.170000 0.319797 0.038571 0.065990
5 0.156429 0.309010 0.044286 0.064721
5 0.137500 0.301396 0.047857 0.074873
5 0.127857 0.293782 0.052857 0.072335
5 0.102857 0.274112 0.048571 0.065990
4 0.062857 0.228426 0.031429 0.040609
3 0.042500 0.206853 0.030714 0.038071
3 0.066429 0.085025 0.021429 0.020305
3 0.060714 0.076142 0.025714 0.017766
3 0.095714 0.111041 0.022857 0.026650
3 0.108214 0.102792 0.017857 0.025381
3 0.126786 0.095178 0.020714 0.022843
3 0.148929 0.128173 0.026429 0.022843
3 0.122857 0.088198 0.025714 0.021574
3 0.115357 0.083122 0.023571 0.024112
3 0.115000 0.059010 0.020000 0.021574
3 0.135357 0.050127 0.022143 0.021574
3 0.157143 0.021574 0.020000 0.022843
3 0.129286 0.043147 0.018571 0.017766
3 0.151071 0.018401 0.020714 0.024112
3 0.108214 0.053934 0.020714 0.024112
3 0.102143 0.051396 0.018571 0.024112
3 0.095000 0.049492 0.021429 0.022843
3 0.688571 0.046320 0.020000 0.021574
3 0.697500 0.039340 0.023571 0.025381
3 0.683214 0.052665 0.025000 0.021574
3 0.838929 0.041878 0.026429 0.017766
3 0.812500 0.043147 0.026429 0.022843
3 0.810000 0.034898 0.018571 0.016497
3 0.828929 0.028553 0.019286 0.016497
3 0.825357 0.024112 0.017857 0.015228
3 0.818929 0.013959 0.020714 0.017766
3 0.796786 0.015863 0.019286 0.016497
3 0.734643 0.039340 0.023571 0.020305
3 0.718929 0.017132 0.019286 0.024112
3 0.723571 0.010152 0.017143 0.020305
3 0.746786 0.010787 0.017857 0.021574
0 0.118929 0.980330 0.015000 0.036802
0 0.328929 0.095178 0.005000 0.020305
4 0.361071 0.112310 0.015000 0.036802
3 0.362857 0.086929 0.011429 0.024112
3 0.366429 0.060279 0.012857 0.026650
3 0.356071 0.036802 0.010714 0.017766
3 0.263571 0.040609 0.011429 0.017766
3 0.265714 0.030457 0.014286 0.027919
3 0.582857 0.019036 0.020000 0.025381
