3 0.477035 0.052876 0.010438 0.011132
3 0.438674 0.074675 0.008873 0.012059
0 0.441545 0.082096 0.003132 0.008349
3 0.423278 0.074212 0.009395 0.009276
3 0.407098 0.071429 0.006263 0.011132
3 0.409969 0.084879 0.015136 0.010204
3 0.384656 0.102505 0.010438 0.010204
5 0.405010 0.121058 0.012526 0.021336
4 0.394572 0.122449 0.007307 0.016698
3 0.385960 0.123377 0.008873 0.014842
3 0.376566 0.121985 0.009916 0.015770
3 0.382046 0.113173 0.006263 0.011132
3 0.376566 0.149814 0.013048 0.015770
3 0.378132 0.170223 0.013048 0.021336
3 0.356211 0.176716 0.012004 0.015770
3 0.345511 0.173933 0.011482 0.017625
3 0.352296 0.163265 0.012526 0.011132
6 0.349426 0.198516 0.013048 0.020408
3 0.446764 0.137755 0.007307 0.015770
3 0.268528 0.268553 0.024530 0.021336
9 0.159969 0.292208 0.004697 0.012987
2 0.123956 0.288033 0.005741 0.013915
3 0.122651 0.388219 0.026096 0.032468
3 0.136221 0.338126 0.026096 0.028757
3 0.134134 0.316327 0.026096 0.022263
0 0.683977 0.789889 0.005741 0.028757
5 0.432411 0.765770 0.033925 0.149351
3 0.433977 0.656772 0.031837 0.029685
3 0.432933 0.626623 0.022443 0.025046
3 0.433194 0.558905 0.025052 0.026902
3 0.435282 0.537106 0.028184 0.018553
3 0.436065 0.520872 0.024530 0.023191
3 0.427975 0.493506 0.022965 0.025974
3 0.512265 0.477737 0.016180 0.042672
3 0.513309 0.527829 0.020355 0.050093
3 0.598121 0.526902 0.020877 0.044527
3 0.555324 0.679963 0.021921 0.061224
3 0.606994 0.674861 0.024008 0.064007
3 0.707463 0.669295 0.028706 0.054731
3 0.640136 0.528757 0.023486 0.051948
3 0.664666 0.530612 0.023486 0.050093
0 0.521660 0.629406 0.005741 0.026902
3 0.512265 0.268089 0.014092 0.018553
3 0.570981 0.309369 0.028184 0.021336
3 0.590031 0.335343 0.026618 0.023191
3 0.563413 0.348330 0.029749 0.025046
3 0.524008 0.380798 0.013570 0.030612
3 0.589248 0.390074 0.014614 0.030612
3 0.607516 0.393785 0.014614 0.034323
3 0.623695 0.394712 0.012526 0.032468
9 0.513309 0.299165 0.003653 0.010204
0 0.513309 0.292672 0.002610 0.010204
9 0.554019 0.249536 0.004697 0.009276
0 0.553758 0.244434 0.002088 0.008349
9 0.563935 0.204082 0.001566 0.005566
0 0.564196 0.196660 0.003132 0.007421
3 0.604906 0.013451 0.012526 0.008349
3 0.637265 0.053803 0.012526 0.009276
3 0.635699 0.047774 0.010438 0.008349
3 0.635960 0.042208 0.007829 0.008349
3 0.670146 0.069573 0.017745 0.009276
3 0.718424 0.079314 0.007829 0.006494
4 0.763309 0.579777 0.016180 0.042672
6 0.775574 0.586735 0.007307 0.019481
3 0.555063 0.172542 0.012004 0.022263
