5 0.027140 0.745362 0.054280 0.064007
4 0.127871 0.676252 0.038622 0.046382
0 0.140658 0.586735 0.005741 0.013915
4 0.291232 0.605288 0.031315 0.038033
4 0.318894 0.583952 0.030271 0.032468
4 0.304280 0.542208 0.031315 0.038033
3 0.304280 0.542208 0.031315 0.038033
4 0.362996 0.543599 0.027662 0.040816
3 0.463727 0.462430 0.023486 0.026902
0 0.458507 0.453154 0.003653 0.012059
3 0.429802 0.445269 0.022443 0.029685
3 0.492954 0.437848 0.019311 0.022263
4 0.513831 0.412338 0.023486 0.032468
6 0.594990 0.333024 0.008351 0.009276
1 0.596816 0.328386 0.003653 0.011132
1 0.608299 0.442950 0.004697 0.010204
1 0.677714 0.448516 0.005741 0.008349
3 0.736430 0.416976 0.012526 0.021336
3 0.765397 0.418831 0.013048 0.021336
5 0.664666 0.279685 0.029749 0.032468
3 0.718424 0.304267 0.017223 0.012987
3 0.717902 0.298701 0.016180 0.012987
