3 0.218929 0.250000 0.029286 0.016190
3 0.223571 0.276667 0.024286 0.016190
3 0.250000 0.250000 0.021429 0.016190
3 0.208571 0.268095 0.024286 0.014286
3 0.285357 0.266190 0.029286 0.016190
3 0.333929 0.247143 0.020714 0.020000
3 0.312143 0.249048 0.020000 0.016190
3 0.295000 0.283333 0.028571 0.018095
3 0.318214 0.342857 0.017857 0.028571
0 0.327143 0.294762 0.004286 0.012381
0 0.335000 0.291905 0.004286 0.012381
0 0.341786 0.289524 0.003571 0.011429
0 0.356071 0.301429 0.003571 0.014286
0 0.350714 0.301429 0.002857 0.014286
0 0.271071 0.357143 0.003571 0.015238
0 0.261786 0.349048 0.003571 0.010476
0 0.252143 0.340952 0.004286 0.011429
0 0.312143 0.382857 0.004286 0.015238
0 0.308571 0.361905 0.004286 0.015238
0 0.265714 0.312381 0.002857 0.011429
0 0.298214 0.420952 0.003571 0.011429
0 0.262143 0.516667 0.004286 0.014286
0 0.268571 0.512857 0.002857 0.014286
0 0.275714 0.501429 0.004286 0.014286
0 0.286429 0.468571 0.002857 0.013333
3 0.244286 0.952381 0.047143 0.095238
3 0.265357 0.844286 0.039286 0.092381
3 0.285000 0.754286 0.038571 0.074286
3 0.310357 0.647143 0.029286 0.063810
0 0.251071 0.501905 0.003571 0.013333
0 0.411071 0.095714 0.002143 0.004762
3 0.400714 0.093333 0.004286 0.005714
3 0.445714 0.104286 0.005714 0.006667
3 0.423214 0.105238 0.005000 0.006667
3 0.458929 0.070952 0.005000 0.006667
3 0.456429 0.133333 0.007143 0.009524
3 0.457857 0.104762 0.005714 0.007619
3 0.458571 0.081905 0.005714 0.007619
3 0.430714 0.067619 0.004286 0.005714
3 0.443571 0.118571 0.007143 0.008571
3 0.457857 0.114286 0.007143 0.007619
3 0.455357 0.147619 0.006429 0.011429
3 0.453571 0.167619 0.007143 0.009524
3 0.453929 0.178095 0.007857 0.007619
3 0.446786 0.188095 0.013571 0.012381
3 0.453214 0.198095 0.009286 0.011429
3 0.453571 0.210476 0.010000 0.011429
3 0.452500 0.221905 0.009286 0.009524
8 0.451071 0.235714 0.009286 0.016190
3 0.417143 0.135238 0.007143 0.009524
3 0.415714 0.143333 0.007143 0.008571
3 0.412857 0.152381 0.007143 0.009524
3 0.411786 0.162381 0.007857 0.008571
3 0.408929 0.169048 0.007857 0.008571
3 0.406786 0.174762 0.007857 0.006667
3 0.406429 0.183810 0.005714 0.009524
3 0.404286 0.195714 0.008571 0.008571
3 0.402857 0.202857 0.008571 0.007619
3 0.400714 0.209048 0.010000 0.010476
3 0.400000 0.218571 0.008571 0.012381
3 0.379286 0.213810 0.010000 0.014286
4 0.393214 0.152857 0.006429 0.010476
3 0.386071 0.168571 0.006429 0.009524
3 0.380714 0.202857 0.007143 0.009524
0 0.386071 0.126190 0.002143 0.006667
0 0.387500 0.137619 0.002143 0.006667
0 0.391429 0.138095 0.001429 0.005714
0 0.391429 0.144762 0.001429 0.003810
0 0.377143 0.167619 0.001429 0.007619
0 0.372500 0.165238 0.002143 0.008571
3 0.401786 0.105238 0.007857 0.006667
9 0.414286 0.236667 0.004286 0.012381
9 0.407143 0.238571 0.004286 0.012381
1 0.414286 0.233333 0.002857 0.005714
1 0.406429 0.236667 0.004286 0.006667
3 0.373571 0.344286 0.015714 0.023810
3 0.443571 0.462381 0.017143 0.037143
3 0.438571 0.533810 0.020000 0.042857
3 0.357143 0.424762 0.015714 0.024762
3 0.350357 0.457143 0.017857 0.032381
3 0.343929 0.490476 0.020714 0.038095
3 0.321786 0.589048 0.027857 0.048571
4 0.440357 0.605238 0.020714 0.048571
4 0.440000 0.670476 0.025714 0.059048
3 0.450000 0.860952 0.031429 0.100952
3 0.377857 0.914286 0.040000 0.104762
4 0.490357 0.363810 0.013571 0.022857
4 0.490000 0.344762 0.012857 0.019048
3 0.540357 0.257143 0.022143 0.015238
4 0.468929 0.230000 0.010714 0.018095
0 0.533929 0.240952 0.002143 0.007619
3 0.481071 0.164286 0.007857 0.010476
3 0.516429 0.151429 0.005714 0.005714
3 0.471071 0.127143 0.006429 0.010476
3 0.484286 0.148571 0.007143 0.009524
3 0.478571 0.107143 0.005714 0.008571
3 0.514643 0.145714 0.006429 0.005714
3 0.500000 0.089048 0.005714 0.004762
3 0.498214 0.084762 0.005000 0.005714
3 0.495357 0.075238 0.003571 0.005714
3 0.473929 0.080952 0.005000 0.007619
3 0.468571 0.060952 0.004286 0.005714
3 0.475357 0.062857 0.003571 0.005714
3 0.467857 0.011905 0.002857 0.004762
3 0.465000 0.011905 0.002857 0.004762
3 0.465714 0.032381 0.002857 0.005714
3 0.470357 0.031905 0.003571 0.004762
3 0.471786 0.042857 0.003571 0.005714
3 0.501786 0.041905 0.007857 0.005714
3 0.506429 0.052381 0.007143 0.003810
3 0.506786 0.055714 0.009286 0.004762
3 0.506071 0.058095 0.010714 0.005714
3 0.507857 0.060952 0.011429 0.005714
3 0.516786 0.051905 0.003571 0.002857
3 0.537500 0.099524 0.005000 0.004762
0 0.533929 0.086190 0.002143 0.004762
0 0.544286 0.105238 0.001429 0.006667
3 0.516786 0.080952 0.007857 0.005714
3 0.519286 0.084762 0.010000 0.005714
3 0.503571 0.103810 0.005714 0.005714
3 0.501071 0.097143 0.005000 0.003810
3 0.504286 0.108571 0.005714 0.005714
3 0.506429 0.114286 0.007143 0.005714
3 0.506786 0.119524 0.005000 0.004762
3 0.520714 0.091905 0.011429 0.004762
3 0.522857 0.095714 0.008571 0.004762
4 0.525000 0.101429 0.010000 0.004762
4 0.527857 0.105714 0.010000 0.007619
3 0.531786 0.110000 0.007857 0.004762
3 0.532500 0.115714 0.007857 0.004762
3 0.535714 0.121905 0.008571 0.003810
3 0.531071 0.127619 0.007857 0.005714
3 0.538571 0.134762 0.010000 0.004762
3 0.542857 0.139524 0.008571 0.004762
3 0.543929 0.144762 0.010714 0.005714
3 0.544643 0.149048 0.007857 0.004762
3 0.548214 0.163810 0.013571 0.007619
8 0.633214 0.605238 0.016429 0.031429
4 0.619286 0.539524 0.034286 0.040952
3 0.644643 0.550952 0.037857 0.031429
3 0.599643 0.477143 0.016429 0.024762
0 0.640357 0.402857 0.003571 0.013333
0 0.635357 0.402381 0.003571 0.012381
0 0.630714 0.382381 0.002857 0.014286
0 0.624643 0.383810 0.003571 0.011429
4 0.636071 0.348095 0.017857 0.027619
3 0.585357 0.264762 0.027857 0.015238
3 0.601786 0.247143 0.009286 0.014286
4 0.613571 0.245238 0.011429 0.016190
3 0.644286 0.245238 0.012857 0.016190
3 0.648214 0.282381 0.027857 0.014286
3 0.656429 0.245238 0.008571 0.012381
3 0.630714 0.230952 0.017143 0.012381
0 0.592143 0.254286 0.002857 0.011429
3 0.556786 0.172381 0.015000 0.005714
3 0.558571 0.177143 0.015714 0.009524
3 0.562143 0.184286 0.012857 0.010476
3 0.563929 0.190000 0.017857 0.006667
3 0.568571 0.198095 0.018571 0.009524
3 0.571071 0.205714 0.020714 0.007619
3 0.574286 0.214762 0.021429 0.008571
3 0.582500 0.223333 0.020714 0.008571
3 0.588571 0.232381 0.024286 0.011429
3 0.597500 0.170000 0.016429 0.006667
3 0.599286 0.176190 0.017143 0.009524
3 0.601429 0.183333 0.017143 0.008571
3 0.616786 0.211905 0.017857 0.012381
3 0.633214 0.215714 0.012143 0.012381
3 0.646429 0.216667 0.011429 0.012381
3 0.598571 0.194762 0.010000 0.012381
3 0.578571 0.175714 0.008571 0.010476
3 0.503214 0.007619 0.006429 0.005714
0 0.565000 0.143810 0.002857 0.007619
1 0.560357 0.150000 0.002143 0.006667
9 0.560714 0.150952 0.002857 0.008571
3 0.666071 0.218571 0.022143 0.014286
3 0.673571 0.245714 0.012857 0.015238
3 0.688214 0.243810 0.013571 0.017143
9 0.670714 0.288571 0.008571 0.013333
1 0.670000 0.286190 0.007143 0.010476
3 0.703929 0.244286 0.010714 0.016190
3 0.718214 0.243333 0.012143 0.020000
3 0.728929 0.242857 0.010714 0.019048
3 0.743929 0.244762 0.012143 0.017143
0 0.747500 0.219524 0.002143 0.006667
0 0.711071 0.303333 0.003571 0.010476
0 0.724286 0.258095 0.002857 0.007619
0 0.681429 0.444286 0.005714 0.018095
0 0.656429 0.442857 0.005714 0.015238
3 0.663929 0.563810 0.037857 0.032381
3 0.674643 0.591905 0.037857 0.039048
3 0.685000 0.626190 0.041429 0.042857
3 0.696429 0.669524 0.042857 0.047619
3 0.712143 0.712857 0.047143 0.056190
3 0.726786 0.754286 0.055000 0.059048
3 0.781429 0.910476 0.057143 0.087619
3 0.760357 0.851905 0.046429 0.065714
0 0.796071 0.849048 0.007857 0.033333
0 0.808214 0.849048 0.006429 0.033333
0 0.832143 0.852857 0.008571 0.025714
0 0.796429 0.796190 0.005714 0.019048
0 0.787500 0.793333 0.006429 0.020952
0 0.811429 0.735238 0.007143 0.024762
0 0.802857 0.740000 0.005714 0.024762
0 0.767857 0.742381 0.007143 0.018095
0 0.796071 0.493333 0.003571 0.009524
5 0.827500 0.286667 0.030714 0.019048
3 0.756429 0.241905 0.010000 0.017143
3 0.771071 0.242381 0.012143 0.016190
3 0.785714 0.243810 0.014286 0.019048
3 0.799286 0.241905 0.011429 0.019048
3 0.810714 0.242857 0.011429 0.017143
3 0.826429 0.243810 0.014286 0.019048
0 0.820357 0.259048 0.002143 0.009524
3 0.842500 0.244286 0.010714 0.020000
3 0.855357 0.243333 0.009286 0.018095
3 0.870714 0.244286 0.012857 0.016190
3 0.860000 0.287619 0.021429 0.015238
0 0.867500 0.258571 0.002143 0.006667
0 0.862500 0.643810 0.006429 0.028571
3 0.886071 0.243810 0.009286 0.017143
3 0.900000 0.244286 0.011429 0.016190
3 0.915000 0.243333 0.014286 0.018095
3 0.925714 0.226190 0.021429 0.012381
3 0.955000 0.224762 0.018571 0.011429
3 0.942857 0.243810 0.018571 0.017143
3 0.927500 0.244286 0.010714 0.018095
3 0.959643 0.245238 0.013571 0.020000
3 0.971786 0.243810 0.010714 0.017143
3 0.980714 0.242381 0.014286 0.018095
3 0.987500 0.226190 0.023571 0.016190
3 0.972500 0.266190 0.025000 0.016190
3 0.898571 0.288095 0.028571 0.016190
3 0.931786 0.287619 0.029286 0.019048
3 0.976071 0.288095 0.029286 0.018095
0 0.882500 0.215238 0.002143 0.009524
