3 0.260000 0.015238 0.041429 0.020952
3 0.322143 0.019048 0.035714 0.019048
3 0.333929 0.032857 0.039286 0.020000
0 0.347857 0.034286 0.005714 0.022857
0 0.327500 0.052381 0.006429 0.020952
3 0.522143 0.104762 0.041429 0.030476
9 0.256071 0.079524 0.017857 0.014286
3 0.427857 0.017143 0.034286 0.017143
3 0.512857 0.019524 0.035714 0.016190
3 0.568214 0.145238 0.052143 0.033333
0 0.559286 0.252381 0.014286 0.036190
3 0.518571 0.037143 0.027143 0.017143
3 0.428214 0.034286 0.037857 0.019048
3 0.382500 0.033810 0.036429 0.020000
3 0.475714 0.040000 0.017143 0.017143
3 0.537500 0.042857 0.013571 0.011429
3 0.556786 0.041905 0.016429 0.011429
5 0.392500 0.040476 0.086429 0.031429
0 0.272143 0.917143 0.025714 0.060952
0 0.471786 0.824762 0.022143 0.055238
0 0.450357 0.756667 0.016429 0.042857
0 0.458929 0.720476 0.017857 0.052381
0 0.014643 0.674286 0.027857 0.051429
0 0.014643 0.852857 0.029286 0.048571
0 0.058571 0.810000 0.027143 0.044762
0 0.022143 0.777619 0.030000 0.042857
0 0.103214 0.770952 0.026429 0.044762
0 0.081429 0.734286 0.027143 0.051429
0 0.155357 0.740952 0.027857 0.041905
0 0.137143 0.708095 0.014286 0.033333
0 0.117143 0.684762 0.021429 0.032381
0 0.098929 0.649524 0.025000 0.053333
0 0.206786 0.710000 0.030714 0.040952
0 0.245714 0.685238 0.017143 0.039048
0 0.284643 0.664286 0.026429 0.039048
0 0.322143 0.643810 0.024286 0.036190
0 0.357143 0.624286 0.022857 0.042857
0 0.400000 0.614286 0.025714 0.041905
0 0.435357 0.603810 0.023571 0.040000
0 0.469286 0.591905 0.018571 0.042857
0 0.500714 0.582857 0.020000 0.043810
0 0.546786 0.583333 0.020714 0.054286
0 0.588929 0.585238 0.017857 0.048571
0 0.618571 0.585714 0.018571 0.041905
0 0.656786 0.585714 0.017857 0.043810
0 0.691071 0.587619 0.016429 0.041905
0 0.722500 0.588095 0.016429 0.040952
0 0.761786 0.611429 0.025000 0.059048
0 0.842143 0.639048 0.018571 0.053333
0 0.867500 0.677619 0.022143 0.052381
0 0.941786 0.667143 0.032143 0.050476
0 0.941786 0.643810 0.035000 0.045714
0 0.993571 0.402857 0.012857 0.026667
0 0.912857 0.325714 0.014286 0.036190
0 0.764643 0.282381 0.010714 0.027619
0 0.755000 0.280000 0.010000 0.030476
0 0.661429 0.446667 0.018571 0.036190
0 0.778214 0.587619 0.017857 0.047619
0 0.738571 0.540476 0.025714 0.042857
0 0.701071 0.542381 0.023571 0.039048
0 0.660714 0.536190 0.021429 0.036190
0 0.690357 0.525714 0.017857 0.043810
0 0.649643 0.519048 0.020714 0.038095
0 0.666786 0.503810 0.022143 0.041905
0 0.631786 0.556667 0.016429 0.035238
0 0.627857 0.535714 0.020000 0.040952
0 0.615714 0.515714 0.017143 0.044762
0 0.591786 0.559524 0.022143 0.027619
0 0.587500 0.534762 0.019286 0.037143
0 0.574643 0.519524 0.017857 0.040952
0 0.581071 0.490476 0.019286 0.036190
0 0.538214 0.557143 0.013571 0.026667
0 0.536786 0.536667 0.019286 0.033333
0 0.528571 0.518095 0.022857 0.043810
0 0.499286 0.550000 0.017143 0.029524
0 0.489643 0.536190 0.017857 0.032381
0 0.491429 0.515714 0.015714 0.027619
0 0.460000 0.514762 0.015714 0.023810
0 0.455357 0.548095 0.015000 0.031429
0 0.466429 0.563333 0.014286 0.027619
0 0.419643 0.577619 0.019286 0.029524
0 0.424286 0.551905 0.018571 0.027619
0 0.428214 0.523333 0.016429 0.033333
0 0.386071 0.585714 0.019286 0.032381
0 0.382857 0.539048 0.014286 0.040000
0 0.387857 0.498095 0.015714 0.036190
0 0.348214 0.597619 0.016429 0.035238
0 0.345357 0.570476 0.017857 0.030476
0 0.325714 0.553333 0.018571 0.045714
0 0.310000 0.611429 0.017143 0.036190
0 0.295714 0.586190 0.017143 0.027619
0 0.289286 0.565714 0.024286 0.032381
0 0.273214 0.637143 0.017857 0.032381
0 0.265714 0.612857 0.027143 0.037143
0 0.252500 0.586190 0.017857 0.033333
0 0.237143 0.666667 0.025714 0.034286
0 0.225357 0.638571 0.022143 0.039048
0 0.214643 0.606190 0.022143 0.040952
0 0.188571 0.683810 0.028571 0.036190
0 0.171071 0.633810 0.023571 0.035238
