0 0.381786 0.672381 0.037857 0.078095
0 0.322857 0.516667 0.021429 0.060000
0 0.255000 0.462857 0.020000 0.045714
0 0.155357 0.270476 0.013571 0.026667
0 0.268214 0.269524 0.010714 0.026667
0 0.419286 0.330952 0.010000 0.031429
0 0.432143 0.331429 0.017143 0.034286
0 0.447143 0.334762 0.010000 0.031429
0 0.465000 0.351905 0.014286 0.037143
1 0.501071 0.339048 0.015000 0.026667
2 0.461071 0.344762 0.026429 0.022857
2 0.551429 0.359048 0.021429 0.038095
2 0.553571 0.358571 0.031429 0.033333
0 0.711429 0.308571 0.012857 0.036190
0 0.796786 0.310476 0.006429 0.028571
0 0.790000 0.304762 0.004286 0.024762
0 0.806786 0.310476 0.007857 0.030476
0 0.791429 0.313333 0.007143 0.028571
0 0.784643 0.314286 0.009286 0.032381
0 0.776786 0.305238 0.007857 0.027619
0 0.767143 0.300476 0.007143 0.031429
1 0.728929 0.300476 0.012143 0.023810
0 0.868214 0.262857 0.006429 0.020952
0 0.873929 0.262857 0.006429 0.019048
2 0.863214 0.342381 0.025000 0.023810
2 0.884286 0.340952 0.018571 0.026667
2 0.909286 0.351429 0.024286 0.026667
9 0.936071 0.356190 0.030714 0.024762
0 0.961429 0.344286 0.011429 0.037143
1 0.856786 0.299524 0.010714 0.021905
