0 0.367432 0.227273 0.009395 0.038961
4 0.432411 0.401670 0.025574 0.096475
3 0.469468 0.395176 0.033925 0.118738
3 0.514353 0.383117 0.028706 0.111317
3 0.560543 0.392857 0.030271 0.115955
5 0.613779 0.378015 0.043841 0.197588
3 0.668841 0.380334 0.030793 0.116883
3 0.708768 0.450371 0.034447 0.114100
5 0.751827 0.437384 0.045407 0.145640
3 0.811065 0.421614 0.038622 0.119666
4 0.902662 0.400278 0.043319 0.101113
7 0.941806 0.409555 0.038100 0.086271
9 0.957724 0.480519 0.014614 0.051948
3 0.799582 0.840909 0.046973 0.156772
3 0.750000 0.849258 0.039666 0.153061
4 0.696764 0.809833 0.033403 0.128015
3 0.637004 0.810761 0.039144 0.152134
3 0.542797 0.888219 0.034447 0.119666
3 0.464509 0.864100 0.038622 0.149351
