9 0.335000 0.975714 0.027143 0.048571
1 0.333929 0.980000 0.023571 0.022857
4 0.091429 0.933333 0.124286 0.083810
3 0.086786 0.847619 0.133571 0.081905
3 0.157500 0.684286 0.116429 0.079048
4 0.347857 0.636667 0.064286 0.132381
3 0.380714 0.530000 0.052857 0.111429
4 0.276071 0.353333 0.097857 0.066667
0 0.332143 0.386667 0.014286 0.030476
0 0.211429 0.530952 0.018571 0.035238
9 0.180000 0.512381 0.030000 0.026667
9 0.182857 0.528095 0.022857 0.018095
9 0.430000 0.413810 0.011429 0.035238
3 0.407143 0.406190 0.048571 0.096190
3 0.424286 0.320476 0.044286 0.092381
3 0.443929 0.247619 0.039286 0.076190
0 0.412500 0.069048 0.010714 0.031429
3 0.476071 0.114286 0.029286 0.055238
3 0.672500 0.418095 0.039286 0.093333
3 0.671071 0.321905 0.033571 0.080000
3 0.490357 0.069048 0.029286 0.060000
3 0.360357 0.134286 0.072143 0.051429
3 0.400357 0.010476 0.059286 0.020952
3 0.607857 0.039524 0.028571 0.052381
1 0.514643 0.099524 0.010714 0.020000
9 0.515357 0.110476 0.007857 0.024762
5 0.573214 0.023333 0.030714 0.046667
3 0.275000 0.960000 0.067143 0.080000
