3 0.356071 0.119048 0.013571 0.036190
3 0.361071 0.165238 0.015000 0.039048
3 0.366429 0.220952 0.014286 0.038095
4 0.313571 0.340000 0.025714 0.013333
3 0.395357 0.531905 0.013571 0.035238
5 0.399286 0.580000 0.014286 0.036190
4 0.401786 0.614286 0.010714 0.028571
3 0.404286 0.659048 0.011429 0.038095
3 0.412857 0.747619 0.014286 0.038095
3 0.620714 0.850000 0.014286 0.039048
4 0.632143 0.826667 0.014286 0.036190
3 0.623571 0.754286 0.018571 0.040000
3 0.666429 0.676190 0.025714 0.015238
3 0.691071 0.679524 0.025000 0.018095
3 0.734643 0.684286 0.027857 0.020000
3 0.769643 0.689048 0.026429 0.020000
3 0.836429 0.740476 0.025714 0.018095
3 0.833214 0.701429 0.029286 0.018095
3 0.905357 0.713810 0.025000 0.016190
3 0.891071 0.752381 0.026429 0.017143
3 0.923214 0.756190 0.029286 0.019048
3 0.932500 0.717143 0.023571 0.019048
3 0.712500 0.652857 0.027857 0.016190
4 0.712500 0.593810 0.015000 0.040952
3 0.755357 0.599524 0.012143 0.035238
3 0.582143 0.473333 0.015714 0.038095
3 0.626786 0.531905 0.013571 0.037143
3 0.642143 0.529048 0.012857 0.037143
3 0.695000 0.410000 0.028571 0.018095
3 0.724286 0.414286 0.025714 0.019048
3 0.779643 0.423333 0.029286 0.018095
4 0.810000 0.429048 0.027143 0.018095
3 0.870000 0.438571 0.025714 0.018095
3 0.905357 0.444286 0.016429 0.035238
3 0.953214 0.453810 0.027857 0.018095
3 0.611786 0.341905 0.022143 0.017143
3 0.614643 0.325238 0.026429 0.016190
3 0.613571 0.302857 0.027143 0.019048
4 0.617500 0.279524 0.026429 0.021905
4 0.607143 0.257143 0.030000 0.019048
4 0.609286 0.237619 0.027143 0.016190
4 0.612500 0.209048 0.019286 0.016190
3 0.683214 0.086190 0.027857 0.020000
5 0.562143 0.138095 0.018571 0.036190
9 0.537143 0.088095 0.007143 0.020000
9 0.567143 0.343810 0.005714 0.019048
9 0.585357 0.349048 0.006429 0.014286
9 0.598929 0.465238 0.005000 0.014286
9 0.590000 0.406190 0.005714 0.012381
9 0.601786 0.698571 0.006429 0.016190
9 0.615714 0.593810 0.005714 0.012381
9 0.632857 0.861429 0.005714 0.016190
9 0.642857 0.840000 0.005714 0.015238
9 0.424643 0.855714 0.015000 0.012381
9 0.361786 0.920000 0.007857 0.019048
9 0.380357 0.919524 0.009286 0.018095
9 0.334643 0.967619 0.015000 0.011429
9 0.332500 0.155238 0.007857 0.015238
9 0.322857 0.324286 0.011429 0.010476
