3 0.558571 0.735714 0.027143 0.065714
3 0.543571 0.637143 0.022857 0.057143
3 0.593571 0.582857 0.024286 0.043810
3 0.576429 0.534762 0.027143 0.029524
3 0.708571 0.509524 0.037143 0.030476
3 0.636429 0.228571 0.014286 0.017143
3 0.653929 0.208095 0.019286 0.012381
3 0.674286 0.188571 0.020000 0.011429
4 0.717857 0.194286 0.012857 0.013333
5 0.695000 0.200000 0.057143 0.024762
5 0.739286 0.159524 0.018571 0.025714
5 0.757143 0.159524 0.014286 0.021905
5 0.693571 0.213333 0.027143 0.019048
5 0.867857 0.180952 0.030000 0.019048
5 0.751786 0.180476 0.030714 0.020000
0 0.812500 0.182381 0.003571 0.010476
5 0.725714 0.161429 0.017143 0.023810
5 0.526786 0.529048 0.023571 0.056190
5 0.644643 0.987619 0.029286 0.024762
2 0.565000 0.855714 0.008571 0.029524
1 0.564643 0.851429 0.007857 0.015238
0 0.724286 0.518571 0.005714 0.018095
0 0.734643 0.529048 0.005000 0.018095
0 0.738214 0.519524 0.005000 0.018095
5 0.474643 0.195238 0.015000 0.030476
2 0.505000 0.487619 0.005714 0.019048
1 0.505000 0.483810 0.004286 0.011429
3 0.455714 0.102857 0.005714 0.009524
