3 0.224643 0.389524 0.117857 0.074286
2 0.310714 0.352857 0.037143 0.035238
3 0.087500 0.205238 0.103571 0.061905
3 0.268571 0.100476 0.092857 0.056190
3 0.323214 0.153810 0.090714 0.058095
5 0.416429 0.191429 0.140000 0.102857
3 0.021429 0.144286 0.042857 0.056190
3 0.464643 0.039524 0.077857 0.056190
3 0.676786 0.173810 0.090714 0.067619
3 0.706786 0.052381 0.089286 0.055238
3 0.662143 0.015238 0.082857 0.030476
3 0.520000 0.276667 0.092857 0.063810
9 0.423214 0.508095 0.023571 0.061905
0 0.495714 0.625714 0.014286 0.038095
9 0.528929 0.517143 0.047857 0.030476
9 0.540357 0.624762 0.053571 0.034286
1 0.533214 0.620000 0.026429 0.028571
9 0.961071 0.530000 0.047857 0.031429
1 0.981429 0.424286 0.025714 0.037143
2 0.976071 0.429524 0.042143 0.024762
0 0.987857 0.553333 0.018571 0.036190
9 0.963929 0.556667 0.049286 0.031429
9 0.962857 0.584286 0.055714 0.035238
1 0.981786 0.581905 0.030714 0.028571
0 0.561071 0.580476 0.016429 0.035238
9 0.532857 0.596190 0.050000 0.026667
9 0.527857 0.542381 0.038571 0.023810
9 0.530714 0.566190 0.038571 0.025714
0 0.544286 0.567619 0.022857 0.036190
1 0.497857 0.463810 0.015714 0.038095
1 0.520714 0.483333 0.021429 0.031429
9 0.518929 0.486190 0.035000 0.037143
9 0.492857 0.479524 0.017143 0.042857
3 0.976071 0.168095 0.047857 0.056190
3 0.346786 0.011905 0.082143 0.023810
9 0.980000 0.717619 0.040000 0.031429
9 0.974643 0.667143 0.050714 0.033333
9 0.970000 0.627619 0.060000 0.040000
