3 0.799322 0.606679 0.027662 0.074212
3 0.769572 0.604360 0.030793 0.082560
3 0.740084 0.601577 0.029228 0.076994
6 0.829332 0.597403 0.017745 0.042672
9 0.702505 0.593692 0.010438 0.037106
4 0.584551 0.580241 0.020877 0.080705
3 0.298539 0.549629 0.028184 0.076994
3 0.204854 0.547310 0.031837 0.079777
3 0.177192 0.545455 0.037056 0.076067
3 0.123434 0.538961 0.037056 0.077922
3 0.090553 0.538961 0.039144 0.079777
3 0.009395 0.524119 0.018789 0.066790
3 0.619520 0.882653 0.045929 0.101113
3 0.500522 0.192950 0.039666 0.037106
3 0.522443 0.287570 0.032359 0.055659
