3 0.886071 0.173333 0.077857 0.120000
3 0.972857 0.100476 0.052857 0.092381
4 0.948214 0.023333 0.069286 0.046667
3 0.466071 0.013810 0.079286 0.027619
3 0.456786 0.378095 0.110714 0.072381
3 0.460000 0.307143 0.107143 0.069524
3 0.458929 0.241429 0.110714 0.069524
4 0.457857 0.510952 0.132857 0.098095
3 0.457500 0.599048 0.145000 0.085714
3 0.457143 0.701429 0.142857 0.079048
3 0.462857 0.799048 0.157143 0.085714
3 0.461071 0.912857 0.166429 0.101905
3 0.701786 0.478571 0.052143 0.147619
0 0.241786 0.059524 0.012143 0.025714
0 0.353571 0.023333 0.014286 0.029524
0 0.339643 0.024286 0.013571 0.044762
9 0.292500 0.253333 0.023571 0.057143
0 0.428214 0.063333 0.013571 0.048571
0 0.395357 0.020952 0.013571 0.041905
0 0.552857 0.261905 0.017143 0.055238
0 0.349643 0.473810 0.020714 0.046667
0 0.319643 0.483810 0.023571 0.047619
9 0.445714 0.444762 0.041429 0.036190
0 0.938929 0.049048 0.016429 0.046667
