0 0.460000 0.940667 0.016000 0.034667
9 0.548250 0.859333 0.016500 0.054667
1 0.548500 0.868333 0.014000 0.022000
1 0.548000 0.849667 0.017000 0.026000
5 0.623250 0.766333 0.091500 0.108667
4 0.574000 0.684667 0.043000 0.089333
0 0.474000 0.809667 0.013000 0.040667
5 0.426500 0.915000 0.058000 0.170000
5 0.438250 0.751000 0.042500 0.131333
9 0.535250 0.633333 0.010500 0.033333
1 0.536250 0.626000 0.011500 0.020000
0 0.469750 0.627333 0.010500 0.033333
0 0.459500 0.628333 0.011000 0.036667
9 0.427750 0.620000 0.016500 0.034667
1 0.431250 0.588667 0.010500 0.021333
3 0.495000 0.533667 0.030000 0.059333
1 0.545000 0.527000 0.013000 0.028667
5 0.533250 0.493333 0.032500 0.064000
1 0.454750 0.509333 0.010500 0.026667
9 0.454000 0.514333 0.012000 0.026000
4 0.403750 0.510667 0.069500 0.050667
0 0.462000 0.477000 0.007000 0.026000
1 0.475250 0.473333 0.009500 0.020000
9 0.474750 0.481333 0.009500 0.024000
3 0.445500 0.460667 0.027000 0.049333
9 0.459000 0.432333 0.009000 0.020667
1 0.459250 0.428333 0.009500 0.022000
0 0.438500 0.420000 0.006000 0.025333
1 0.430250 0.423667 0.008500 0.020667
5 0.423750 0.413000 0.053500 0.034000
9 0.505500 0.432000 0.008000 0.022667
1 0.506250 0.432000 0.006500 0.014667
1 0.505500 0.426000 0.008000 0.016000
3 0.402000 0.373333 0.023000 0.036000
9 0.462500 0.376333 0.007000 0.019333
1 0.463250 0.372667 0.007500 0.020000
2 0.493000 0.373000 0.006000 0.018000
1 0.493500 0.369333 0.007000 0.020000
0 0.512250 0.395667 0.005500 0.026000
0 0.512250 0.392333 0.006500 0.024667
5 0.516750 0.358333 0.020500 0.038000
1 0.432500 0.365333 0.008000 0.014667
0 0.435500 0.352333 0.005000 0.016667
3 0.445000 0.326667 0.018000 0.029333
0 0.456000 0.311667 0.004000 0.014000
0 0.459000 0.309000 0.005000 0.019333
6 0.473750 0.307333 0.009500 0.017333
1 0.473000 0.301000 0.005000 0.010000
9 0.484250 0.302333 0.006500 0.015333
1 0.484750 0.299333 0.006500 0.014667
3 0.496250 0.296333 0.015500 0.020667
3 0.445750 0.304000 0.016500 0.025333
0 0.486250 0.279333 0.005500 0.018667
0 0.483500 0.266667 0.005000 0.014667
0 0.503000 0.279000 0.007000 0.020667
2 0.396500 0.357333 0.014000 0.017333
0 0.399500 0.316333 0.006000 0.019333
0 0.402250 0.314000 0.006500 0.018667
0 0.407500 0.313667 0.008000 0.020667
3 0.469000 0.264667 0.014000 0.021333
9 0.448000 0.266333 0.005000 0.014000
1 0.448250 0.264333 0.006500 0.014000
0 0.492750 0.243000 0.004500 0.015333
0 0.482750 0.225000 0.005500 0.015333
3 0.450000 0.172000 0.009000 0.012000
4 0.418000 0.252000 0.013000 0.024000
4 0.418750 0.229000 0.012500 0.022000
4 0.426000 0.211000 0.011000 0.019333
4 0.417250 0.202000 0.021500 0.018667
4 0.410750 0.194000 0.019500 0.016000
3 0.397500 0.186333 0.022000 0.012667
3 0.377500 0.196667 0.020000 0.012000
3 0.370500 0.189667 0.021000 0.012667
8 0.477500 0.170667 0.013000 0.016000
3 0.512500 0.182667 0.023000 0.012000
3 0.541250 0.186333 0.013500 0.012667
4 0.512500 0.245333 0.012000 0.021333
4 0.502500 0.221000 0.018000 0.018000
3 0.455500 0.154000 0.009000 0.012000
3 0.475250 0.148667 0.008500 0.009333
