0 0.280714 0.476190 0.020000 0.072381
3 0.180714 0.663810 0.162857 0.243810
3 0.732500 0.545714 0.192143 0.127619
3 0.355000 0.284286 0.047143 0.058095
3 0.522500 0.266667 0.043571 0.057143
3 0.563571 0.202381 0.060000 0.033333
3 0.394286 0.188095 0.027143 0.037143
3 0.397143 0.163333 0.022857 0.033333
3 0.401786 0.138095 0.027857 0.024762
3 0.341786 0.143333 0.042143 0.025714
3 0.339286 0.133333 0.040000 0.019048
3 0.315357 0.119048 0.040714 0.019048
3 0.294286 0.087619 0.024286 0.015238
3 0.320357 0.090000 0.027857 0.018095
3 0.347500 0.096667 0.023571 0.016190
3 0.651429 0.196190 0.054286 0.036190
3 0.731786 0.199048 0.060714 0.032381
3 0.826786 0.201429 0.063571 0.035238
