3 0.312109 0.909091 0.057411 0.063080
3 0.474948 0.228664 0.009395 0.015770
3 0.466858 0.247217 0.007829 0.015770
3 0.460334 0.267161 0.009395 0.018553
3 0.523225 0.322820 0.012004 0.025974
9 0.500000 0.327458 0.011482 0.011132
4 0.557672 0.314471 0.010960 0.031540
3 0.563674 0.282004 0.018789 0.014842
3 0.566023 0.275974 0.018267 0.012059
3 0.563413 0.269017 0.017223 0.012987
3 0.591075 0.320965 0.010960 0.018553
3 0.617693 0.321429 0.010960 0.019481
3 0.630480 0.321892 0.011482 0.020408
3 0.628653 0.391466 0.012004 0.022263
3 0.587944 0.390074 0.026618 0.019481
3 0.540710 0.486085 0.033403 0.024119
3 0.545407 0.458256 0.029228 0.024119
3 0.551931 0.433210 0.029749 0.022263
3 0.552192 0.418367 0.026096 0.018553
3 0.550365 0.411874 0.028706 0.022263
3 0.556367 0.399351 0.028184 0.019481
3 0.558977 0.386364 0.026096 0.025046
3 0.558455 0.371058 0.026096 0.018553
4 0.558716 0.355751 0.029749 0.021336
3 0.588727 0.379406 0.027140 0.020408
4 0.586900 0.370594 0.017223 0.017625
3 0.586378 0.367347 0.025574 0.018553
3 0.587161 0.359462 0.026096 0.019481
1 0.587422 0.338126 0.004697 0.012059
9 0.587683 0.341373 0.010438 0.009276
9 0.574113 0.323284 0.003132 0.012059
9 0.570198 0.304267 0.003653 0.011132
9 0.566284 0.300557 0.003132 0.011132
6 0.600209 0.300557 0.010438 0.014842
3 0.387265 0.683673 0.041754 0.040816
3 0.369781 0.724026 0.046451 0.036178
3 0.358559 0.755102 0.042797 0.038961
3 0.345251 0.813080 0.052714 0.043599
3 0.331942 0.849258 0.054280 0.049165
4 0.247129 0.864100 0.032881 0.097403
3 0.276879 0.986549 0.053758 0.025046
4 0.453027 0.848330 0.052192 0.056586
3 0.463466 0.816327 0.044885 0.038961
3 0.479123 0.739332 0.046973 0.035250
3 0.480167 0.705473 0.044885 0.032468
3 0.534186 0.546846 0.031837 0.025046
3 0.537578 0.529685 0.029228 0.024119
3 0.441806 0.510668 0.033925 0.032468
3 0.447025 0.489796 0.030793 0.029685
3 0.451200 0.479128 0.032881 0.023191
3 0.453027 0.465213 0.029228 0.026902
1 0.463205 0.546382 0.005741 0.014842
9 0.462422 0.555195 0.005219 0.017625
0 0.507568 0.387291 0.003653 0.017625
