1 0.006786 0.528553 0.009286 0.016497
0 0.052143 0.434645 0.005714 0.016497
0 0.050000 0.435914 0.005714 0.013959
0 0.066429 0.418147 0.005714 0.016497
0 0.070357 0.420685 0.003571 0.013959
0 0.075000 0.406091 0.004286 0.017766
0 0.082857 0.411802 0.007143 0.021574
0 0.089643 0.407995 0.005000 0.019036
0 0.093571 0.406726 0.004286 0.016497
0 0.121071 0.380076 0.005000 0.011421
0 0.102857 0.373731 0.005714 0.019036
0 0.105357 0.376269 0.003571 0.011421
0 0.111429 0.374365 0.002857 0.007614
0 0.130714 0.350888 0.005714 0.016497
0 0.110000 0.364848 0.004286 0.013959
0 0.111429 0.362944 0.002857 0.012690
0 0.120357 0.353426 0.005000 0.016497
0 0.155000 0.310914 0.004286 0.015228
0 0.177500 0.302665 0.002143 0.013959
0 0.180357 0.304569 0.003571 0.015228
0 0.200357 0.305838 0.003571 0.010152
3 0.102143 0.975888 0.048571 0.045685
3 0.171429 0.960025 0.051429 0.077411
4 0.153929 0.669416 0.047857 0.087563
3 0.238214 0.462563 0.026429 0.044416
3 0.221071 0.319797 0.016429 0.022843
3 0.252857 0.272208 0.011429 0.016497
3 0.256786 0.246193 0.013571 0.020305
3 0.268571 0.218909 0.010000 0.016497
3 0.326071 0.213198 0.009286 0.017766
3 0.341786 0.185914 0.007857 0.013959
3 0.331071 0.174492 0.007857 0.016497
3 0.314286 0.165609 0.007143 0.016497
3 0.356429 0.160533 0.007143 0.013959
3 0.345357 0.154822 0.006429 0.012690
3 0.335000 0.151015 0.007143 0.012690
3 0.357143 0.145939 0.005714 0.010152
3 0.341429 0.130076 0.005714 0.011421
3 0.351429 0.118655 0.005714 0.011421
3 0.305000 0.137056 0.007143 0.010152
3 0.316786 0.132614 0.006429 0.011421
3 0.325714 0.130076 0.005714 0.011421
3 0.313214 0.118655 0.005000 0.011421
3 0.323929 0.114848 0.005000 0.011421
3 0.334643 0.106599 0.005000 0.010152
3 0.341071 0.088198 0.005000 0.008883
5 0.138214 0.434645 0.052143 0.077411
5 0.286071 0.169416 0.013571 0.024112
5 0.318214 0.102792 0.006429 0.015228
5 0.305000 0.155457 0.011429 0.026650
5 0.298929 0.176396 0.012143 0.027919
8 0.350357 0.219543 0.013571 0.048223
5 0.356429 0.086929 0.005714 0.016497
8 0.364286 0.083122 0.005714 0.011421
3 0.350714 0.086929 0.004286 0.008883
4 0.627500 0.935279 0.036429 0.106599
3 0.510357 0.661168 0.019286 0.045685
3 0.616429 0.710660 0.024286 0.053299
5 0.543214 0.658629 0.029286 0.088832
3 0.499286 0.501269 0.014286 0.027919
3 0.592500 0.508249 0.026429 0.036802
3 0.595714 0.432107 0.022857 0.021574
3 0.532143 0.352157 0.010000 0.019036
3 0.540714 0.361675 0.020000 0.020305
3 0.543571 0.375000 0.012857 0.024112
3 0.525714 0.342640 0.011429 0.022843
3 0.503214 0.302030 0.009286 0.022843
3 0.498929 0.296320 0.007857 0.013959
3 0.493929 0.288071 0.010714 0.020305
4 0.494286 0.418782 0.015714 0.043147
3 0.520000 0.465102 0.014286 0.024112
5 0.513571 0.402284 0.018571 0.043147
0 0.310357 0.710025 0.007857 0.031726
0 0.356429 0.526650 0.005714 0.022843
0 0.362143 0.524746 0.005714 0.021574
0 0.347857 0.496193 0.005714 0.025381
0 0.494286 0.525381 0.004286 0.022843
0 0.498929 0.521574 0.005000 0.020305
3 0.520000 0.369924 0.015714 0.024112
3 0.517857 0.345812 0.011429 0.019036
3 0.548929 0.387056 0.010714 0.022843
4 0.480000 0.262690 0.008571 0.020305
8 0.459643 0.272843 0.015000 0.030457
3 0.459643 0.228426 0.007857 0.017766
3 0.468929 0.243655 0.007857 0.015228
3 0.468571 0.250635 0.005714 0.016497
3 0.437500 0.230964 0.005000 0.010152
5 0.425714 0.208122 0.012857 0.027919
3 0.415000 0.193528 0.005714 0.011421
3 0.405714 0.172589 0.007143 0.012690
3 0.410000 0.183376 0.005714 0.011421
5 0.404286 0.161802 0.005714 0.016497
3 0.445714 0.206853 0.005714 0.015228
3 0.454286 0.221447 0.007143 0.016497
3 0.449643 0.224619 0.007857 0.015228
1 0.063214 0.461294 0.006429 0.013959
1 0.065000 0.458122 0.008571 0.020305
