3 0.409286 0.771429 0.061429 0.076190
3 0.288571 0.872857 0.037143 0.054286
3 0.316429 0.831429 0.034286 0.041905
9 0.291071 0.923333 0.035000 0.042857
3 0.423929 0.550476 0.042143 0.032381
3 0.477500 0.499048 0.046429 0.030476
3 0.504286 0.472381 0.048571 0.026667
3 0.520357 0.450476 0.043571 0.028571
3 0.529643 0.435714 0.042143 0.025714
3 0.545000 0.420476 0.037143 0.027619
4 0.771429 0.571905 0.031429 0.040952
4 0.796071 0.528571 0.035000 0.051429
3 0.879643 0.609048 0.056429 0.048571
3 0.796071 0.343333 0.032143 0.040952
3 0.827857 0.291905 0.027143 0.037143
3 0.782857 0.297619 0.030000 0.035238
3 0.860357 0.255714 0.029286 0.037143
3 0.815357 0.262857 0.026429 0.034286
3 0.922500 0.172857 0.027857 0.033333
3 0.982143 0.084762 0.031429 0.041905
4 0.853929 0.033810 0.026429 0.023810
5 0.712143 0.442381 0.055714 0.080952
