8 0.608214 0.914340 0.066429 0.168782
3 0.637857 0.800127 0.038571 0.118020
3 0.522857 0.619289 0.030000 0.096447
3 0.446786 0.748096 0.029286 0.092640
9 0.377143 0.573604 0.014286 0.043147
3 0.580000 0.349619 0.025714 0.069797
3 0.495714 0.282360 0.022857 0.062183
4 0.378571 0.194797 0.022857 0.057107
5 0.408571 0.076777 0.025714 0.077411
3 0.936786 0.819162 0.040714 0.082487
3 0.887857 0.567259 0.042857 0.076142
3 0.944643 0.576142 0.039286 0.073604
3 0.960357 0.556472 0.039286 0.072335
3 0.981071 0.623731 0.036429 0.072335
3 0.871786 0.359772 0.029286 0.062183
3 0.851071 0.310914 0.030714 0.060914
3 0.829643 0.271574 0.026429 0.045685
4 0.816786 0.226523 0.026429 0.057107
4 0.755357 0.100888 0.025000 0.052030
0 0.233929 0.082487 0.009286 0.030457
0 0.227857 0.088832 0.007143 0.020305
0 0.212143 0.343909 0.005714 0.022843
0 0.269643 0.243020 0.009286 0.029188
0 0.299643 0.145305 0.006429 0.013959
0 0.252143 0.364213 0.008571 0.025381
0 0.191071 0.395939 0.007857 0.020305
0 0.270714 0.510152 0.008571 0.017766
0 0.231071 0.509518 0.007857 0.021574
0 0.195714 0.508249 0.007143 0.019036
1 0.181071 0.828680 0.009286 0.020305
0 0.081429 0.734772 0.015714 0.032995
0 0.078214 0.984772 0.015000 0.025381
0 0.018929 0.987944 0.020714 0.021574
0 0.941071 0.760152 0.017857 0.032995
0 0.688571 0.130711 0.010000 0.025381
0 0.302143 0.133249 0.004286 0.012690
0 0.247143 0.355330 0.004286 0.017766
1 0.218214 0.348985 0.007857 0.020305
0 0.206071 0.282360 0.010714 0.026650
1 0.203214 0.495558 0.007857 0.019036
1 0.216071 0.494289 0.006429 0.019036
0 0.231071 0.527919 0.005000 0.015228
0 0.277500 0.498731 0.006429 0.015228
1 0.178214 0.812183 0.013571 0.015228
4 0.714286 0.013959 0.020000 0.027919
0 0.957143 0.857234 0.008571 0.034264
0 0.215000 0.147843 0.011429 0.024112
