3 0.684250 0.692667 0.050500 0.080000
3 0.440500 0.597333 0.067000 0.044000
3 0.363000 0.609000 0.059000 0.043333
3 0.265250 0.532667 0.048500 0.034667
3 0.210500 0.533333 0.059000 0.036000
3 0.586000 0.577667 0.062000 0.044667
3 0.631250 0.540000 0.057500 0.036000
3 0.740750 0.557333 0.065500 0.040000
3 0.761250 0.676333 0.057500 0.083333
3 0.841000 0.668333 0.063000 0.087333
3 0.371750 0.484667 0.025500 0.049333
3 0.405250 0.486000 0.025500 0.056000
3 0.671750 0.478667 0.060500 0.044000
3 0.740000 0.472000 0.059000 0.037333
3 0.810750 0.465333 0.059500 0.032000
3 0.929500 0.450667 0.053000 0.032000
3 0.930750 0.389667 0.029500 0.032667
3 0.326250 0.687667 0.071500 0.047333
3 0.539750 0.666000 0.073500 0.049333
3 0.212250 0.708667 0.079500 0.049333
3 0.291500 0.619667 0.070000 0.046000
3 0.405500 0.570667 0.064000 0.041333
3 0.482750 0.557000 0.064500 0.040667
3 0.881500 0.615667 0.073000 0.047333
3 0.822750 0.579667 0.067500 0.042000
3 0.853750 0.543333 0.057500 0.038667
3 0.974750 0.526000 0.050500 0.037333
3 0.978750 0.450000 0.042500 0.034667
4 0.109000 0.543333 0.063000 0.040000
4 0.073250 0.603000 0.060500 0.038000
4 0.553500 0.157000 0.021000 0.019333
4 0.617250 0.134333 0.019500 0.016667
3 0.121000 0.714667 0.073000 0.046667
3 0.869500 0.458667 0.057000 0.033333
3 0.466500 0.164000 0.026000 0.016000
3 0.465750 0.154667 0.025500 0.014667
3 0.528750 0.138000 0.022500 0.013333
3 0.611250 0.156333 0.027500 0.014000
3 0.651250 0.133667 0.026500 0.014000
6 0.405250 0.851333 0.025500 0.054667
1 0.409750 0.833667 0.011500 0.015333
0 0.373750 0.711333 0.015500 0.024000
1 0.096250 0.576667 0.012500 0.020000
1 0.102250 0.576333 0.008500 0.022000
9 0.099250 0.581000 0.027500 0.018000
3 0.049000 0.549333 0.053000 0.034667
9 0.152750 0.392000 0.018500 0.012000
9 0.150000 0.385667 0.018000 0.016667
2 0.222250 0.322333 0.015500 0.014000
3 0.994250 0.140333 0.011500 0.015333
3 0.705000 0.529333 0.065000 0.037333
