3 0.959643 0.299048 0.070714 0.072381
3 0.902857 0.358571 0.065714 0.069524
3 0.855714 0.320476 0.067143 0.069524
9 0.795000 0.413333 0.041429 0.028571
9 0.720714 0.361905 0.018571 0.038095
9 0.747500 0.401429 0.020714 0.033333
9 0.745000 0.405238 0.017143 0.035238
9 0.731071 0.403810 0.023571 0.043810
9 0.719286 0.420952 0.021429 0.038095
9 0.712857 0.367619 0.018571 0.034286
9 0.705714 0.374762 0.015714 0.031429
9 0.683929 0.330952 0.016429 0.033333
9 0.676429 0.335238 0.017143 0.032381
9 0.667500 0.339048 0.020714 0.030476
9 0.687143 0.487619 0.035714 0.028571
9 0.611429 0.375238 0.020000 0.032381
9 0.598571 0.380952 0.020000 0.036190
9 0.676786 0.453333 0.017857 0.036190
9 0.646071 0.472381 0.023571 0.034286
9 0.662143 0.464286 0.020000 0.031429
9 0.620000 0.429048 0.020000 0.037143
9 0.601071 0.436667 0.023571 0.044762
9 0.571786 0.402381 0.016429 0.035238
9 0.558571 0.407143 0.021429 0.040952
9 0.584286 0.449524 0.020000 0.047619
9 0.621429 0.482857 0.025714 0.043810
9 0.605357 0.496190 0.022143 0.049524
9 0.589643 0.506667 0.023571 0.047619
9 0.554286 0.456667 0.015714 0.039048
9 0.512143 0.437143 0.018571 0.032381
9 0.501071 0.442857 0.017857 0.036190
9 0.490357 0.449048 0.016429 0.037143
9 0.479643 0.457143 0.017857 0.036190
9 0.539643 0.482857 0.019286 0.041905
9 0.526071 0.494762 0.017857 0.039048
9 0.508571 0.494762 0.018571 0.035238
9 0.535000 0.549524 0.021429 0.041905
9 0.546071 0.540476 0.022143 0.042857
9 0.557857 0.532857 0.021429 0.039048
9 0.557857 0.584286 0.038571 0.025714
9 0.629643 0.538095 0.030714 0.032381
9 0.646429 0.522381 0.024286 0.031429
9 0.457143 0.589048 0.021429 0.044762
9 0.448929 0.668571 0.023571 0.043810
9 0.414643 0.628095 0.016429 0.046667
9 0.403571 0.635714 0.020000 0.046667
9 0.384286 0.643333 0.022857 0.046667
9 0.365357 0.661905 0.022143 0.055238
9 0.348929 0.672857 0.022143 0.052381
9 0.345357 0.596667 0.019286 0.046667
9 0.331429 0.604286 0.022857 0.046667
9 0.336429 0.682857 0.020000 0.051429
9 0.323929 0.690476 0.019286 0.057143
9 0.306429 0.700952 0.021429 0.059048
9 0.316786 0.755714 0.037857 0.040952
9 0.440357 0.808571 0.026429 0.051429
9 0.427143 0.820476 0.022857 0.058095
9 0.208214 0.758571 0.022143 0.060000
5 0.227500 0.831429 0.119286 0.125714
9 0.167500 0.796190 0.027857 0.045714
9 0.141429 0.809524 0.030000 0.057143
9 0.090714 0.849048 0.035714 0.042857
9 0.055714 0.881905 0.025714 0.055238
9 0.035357 0.878571 0.022143 0.061905
3 0.058571 0.948571 0.117143 0.097143
0 0.352143 0.534286 0.008571 0.020952
0 0.356786 0.526667 0.007857 0.022857
