0 0.265357 0.860952 0.045000 0.097143
0 0.167143 0.907143 0.070000 0.096190
0 0.126071 0.780952 0.066429 0.099048
0 0.183571 0.651429 0.045714 0.087619
0 0.410357 0.439048 0.025000 0.083810
0 0.434286 0.434762 0.022857 0.080952
0 0.579643 0.304286 0.019286 0.071429
0 0.463929 0.325714 0.025000 0.091429
0 0.442143 0.333333 0.024286 0.072381
0 0.555714 0.179048 0.018571 0.057143
0 0.688214 0.036190 0.015000 0.040000
0 0.560357 0.151429 0.015000 0.053333
0 0.443571 0.299524 0.020000 0.060000
1 0.622500 0.327143 0.033571 0.069524
9 0.618929 0.338571 0.042143 0.067619
