4 0.560357 0.882614 0.019286 0.059645
4 0.441071 0.711929 0.013571 0.038071
4 0.450000 0.649112 0.012857 0.026650
3 0.506786 0.898477 0.015000 0.050761
3 0.527857 0.833756 0.015714 0.035533
3 0.475000 0.812183 0.014286 0.035533
3 0.461429 0.719543 0.012857 0.027919
3 0.484643 0.625635 0.010714 0.020305
3 0.510714 0.546954 0.008571 0.017766
3 0.532143 0.515863 0.008571 0.019036
3 0.533929 0.475254 0.006429 0.013959
4 0.511786 0.454315 0.006429 0.015228
3 0.533214 0.451777 0.007857 0.015228
3 0.532500 0.432741 0.006429 0.010152
3 0.483929 0.461294 0.006429 0.011421
