3 0.932750 0.986000 0.034500 0.028000
3 0.973750 0.980667 0.028500 0.033333
3 0.988500 0.989000 0.023000 0.020667
3 0.915500 0.928333 0.027000 0.030000
3 0.899250 0.908667 0.029500 0.032000
3 0.881000 0.892000 0.030000 0.030667
3 0.863750 0.875333 0.028500 0.030667
3 0.842000 0.898000 0.031000 0.032000
3 0.848250 0.859667 0.025500 0.027333
3 0.831750 0.846333 0.028500 0.030000
3 0.816250 0.832667 0.026500 0.028000
3 0.791750 0.852333 0.031500 0.028667
4 0.780000 0.835000 0.025000 0.027333
4 0.757750 0.822333 0.028500 0.024667
3 0.781250 0.804000 0.027500 0.026667
3 0.766750 0.790667 0.025500 0.026667
3 0.751500 0.777667 0.026000 0.027333
3 0.930000 0.506333 0.022000 0.016667
4 0.894000 0.498000 0.022000 0.018667
3 0.904750 0.524333 0.020500 0.018000
3 0.752500 0.418667 0.016000 0.013333
3 0.694750 0.386333 0.013500 0.011333
3 0.721750 0.391000 0.014500 0.011333
3 0.731000 0.422333 0.015000 0.014000
3 0.663500 0.363333 0.013000 0.010667
3 0.642000 0.316000 0.012000 0.008000
3 0.606250 0.298667 0.010500 0.008000
3 0.656000 0.323333 0.012000 0.008000
3 0.669250 0.329333 0.012500 0.009333
3 0.681000 0.335000 0.012000 0.010000
3 0.692500 0.341333 0.012000 0.009333
3 0.707000 0.348333 0.013000 0.010000
3 0.719250 0.355000 0.012500 0.008667
3 0.732750 0.362000 0.013500 0.009333
3 0.747500 0.369000 0.015000 0.008667
3 0.764500 0.378333 0.016000 0.011333
3 0.789500 0.390333 0.016000 0.011333
3 0.806500 0.385333 0.013000 0.009333
3 0.803750 0.398667 0.015500 0.012000
3 0.818000 0.399667 0.015000 0.011333
3 0.836250 0.402333 0.017500 0.011333
3 0.851750 0.399000 0.015500 0.011333
3 0.864750 0.429667 0.015500 0.011333
3 0.906000 0.441667 0.019000 0.011333
3 0.885000 0.424667 0.017000 0.013333
3 0.980250 0.463000 0.016500 0.014000
3 0.991000 0.466333 0.016000 0.014000
4 0.925000 0.353000 0.012000 0.011333
3 0.912250 0.355667 0.013500 0.008667
4 0.943250 0.344000 0.010500 0.010667
0 0.943250 0.595333 0.004500 0.013333
3 0.607750 0.822667 0.031500 0.037333
