0 0.773929 0.753333 0.029286 0.038095
0 0.778571 0.740476 0.027143 0.035238
3 0.635714 0.712857 0.048571 0.056190
3 0.396429 0.891905 0.030000 0.073333
3 0.319286 0.942857 0.030000 0.074286
3 0.273929 0.835714 0.017857 0.035238
3 0.257857 0.855238 0.018571 0.041905
3 0.241429 0.874762 0.020000 0.042857
0 0.274643 0.720952 0.006429 0.009524
3 0.332143 0.641905 0.017143 0.017143
3 0.318929 0.622857 0.007857 0.009524
3 0.347143 0.573810 0.010000 0.014286
3 0.333571 0.576667 0.005714 0.006667
3 0.371786 0.574286 0.007857 0.013333
3 0.365000 0.568571 0.008571 0.013333
3 0.382857 0.565238 0.008571 0.014286
3 0.407143 0.540476 0.007143 0.010476
3 0.386786 0.548095 0.007857 0.012381
3 0.383214 0.501905 0.003571 0.005714
3 0.372143 0.506667 0.004286 0.005714
3 0.381786 0.479524 0.003571 0.004762
3 0.377500 0.474762 0.002143 0.004762
4 0.359643 0.490952 0.005000 0.006667
3 0.364643 0.495714 0.006429 0.006667
4 0.365357 0.490476 0.005000 0.005714
