3 0.622500 0.950952 0.076429 0.056190
3 0.633214 0.833333 0.083571 0.062857
3 0.637500 0.776667 0.079286 0.056190
3 0.489643 0.936190 0.070714 0.104762
3 0.499286 0.835238 0.068571 0.095238
3 0.514286 0.771429 0.065714 0.106667
3 0.522500 0.703333 0.062143 0.086667
3 0.536786 0.646667 0.059286 0.083810
3 0.540000 0.580476 0.057143 0.073333
3 0.546429 0.526667 0.051429 0.076190
3 0.555000 0.464762 0.058571 0.068571
3 0.552857 0.420952 0.062857 0.060952
3 0.555357 0.382381 0.063571 0.046667
3 0.568929 0.353810 0.060714 0.056190
3 0.570357 0.313810 0.056429 0.035238
3 0.661786 0.390476 0.062143 0.045714
3 0.660000 0.360476 0.062857 0.042857
6 0.483571 0.441905 0.022857 0.062857
4 0.452500 0.447619 0.026429 0.064762
3 0.441786 0.531429 0.035000 0.087619
3 0.423571 0.634286 0.038571 0.091429
3 0.401429 0.750000 0.045714 0.101905
3 0.378929 0.884762 0.047857 0.112381
3 0.290714 0.930000 0.047143 0.111429
5 0.322857 0.775714 0.045714 0.117143
4 0.358571 0.658095 0.041429 0.093333
3 0.378214 0.560476 0.035000 0.084762
3 0.388929 0.467143 0.032143 0.077143
5 0.278929 0.586190 0.055000 0.132381
5 0.248929 0.709048 0.059286 0.100000
3 0.219643 0.839524 0.053571 0.113333
3 0.164286 0.965238 0.081429 0.069524
9 0.256786 0.425714 0.020714 0.015238
9 0.262500 0.404762 0.023571 0.026667
1 0.270714 0.372381 0.014286 0.019048
3 0.378929 0.341905 0.032143 0.066667
3 0.864286 0.738571 0.034286 0.109524
3 0.907857 0.750476 0.041429 0.106667
3 0.958571 0.769524 0.044286 0.116190
3 0.334286 0.295714 0.034286 0.058095
2 0.310357 0.276190 0.020714 0.015238
3 0.348571 0.245714 0.047143 0.043810
5 0.507143 0.258571 0.075714 0.090476
