3 0.394643 0.943333 0.056429 0.113333
4 0.505714 0.954762 0.061429 0.090476
9 0.776071 0.945238 0.046429 0.035238
9 0.770357 0.904762 0.050714 0.034286
3 0.664643 0.704286 0.090714 0.067619
3 0.621071 0.593810 0.123571 0.079048
9 0.753214 0.662381 0.043571 0.037143
3 0.275357 0.677143 0.053571 0.146667
4 0.276429 0.864762 0.057143 0.154286
4 0.457143 0.101905 0.041429 0.106667
3 0.292500 0.167619 0.046429 0.110476
3 0.297500 0.063333 0.042143 0.105714
0 0.431071 0.020476 0.012143 0.037143
3 0.622500 0.492857 0.110714 0.075238
3 0.567500 0.364286 0.093571 0.061905
0 0.593214 0.421905 0.016429 0.032381
0 0.762500 0.605238 0.030714 0.035238
9 0.685714 0.627619 0.045714 0.030476
9 0.697500 0.311429 0.020714 0.059048
9 0.664286 0.283810 0.014286 0.041905
9 0.635714 0.135714 0.034286 0.027619
9 0.627500 0.119524 0.032143 0.035238
0 0.636786 0.069524 0.016429 0.040000
0 0.650000 0.027143 0.012857 0.040952
0 0.560000 0.029524 0.015714 0.040000
0 0.526786 0.197143 0.010714 0.041905
0 0.489643 0.112381 0.010714 0.040000
0 0.498214 0.185714 0.017857 0.034286
0 0.490714 0.158571 0.014286 0.039048
0 0.530357 0.174762 0.010714 0.035238
0 0.530000 0.162857 0.012857 0.034286
9 0.520357 0.260000 0.039286 0.028571
0 0.612500 0.843333 0.017857 0.039048
1 0.498571 0.060952 0.011429 0.036190
9 0.496429 0.062857 0.030000 0.026667
