3 0.523929 0.716371 0.013571 0.044416
3 0.508571 0.932107 0.020000 0.064721
3 0.540000 0.843274 0.018571 0.057107
3 0.570714 0.711294 0.015714 0.044416
3 0.534643 0.593909 0.012143 0.035533
3 0.490357 0.552030 0.012143 0.027919
3 0.544643 0.396574 0.007857 0.024112
3 0.526071 0.370558 0.009286 0.020305
3 0.577857 0.261421 0.005714 0.015228
3 0.565714 0.300127 0.007143 0.019036
3 0.560000 0.281091 0.007143 0.016497
3 0.557857 0.211929 0.005714 0.015228
3 0.548929 0.126904 0.005000 0.010152
3 0.551429 0.112310 0.005714 0.008883
3 0.563571 0.114848 0.004286 0.011421
3 0.536429 0.267766 0.005714 0.017766
3 0.567143 0.233503 0.005714 0.015228
3 0.578571 0.235406 0.007143 0.019036
3 0.547143 0.065990 0.004286 0.007614
3 0.547143 0.059010 0.004286 0.006345
3 0.553214 0.064721 0.003571 0.007614
3 0.575000 0.055203 0.004286 0.011421
3 0.572500 0.118020 0.005000 0.012690
3 0.580357 0.135152 0.005000 0.013959
3 0.576071 0.306472 0.007857 0.019036
4 0.554286 0.328046 0.010000 0.026650
4 0.543214 0.182741 0.006429 0.015228
4 0.569643 0.168782 0.006429 0.012690
4 0.570714 0.144036 0.005714 0.013959
4 0.553929 0.056472 0.005000 0.008883
4 0.576071 0.024746 0.003571 0.011421
8 0.575357 0.403553 0.015000 0.073604
4 0.576786 0.471447 0.010714 0.039340
3 0.555000 0.226523 0.007143 0.016497
3 0.579286 0.195431 0.005714 0.015228
4 0.570000 0.131345 0.005714 0.019036
3 0.463929 0.235406 0.015000 0.011421
3 0.437500 0.234137 0.017857 0.016497
5 0.570000 0.194162 0.008571 0.030457
3 0.545000 0.039340 0.011429 0.010152
3 0.681071 0.681472 0.036429 0.022843
3 0.741071 0.712563 0.037857 0.024112
3 0.781786 0.721447 0.033571 0.029188
3 0.765714 0.685914 0.035714 0.029188
4 0.821786 0.722716 0.037857 0.029188
3 0.921071 0.687183 0.035000 0.024112
3 0.972143 0.693528 0.035714 0.024112
