3 0.172857 0.612944 0.025714 0.043147
3 0.194643 0.572335 0.027857 0.032995
3 0.327143 0.510787 0.018571 0.029188
4 0.330714 0.798858 0.045714 0.087563
3 0.358929 0.578680 0.033571 0.055838
4 0.398214 0.834391 0.039286 0.085025
4 0.453214 0.841371 0.037857 0.111675
3 0.492143 0.586929 0.027143 0.059645
4 0.451071 0.598350 0.030714 0.077411
4 0.511429 0.437817 0.022857 0.055838
3 0.496786 0.378807 0.016429 0.036802
3 0.533929 0.319162 0.015000 0.029188
4 0.478929 0.283629 0.013571 0.024112
4 0.515357 0.271574 0.013571 0.032995
3 0.541786 0.251269 0.013571 0.022843
3 0.470357 0.236041 0.012143 0.020305
3 0.499643 0.203046 0.010714 0.020305
3 0.550000 0.201142 0.011429 0.021574
4 0.531786 0.192259 0.012143 0.026650
3 0.516786 0.153553 0.010714 0.020305
8 0.515714 0.110406 0.020000 0.043147
3 0.554643 0.121827 0.012143 0.017766
3 0.562857 0.135787 0.011429 0.017766
3 0.536786 0.110406 0.009286 0.015228
3 0.675000 0.953046 0.058571 0.065990
3 0.758571 0.963198 0.067143 0.071066
4 0.889286 0.846447 0.044286 0.065990
4 0.714286 0.495558 0.017143 0.046954
3 0.682857 0.495558 0.015714 0.034264
4 0.807857 0.436548 0.020000 0.040609
3 0.722500 0.354695 0.027857 0.019036
3 0.956786 0.390228 0.029286 0.021574
3 0.034286 0.293147 0.025714 0.025381
3 0.056071 0.287437 0.026429 0.024112
3 0.090000 0.276015 0.027143 0.021574
3 0.183214 0.244924 0.023571 0.020305
0 0.186071 0.608503 0.010714 0.031726
3 0.495357 0.114213 0.007857 0.012690
8 0.496429 0.035533 0.014286 0.020305
3 0.576429 0.098985 0.008571 0.015228
4 0.570000 0.083756 0.010000 0.017766
3 0.588571 0.076777 0.008571 0.013959
3 0.581071 0.041878 0.006429 0.010152
3 0.570000 0.044416 0.007143 0.012690
3 0.538929 0.046320 0.006429 0.011421
3 0.535000 0.070431 0.007143 0.011421
5 0.544286 0.028553 0.007143 0.013959
8 0.557857 0.007614 0.015714 0.015228
5 0.616071 0.279822 0.019286 0.034264
5 0.675000 0.335025 0.048571 0.055838
0 0.674286 0.477792 0.005714 0.021574
3 0.771429 0.779822 0.028571 0.054569
0 0.842500 0.809010 0.012143 0.031726
0 0.764643 0.989213 0.009286 0.019036
0 0.977857 0.421954 0.007143 0.016497
3 0.953929 0.350888 0.019286 0.024112
3 0.971071 0.348985 0.025000 0.032995
3 0.988571 0.345812 0.020000 0.036802
3 0.405357 0.212563 0.015000 0.011421
3 0.390714 0.219543 0.014286 0.015228
3 0.376071 0.225254 0.019286 0.019036
