2 0.031250 0.703667 0.062500 0.104667
9 0.091750 0.600000 0.080500 0.076000
0 0.166750 0.610667 0.028500 0.046667
0 0.179000 0.598000 0.041000 0.070667
0 0.106500 0.486667 0.040000 0.066667
0 0.172250 0.472333 0.039500 0.072667
9 0.169750 0.469000 0.070500 0.052667
1 0.252000 0.569667 0.039000 0.062000
9 0.255750 0.581333 0.082500 0.070667
0 0.316250 0.553000 0.020500 0.048667
0 0.334500 0.530000 0.029000 0.073333
0 0.507000 0.716333 0.028000 0.078000
1 0.513000 0.699333 0.019000 0.034667
0 0.537500 0.633000 0.020000 0.084667
0 0.496000 0.518333 0.021000 0.068667
0 0.469750 0.492000 0.024500 0.068000
1 0.430500 0.484667 0.028000 0.064000
9 0.434500 0.493000 0.024000 0.086000
0 0.571750 0.503333 0.014500 0.046667
0 0.575750 0.470667 0.021500 0.080000
0 0.505000 0.391000 0.028000 0.062000
2 0.499750 0.415000 0.021500 0.070000
0 0.541500 0.365000 0.012000 0.063333
9 0.551250 0.378000 0.027500 0.064000
0 0.577250 0.405333 0.018500 0.054667
0 0.586000 0.417333 0.018000 0.060000
2 0.568750 0.438000 0.032500 0.052000
4 0.309500 0.429667 0.125000 0.215333
0 0.370750 0.237333 0.015500 0.057333
0 0.453500 0.269333 0.017000 0.061333
0 0.448750 0.259000 0.019500 0.064667
3 0.481500 0.329667 0.101000 0.118000
0 0.392750 0.197667 0.015500 0.052667
0 0.401750 0.165000 0.013500 0.054000
0 0.424000 0.190333 0.010000 0.034000
0 0.431500 0.176333 0.020000 0.043333
1 0.427250 0.174667 0.010500 0.020000
3 0.482500 0.218667 0.067000 0.084000
0 0.435250 0.112333 0.010500 0.047333
0 0.442500 0.111667 0.007000 0.039333
2 0.443000 0.101000 0.017000 0.034000
9 0.479250 0.100000 0.012500 0.041333
0 0.492500 0.091333 0.011000 0.053333
0 0.503000 0.097000 0.011000 0.047333
9 0.476500 0.065000 0.015000 0.030000
9 0.494500 0.069333 0.019000 0.033333
2 0.514500 0.009333 0.019000 0.018667
0 0.627500 0.332333 0.015000 0.052667
1 0.621250 0.279667 0.024500 0.050000
0 0.566500 0.173000 0.016000 0.063333
0 0.614250 0.141333 0.013500 0.053333
0 0.578750 0.105333 0.009500 0.038667
0 0.598750 0.098000 0.012500 0.048000
0 0.612500 0.103000 0.019000 0.048667
2 0.614000 0.110000 0.014000 0.042667
0 0.637500 0.093333 0.015000 0.045333
0 0.662750 0.095667 0.009500 0.044667
9 0.658500 0.095667 0.020000 0.036667
9 0.674750 0.095000 0.017500 0.035333
4 0.702500 0.110667 0.096000 0.065333
9 0.701750 0.094667 0.017500 0.037333
9 0.742500 0.101333 0.015000 0.044000
0 0.637250 0.077333 0.010500 0.045333
0 0.657000 0.058000 0.010000 0.025333
0 0.614750 0.067000 0.009500 0.036667
0 0.620750 0.054333 0.008500 0.042000
1 0.608500 0.054000 0.010000 0.028000
0 0.612750 0.040000 0.009500 0.033333
9 0.612250 0.055667 0.016500 0.034000
0 0.620750 0.047667 0.009500 0.044667
0 0.660000 0.028667 0.007000 0.034667
0 0.631000 0.044333 0.014000 0.028667
0 0.632250 0.036000 0.015500 0.028000
0 0.636000 0.022333 0.014000 0.027333
0 0.608500 0.030667 0.011000 0.042667
0 0.595500 0.018667 0.010000 0.037333
1 0.564500 0.016000 0.011000 0.032000
9 0.565000 0.019000 0.012000 0.038000
0 0.779500 0.122333 0.017000 0.039333
0 0.803500 0.121667 0.017000 0.050000
0 0.775250 0.088000 0.017500 0.049333
0 0.797250 0.086333 0.013500 0.052667
0 0.398750 0.869000 0.037500 0.075333
0 0.434750 0.863000 0.042500 0.082000
9 0.168500 0.426333 0.052000 0.064667
6 0.226500 0.330333 0.075000 0.066000
