3 0.415714 0.621905 0.018571 0.043810
9 0.562500 0.609524 0.006429 0.038095
3 0.518571 0.643810 0.018571 0.045714
9 0.496786 0.564286 0.003571 0.021905
0 0.507143 0.359524 0.004286 0.021905
0 0.493214 0.342857 0.005000 0.017143
0 0.536786 0.180476 0.003571 0.014286
0 0.583571 0.185714 0.004286 0.026667
0 0.569286 0.180952 0.004286 0.019048
9 0.524643 0.207143 0.006429 0.021905
3 0.642857 0.027143 0.014286 0.023810
4 0.636786 0.091429 0.013571 0.028571
3 0.641071 0.254762 0.017857 0.031429
9 0.574286 0.310952 0.007143 0.027619
9 0.647500 0.412381 0.007857 0.019048
9 0.659643 0.005238 0.006429 0.010476
