3 0.461117 0.803340 0.029749 0.087199
3 0.510960 0.515306 0.016701 0.045455
3 0.500000 0.353432 0.014614 0.031540
3 0.527401 0.343228 0.012004 0.027829
3 0.556628 0.330241 0.013048 0.033395
3 0.561848 0.269481 0.012004 0.023191
3 0.885438 0.930891 0.065240 0.054731
3 0.157098 0.403525 0.022965 0.024119
3 0.128132 0.398423 0.026618 0.021336
3 0.084029 0.393321 0.030271 0.025974
3 0.017745 0.389147 0.033403 0.026902
3 0.186065 0.325603 0.029749 0.020408
3 0.317850 0.355751 0.016701 0.030612
4 0.524791 0.136827 0.007829 0.019481
8 0.584551 0.332096 0.017745 0.070501
3 0.563413 0.188776 0.008873 0.015770
3 0.557411 0.111781 0.007307 0.012059
3 0.559499 0.092764 0.006263 0.011132
3 0.563674 0.074675 0.006263 0.012059
8 0.507046 0.103896 0.010960 0.031540
3 0.532620 0.037106 0.005741 0.011132
3 0.556367 0.044991 0.005219 0.010204
3 0.563152 0.025046 0.005219 0.009276
3 0.626044 0.356215 0.021399 0.025974
3 0.691023 0.378942 0.028184 0.023191
3 0.665971 0.440631 0.016701 0.033395
3 0.688413 0.361317 0.030271 0.023191
3 0.678497 0.336271 0.029228 0.019481
4 0.680324 0.307978 0.027662 0.020408
4 0.686065 0.316327 0.022443 0.024119
4 0.681628 0.346939 0.024008 0.020408
4 0.777923 0.690631 0.042276 0.041744
3 0.786013 0.756494 0.052192 0.041744
9 0.779228 0.788033 0.008351 0.030612
9 0.790710 0.790816 0.006263 0.032468
9 0.771138 0.470315 0.009916 0.014842
9 0.713727 0.295455 0.009916 0.010204
9 0.717902 0.314471 0.012004 0.014842
9 0.805585 0.585343 0.013048 0.020408
4 0.752610 0.586735 0.046973 0.043599
4 0.730950 0.526438 0.033925 0.036178
3 0.725731 0.493970 0.037056 0.030612
3 0.643528 0.284787 0.011482 0.018553
0 0.651096 0.293135 0.002610 0.016698
0 0.656315 0.292208 0.002610 0.016698
1 0.623695 0.227737 0.003132 0.010204
2 0.623173 0.233302 0.004175 0.008349
3 0.663883 0.256957 0.021921 0.018553
3 0.662839 0.248609 0.021921 0.014842
3 0.680063 0.228200 0.021921 0.018553
3 0.654749 0.226809 0.021399 0.015770
2 0.652140 0.191558 0.006785 0.008349
4 0.620303 0.170223 0.008873 0.017625
4 0.635177 0.160482 0.016701 0.016698
3 0.606994 0.080241 0.006263 0.012059
3 0.529489 0.026902 0.005741 0.011132
4 0.604645 0.070965 0.005741 0.012059
3 0.602296 0.065863 0.006263 0.009276
3 0.599948 0.051020 0.005741 0.009276
3 0.598382 0.046382 0.007829 0.007421
4 0.597860 0.040816 0.004697 0.009276
3 0.558716 0.016698 0.005741 0.007421
3 0.559499 0.008349 0.004175 0.007421
1 0.587683 0.145640 0.002088 0.009276
9 0.587422 0.151670 0.002610 0.008349
1 0.468424 0.200835 0.003653 0.008349
9 0.467902 0.207328 0.003653 0.008349
9 0.422234 0.462894 0.006263 0.014842
1 0.410230 0.460575 0.005219 0.012059
1 0.421712 0.453154 0.005219 0.013915
2 0.410230 0.467996 0.004175 0.012059
