3 0.909286 0.849524 0.178571 0.300952
3 0.826429 0.566667 0.151429 0.190476
3 0.160357 0.577619 0.187857 0.189524
3 0.300000 0.479524 0.128571 0.134286
3 0.381429 0.390476 0.105714 0.089524
3 0.442500 0.342381 0.073571 0.067619
3 0.496786 0.310000 0.055000 0.060000
3 0.808929 0.451905 0.106429 0.111429
4 0.769643 0.364762 0.129286 0.100952
3 0.770357 0.304762 0.050714 0.047619
3 0.765000 0.279048 0.040000 0.036190
3 0.534643 0.286190 0.046429 0.048571
3 0.513571 0.269524 0.065714 0.045714
3 0.462857 0.256190 0.062857 0.036190
3 0.464643 0.243333 0.053571 0.042857
3 0.391786 0.237619 0.049286 0.039048
3 0.534643 0.247619 0.073571 0.036190
3 0.574286 0.240476 0.055714 0.031429
3 0.605714 0.236190 0.051429 0.034286
3 0.623929 0.228095 0.053571 0.033333
3 0.636786 0.215238 0.049286 0.030476
3 0.648571 0.209524 0.051429 0.030476
3 0.661429 0.206190 0.050000 0.029524
3 0.669643 0.202381 0.043571 0.025714
3 0.681071 0.193810 0.039286 0.021905
3 0.696786 0.188095 0.039286 0.021905
4 0.705714 0.181905 0.038571 0.028571
0 0.785357 0.153333 0.006429 0.011429
3 0.716429 0.178095 0.027143 0.017143
3 0.728214 0.174286 0.027857 0.017143
3 0.732143 0.172381 0.025714 0.019048
3 0.741786 0.169524 0.025000 0.017143
3 0.736786 0.264762 0.085000 0.045714
3 0.852143 0.272857 0.102857 0.040952
3 0.805357 0.249524 0.079286 0.034286
3 0.773571 0.232857 0.027143 0.031429
3 0.759643 0.225714 0.035000 0.028571
3 0.778929 0.212857 0.025000 0.025714
3 0.768571 0.209048 0.030000 0.023810
3 0.778214 0.201905 0.025000 0.020952
3 0.780714 0.197143 0.027143 0.019048
3 0.792143 0.196667 0.020000 0.023810
3 0.798214 0.195714 0.029286 0.020000
3 0.828571 0.189524 0.022857 0.022857
3 0.749286 0.163333 0.021429 0.012381
3 0.753571 0.162381 0.018571 0.014286
3 0.757500 0.160476 0.019286 0.012381
3 0.766786 0.154762 0.015000 0.016190
3 0.056786 0.744286 0.113571 0.227619
