3 0.242500 0.765238 0.090714 0.063810
4 0.357857 0.954762 0.112857 0.090476
3 0.350357 0.752857 0.096429 0.065714
3 0.620714 0.955238 0.100000 0.089524
3 0.635357 0.869048 0.099286 0.079048
3 0.808571 0.820952 0.108571 0.066667
3 0.957143 0.808571 0.084286 0.066667
3 0.627857 0.730000 0.080000 0.077143
3 0.601429 0.686667 0.085714 0.068571
3 0.589286 0.585238 0.074286 0.060000
3 0.398929 0.667619 0.043571 0.093333
3 0.408214 0.584762 0.036429 0.070476
3 0.415000 0.499048 0.032857 0.062857
3 0.416429 0.440000 0.030000 0.051429
3 0.421071 0.393810 0.027857 0.044762
3 0.380714 0.370476 0.027143 0.047619
3 0.426786 0.307143 0.045000 0.042857
3 0.576786 0.549524 0.070714 0.043810
3 0.579286 0.512857 0.071429 0.046667
3 0.571071 0.484762 0.066429 0.043810
3 0.576071 0.456667 0.066429 0.044762
3 0.571786 0.423810 0.060714 0.041905
4 0.560357 0.386667 0.065000 0.059048
3 0.555000 0.359048 0.057143 0.032381
3 0.556071 0.330476 0.055000 0.034286
3 0.440714 0.250952 0.032857 0.033333
3 0.442500 0.222857 0.032143 0.034286
3 0.437857 0.190952 0.022857 0.023810
3 0.557143 0.309048 0.051429 0.031429
3 0.553214 0.290000 0.042143 0.027619
3 0.550000 0.271905 0.044286 0.035238
3 0.542500 0.249524 0.043571 0.028571
3 0.537500 0.232381 0.040714 0.024762
3 0.538929 0.216190 0.045000 0.030476
3 0.538571 0.194286 0.042857 0.024762
3 0.536429 0.174286 0.044286 0.028571
3 0.524286 0.143333 0.041429 0.023810
3 0.528571 0.126190 0.042857 0.021905
3 0.512500 0.079048 0.017857 0.022857
3 0.510000 0.064286 0.017143 0.016190
3 0.505357 0.050476 0.019286 0.017143
3 0.498214 0.038095 0.015000 0.015238
3 0.490714 0.025714 0.014286 0.015238
3 0.486429 0.016667 0.015714 0.014286
3 0.525000 0.088095 0.017143 0.023810
3 0.122857 0.396190 0.037143 0.051429
3 0.129643 0.483333 0.070714 0.052381
3 0.093214 0.596667 0.109286 0.071429
3 0.066071 0.659048 0.099286 0.066667
3 0.050000 0.705714 0.094286 0.060952
3 0.097857 0.760476 0.094286 0.056190
