3 0.225000 0.979048 0.060000 0.041905
9 0.266071 0.906190 0.023571 0.054286
9 0.271786 0.842857 0.022143 0.049524
0 0.260357 0.851905 0.015000 0.016190
9 0.240000 0.876190 0.027143 0.043810
3 0.409643 0.820952 0.035000 0.106667
3 0.163929 0.916667 0.080714 0.119048
7 0.286071 0.710000 0.046429 0.075238
9 0.336786 0.661429 0.012143 0.046667
9 0.430000 0.701905 0.034286 0.030476
1 0.431786 0.700000 0.016429 0.020952
1 0.336429 0.657143 0.015714 0.020952
9 0.236786 0.704286 0.035000 0.029524
9 0.201071 0.696190 0.026429 0.036190
9 0.220000 0.690952 0.027143 0.040952
1 0.198929 0.692381 0.015000 0.017143
1 0.231071 0.703810 0.015000 0.017143
3 0.255000 0.657143 0.062857 0.080000
3 0.205000 0.590952 0.058571 0.075238
3 0.156429 0.524286 0.054286 0.071429
5 0.106071 0.459048 0.063571 0.072381
3 0.031786 0.360476 0.050714 0.060000
3 0.012500 0.318571 0.025000 0.052381
2 0.010000 0.286667 0.020000 0.026667
1 0.004643 0.278095 0.009286 0.019048
3 0.102857 0.347619 0.055714 0.068571
3 0.175357 0.340000 0.055000 0.060952
9 0.188571 0.397619 0.022857 0.037143
9 0.251786 0.276667 0.020714 0.021905
1 0.186071 0.391905 0.015000 0.020000
1 0.250000 0.272381 0.011429 0.017143
3 0.193571 0.246667 0.048571 0.049524
3 0.233929 0.223333 0.046429 0.048571
0 0.258929 0.221429 0.015000 0.029524
5 0.266429 0.187619 0.048571 0.051429
5 0.386786 0.293333 0.076429 0.080000
0 0.133214 0.196667 0.017857 0.027619
0 0.146786 0.188095 0.016429 0.025714
9 0.070000 0.085714 0.015714 0.024762
9 0.107500 0.086667 0.025000 0.020952
9 0.039286 0.037143 0.017143 0.020952
1 0.037857 0.030476 0.011429 0.019048
1 0.067143 0.080476 0.011429 0.018095
1 0.105000 0.084762 0.014286 0.020952
3 0.087143 0.022381 0.037143 0.035238
3 0.117857 0.051429 0.037143 0.036190
9 0.141071 0.069524 0.022143 0.020952
9 0.170357 0.101429 0.017857 0.023810
5 0.194286 0.121429 0.042857 0.044762
3 0.231071 0.152857 0.043571 0.042857
9 0.391071 0.518571 0.027857 0.031429
1 0.387857 0.513333 0.015714 0.022857
2 0.391786 0.491429 0.025000 0.026667
1 0.390714 0.488095 0.014286 0.020000
3 0.402857 0.467143 0.067143 0.069524
3 0.460000 0.430476 0.061429 0.055238
3 0.469643 0.372857 0.052143 0.054286
3 0.546786 0.687619 0.076429 0.053333
9 0.622500 0.905714 0.033571 0.036190
1 0.622857 0.905238 0.017143 0.021905
3 0.712143 0.829524 0.061429 0.108571
3 0.771071 0.649524 0.056429 0.085714
3 0.596071 0.488571 0.069286 0.045714
3 0.641071 0.380952 0.050714 0.062857
3 0.686071 0.323333 0.046429 0.058095
3 0.739643 0.337619 0.047857 0.067619
9 0.717500 0.393333 0.030714 0.024762
1 0.718571 0.392857 0.015714 0.021905
0 0.755000 0.440952 0.012857 0.020952
0 0.714286 0.404286 0.010000 0.021905
3 0.858929 0.500952 0.050714 0.078095
9 0.932500 0.371429 0.020714 0.036190
1 0.934643 0.366190 0.015000 0.021905
9 0.935000 0.510000 0.021429 0.033333
9 0.956071 0.539524 0.013571 0.033333
1 0.935000 0.507619 0.021429 0.022857
1 0.961429 0.535238 0.015714 0.020952
0 0.931786 0.758571 0.020714 0.016190
4 0.842500 0.087619 0.027857 0.041905
3 0.795357 0.160000 0.046429 0.059048
4 0.871786 0.044762 0.035000 0.055238
3 0.902143 0.014762 0.032857 0.029524
