9 0.378392 0.389610 0.009395 0.044527
9 0.201983 0.379870 0.011482 0.045455
3 0.319415 0.410946 0.030271 0.115028
4 0.409186 0.407236 0.027140 0.126160
3 0.446503 0.414193 0.029749 0.101113
3 0.490605 0.413729 0.028184 0.118738
9 0.552975 0.388683 0.007829 0.046382
3 0.635699 0.384045 0.045929 0.124304
9 0.693894 0.312616 0.016180 0.044527
1 0.694415 0.311224 0.013048 0.023191
1 0.719468 0.434137 0.014092 0.016698
3 0.761482 0.410946 0.068894 0.079777
3 0.825418 0.481447 0.071503 0.081633
3 0.986430 0.618738 0.026096 0.103896
3 0.482516 0.691558 0.063152 0.088126
3 0.444676 0.829314 0.073069 0.076067
