5 0.140397 0.577458 0.076200 0.110390
5 0.294624 0.284787 0.046451 0.074212
5 0.521399 0.618275 0.040710 0.115955
5 0.658925 0.519481 0.026618 0.076067
5 0.648747 0.658163 0.099165 0.333024
9 0.562109 0.714286 0.014614 0.063080
9 0.641441 0.457792 0.008351 0.026902
3 0.599426 0.263451 0.014092 0.025974
7 0.571503 0.174861 0.007307 0.021336
7 0.567589 0.164193 0.005741 0.018553
6 0.594729 0.115492 0.005741 0.013915
0 0.779489 0.513451 0.006785 0.038033
6 0.780532 0.558442 0.049582 0.044527
9 0.706681 0.513915 0.009395 0.033395
2 0.612996 0.217996 0.003653 0.016698
9 0.606472 0.218460 0.003132 0.015770
6 0.605689 0.132189 0.005741 0.015770
6 0.612213 0.154453 0.007307 0.013915
9 0.607777 0.185065 0.003653 0.012059
9 0.598904 0.152134 0.002610 0.009276
1 0.608299 0.181354 0.003653 0.013915
1 0.606733 0.214286 0.002610 0.016698
1 0.613257 0.212894 0.003132 0.019481
1 0.599165 0.149351 0.003132 0.012987
1 0.641962 0.453154 0.006263 0.026902
4 0.394572 0.311224 0.024008 0.045455
