0 0.010357 0.541244 0.019286 0.024112
0 0.005000 0.564721 0.010000 0.025381
0 0.072500 0.578046 0.013571 0.026650
0 0.073571 0.561548 0.012857 0.021574
0 0.130357 0.519036 0.012143 0.022843
0 0.180714 0.485406 0.011429 0.024112
0 0.224286 0.483503 0.011429 0.022843
0 0.253571 0.506980 0.010000 0.024112
0 0.279286 0.504442 0.008571 0.024112
0 0.280357 0.487310 0.007857 0.020305
1 0.289286 0.492386 0.010000 0.012690
0 0.312500 0.467640 0.009286 0.029188
0 0.342500 0.526015 0.006429 0.019036
1 0.351071 0.531091 0.010714 0.019036
0 0.348571 0.515863 0.007143 0.034264
0 0.357857 0.550761 0.008571 0.025381
0 0.366429 0.476523 0.007143 0.029188
0 0.370000 0.503173 0.004286 0.024112
0 0.372143 0.491117 0.005714 0.022843
0 0.381429 0.479695 0.007143 0.022843
0 0.377143 0.460025 0.004286 0.026650
0 0.361071 0.446701 0.007857 0.030457
0 0.366429 0.434010 0.007143 0.027919
0 0.375357 0.395939 0.006429 0.025381
8 0.615000 0.046954 0.028571 0.093909
4 0.564286 0.173223 0.025714 0.077411
4 0.600000 0.172589 0.021429 0.073604
4 0.546786 0.295051 0.029286 0.097716
4 0.577857 0.409264 0.028571 0.100254
3 0.587143 0.279822 0.025714 0.082487
3 0.538571 0.408629 0.027143 0.086294
0 0.974643 0.860406 0.022143 0.022843
0 0.980000 0.878173 0.018571 0.022843
0 0.970357 0.887056 0.020714 0.015228
0 0.964286 0.898477 0.017143 0.012690
0 0.880000 0.870558 0.012857 0.015228
0 0.861071 0.845812 0.016429 0.016497
0 0.860000 0.830584 0.011429 0.019036
0 0.874286 0.840736 0.012857 0.019036
0 0.874286 0.854695 0.011429 0.013959
0 0.828571 0.817259 0.012857 0.017766
0 0.802500 0.803299 0.016429 0.020305
0 0.797500 0.811548 0.016429 0.021574
0 0.778929 0.826142 0.013571 0.020305
0 0.779286 0.817259 0.012857 0.017766
0 0.748929 0.755076 0.009286 0.022843
0 0.728929 0.807107 0.013571 0.020305
0 0.716071 0.800127 0.009286 0.019036
0 0.710357 0.782995 0.007857 0.015228
0 0.718214 0.784898 0.010714 0.024112
0 0.693571 0.769036 0.012857 0.022843
0 0.700357 0.769036 0.009286 0.022843
0 0.676429 0.752538 0.010000 0.020305
1 0.660357 0.705584 0.006429 0.015228
0 0.684643 0.679569 0.012143 0.024112
0 0.688929 0.675127 0.009286 0.022843
0 0.645000 0.669416 0.011429 0.024112
0 0.647143 0.663071 0.007143 0.029188
0 0.630357 0.627538 0.007857 0.021574
0 0.656786 0.635787 0.009286 0.025381
0 0.637857 0.587563 0.005714 0.025381
0 0.643929 0.642766 0.006429 0.024112
0 0.642143 0.610406 0.007143 0.022843
0 0.646071 0.569797 0.007857 0.022843
0 0.643929 0.551396 0.009286 0.021574
1 0.660357 0.514594 0.009286 0.026650
0 0.645000 0.498731 0.007143 0.025381
1 0.679643 0.480964 0.007857 0.022843
0 0.696071 0.472081 0.006429 0.025381
0 0.702500 0.530457 0.007857 0.027919
0 0.708571 0.531726 0.008571 0.027919
0 0.727143 0.530457 0.010000 0.022843
0 0.712857 0.503173 0.011429 0.024112
9 0.665714 0.045051 0.007143 0.039340
1 0.663571 0.044416 0.010000 0.027919
0 0.672500 0.041878 0.003571 0.022843
0 0.676071 0.010787 0.005000 0.021574
0 0.745000 0.015863 0.010000 0.021574
0 0.748571 0.065355 0.010000 0.024112
0 0.765357 0.067259 0.006429 0.025381
0 0.736786 0.088198 0.009286 0.024112
0 0.752500 0.090736 0.009286 0.026650
0 0.746429 0.088832 0.008571 0.025381
0 0.746429 0.098350 0.008571 0.029188
0 0.741071 0.104695 0.007857 0.026650
0 0.753929 0.107868 0.007857 0.025381
0 0.747143 0.110406 0.008571 0.025381
0 0.740000 0.128807 0.007143 0.029188
0 0.744286 0.143401 0.007143 0.027919
0 0.755000 0.127538 0.004286 0.016497
0 0.748214 0.135152 0.007857 0.024112
0 0.758571 0.157995 0.007143 0.029188
0 0.751071 0.156726 0.006429 0.029188
0 0.748571 0.168147 0.007143 0.026650
0 0.730714 0.201777 0.007143 0.027919
0 0.737500 0.213198 0.006429 0.025381
0 0.739286 0.210025 0.005714 0.024112
0 0.743214 0.213832 0.007857 0.031726
0 0.750357 0.204315 0.006429 0.027919
0 0.756071 0.201777 0.007857 0.025381
0 0.756786 0.221447 0.009286 0.026650
0 0.741786 0.237944 0.007857 0.024112
0 0.747143 0.236675 0.008571 0.021574
0 0.732500 0.244289 0.007857 0.024112
1 0.733571 0.240482 0.005714 0.016497
0 0.721786 0.259518 0.005000 0.021574
0 0.726071 0.260152 0.006429 0.027919
0 0.725714 0.272843 0.008571 0.022843
0 0.731429 0.272208 0.007143 0.024112
0 0.746786 0.267766 0.007857 0.022843
0 0.758214 0.267766 0.007857 0.022843
0 0.764286 0.269036 0.008571 0.027919
0 0.718571 0.465736 0.011429 0.025381
1 0.717500 0.456853 0.006429 0.020305
0 0.742857 0.470178 0.008571 0.021574
0 0.737857 0.457487 0.011429 0.021574
0 0.721786 0.442893 0.007857 0.027919
0 0.715357 0.425127 0.006429 0.022843
0 0.723929 0.411802 0.009286 0.029188
0 0.759643 0.399112 0.010714 0.026650
0 0.684286 0.333122 0.005714 0.026650
0 0.730714 0.365482 0.008571 0.025381
0 0.730357 0.342005 0.007857 0.024112
0 0.739286 0.351523 0.008571 0.027919
0 0.742500 0.355964 0.007857 0.026650
0 0.760357 0.353426 0.009286 0.026650
0 0.758214 0.335025 0.007857 0.027919
0 0.750000 0.332487 0.008571 0.025381
0 0.723214 0.303299 0.007857 0.025381
0 0.739286 0.305203 0.007143 0.024112
0 0.746429 0.306472 0.008571 0.026650
