3 0.946786 0.834286 0.105000 0.171429
3 0.886429 0.575238 0.057143 0.081905
3 0.820357 0.421905 0.063571 0.051429
3 0.715714 0.411429 0.051429 0.060952
3 0.750357 0.404286 0.047857 0.048571
0 0.603214 0.638571 0.020714 0.067619
0 0.568214 0.661429 0.025000 0.067619
0 0.524643 0.678571 0.022143 0.073333
0 0.479286 0.578571 0.028571 0.054286
0 0.548929 0.662857 0.020714 0.070476
0 0.545714 0.608095 0.020000 0.061905
0 0.528929 0.420476 0.012143 0.042857
0 0.578214 0.422381 0.015000 0.039048
0 0.473571 0.457143 0.021429 0.051429
3 0.506429 0.472857 0.067143 0.077143
3 0.055357 0.434762 0.093571 0.084762
1 0.013214 0.480476 0.022143 0.042857
3 0.036786 0.534762 0.073571 0.088571
3 0.162143 0.537619 0.125714 0.071429
3 0.186071 0.501905 0.113571 0.053333
3 0.184286 0.444762 0.075714 0.076190
0 0.151429 0.478095 0.022857 0.059048
0 0.173571 0.468571 0.012857 0.036190
0 0.366071 0.539048 0.019286 0.047619
0 0.373929 0.536667 0.022143 0.054286
2 0.382857 0.579048 0.047143 0.038095
0 0.673929 0.769524 0.022143 0.083810
1 0.696786 0.766667 0.025000 0.066667
2 0.696429 0.789048 0.025714 0.071429
2 0.743214 0.592857 0.025000 0.046667
1 0.745714 0.576190 0.020000 0.049524
0 0.904643 0.476667 0.015000 0.042857
0 0.916429 0.482381 0.012857 0.035238
0 0.895000 0.428095 0.012857 0.040952
0 0.881071 0.408095 0.010714 0.029524
0 0.887857 0.409524 0.010000 0.032381
0 0.919643 0.382381 0.012143 0.035238
0 0.825000 0.323810 0.011429 0.026667
3 0.598571 0.414286 0.071429 0.053333
3 0.594643 0.390952 0.070714 0.046667
3 0.586429 0.369048 0.067143 0.048571
3 0.578571 0.350476 0.058571 0.045714
3 0.544643 0.312857 0.047857 0.031429
3 0.581786 0.296190 0.023571 0.026667
3 0.572143 0.281905 0.024286 0.024762
3 0.539643 0.285238 0.046429 0.029524
3 0.540357 0.279048 0.039286 0.030476
3 0.528571 0.272857 0.032857 0.023810
3 0.530357 0.267619 0.029286 0.020952
3 0.516786 0.262381 0.029286 0.025714
3 0.559643 0.266667 0.017857 0.020952
3 0.551071 0.253333 0.013571 0.020952
3 0.584643 0.263810 0.020714 0.024762
3 0.568214 0.250952 0.020714 0.020000
3 0.575714 0.240952 0.014286 0.020952
3 0.592500 0.254762 0.022143 0.020000
3 0.607500 0.265714 0.022143 0.020952
3 0.627857 0.283810 0.024286 0.024762
3 0.605714 0.282857 0.024286 0.024762
3 0.624286 0.300000 0.018571 0.028571
3 0.648214 0.302381 0.026429 0.025714
3 0.637143 0.320476 0.030000 0.029524
3 0.660714 0.314286 0.031429 0.034286
3 0.641429 0.344762 0.048571 0.034286
3 0.679643 0.330000 0.036429 0.037143
3 0.680714 0.368095 0.041429 0.052381
3 0.763571 0.379524 0.051429 0.037143
3 0.822857 0.394286 0.052857 0.040000
3 0.796071 0.365238 0.050714 0.033333
3 0.770714 0.343810 0.035714 0.030476
4 0.709643 0.361429 0.040714 0.046667
8 0.717500 0.320952 0.089286 0.087619
3 0.937500 0.425238 0.080714 0.040952
0 0.980000 0.405714 0.012857 0.034286
0 0.945000 0.385238 0.011429 0.031429
4 0.863929 0.370476 0.060714 0.043810
3 0.828929 0.355714 0.062143 0.027619
3 0.809286 0.340952 0.047143 0.022857
3 0.793571 0.331905 0.051429 0.023810
5 0.761071 0.305238 0.042143 0.027619
3 0.747857 0.298571 0.042857 0.021905
3 0.728214 0.290000 0.039286 0.023810
3 0.720357 0.283333 0.042143 0.021905
3 0.681071 0.279048 0.027857 0.020952
3 0.706071 0.275714 0.040714 0.018095
3 0.663571 0.266667 0.024286 0.019048
3 0.686071 0.263810 0.035000 0.019048
3 0.646071 0.258095 0.026429 0.019048
3 0.667143 0.253333 0.032857 0.019048
3 0.655000 0.247143 0.024286 0.014286
3 0.628929 0.247619 0.025000 0.020952
3 0.611071 0.241429 0.023571 0.016190
4 0.632857 0.237143 0.034286 0.019048
4 0.597143 0.231905 0.021429 0.021905
3 0.580000 0.222857 0.018571 0.019048
