3 0.916786 0.562857 0.035000 0.036190
4 0.928214 0.695238 0.056429 0.026667
4 0.589286 0.627143 0.032857 0.027619
3 0.746071 0.698095 0.050714 0.024762
3 0.681786 0.702381 0.045000 0.027619
3 0.617143 0.698095 0.045714 0.022857
3 0.180714 0.697619 0.044286 0.027619
3 0.121071 0.696190 0.047857 0.024762
3 0.057143 0.697619 0.047143 0.025714
4 0.297143 0.627619 0.032857 0.036190
3 0.352143 0.632857 0.038571 0.025714
3 0.014643 0.561429 0.029286 0.021905
3 0.011786 0.689048 0.023571 0.023810
5 0.166786 0.586190 0.043571 0.021905
5 0.255714 0.683810 0.090000 0.053333
5 0.501071 0.690000 0.060714 0.044762
5 0.839643 0.680476 0.103571 0.054286
1 0.630714 0.667619 0.007143 0.013333
1 0.584286 0.600476 0.004286 0.014286
1 0.315357 0.678571 0.007857 0.018095
9 0.189643 0.642381 0.009286 0.018095
9 0.251071 0.619048 0.005000 0.017143
9 0.243929 0.616667 0.006429 0.020000
9 0.316429 0.678571 0.018571 0.014286
9 0.218929 0.598095 0.015000 0.013333
9 0.408929 0.580476 0.015000 0.012381
0 0.522857 0.601905 0.005714 0.015238
6 0.436071 0.691429 0.036429 0.024762
6 0.638571 0.669048 0.035714 0.021905
2 0.582500 0.601905 0.013571 0.011429
9 0.637143 0.588095 0.010000 0.014286
3 0.574643 0.676190 0.042143 0.026667
6 0.722143 0.640476 0.028571 0.020000
6 0.759643 0.648095 0.035000 0.014286
6 0.755714 0.635238 0.034286 0.017143
6 0.742857 0.592381 0.014286 0.034286
6 0.755714 0.591905 0.012857 0.033333
6 0.731786 0.592381 0.013571 0.034286
6 0.713571 0.599048 0.028571 0.017143
8 0.358571 0.688095 0.065714 0.037143
3 0.463214 0.458095 0.012143 0.030476
3 0.487143 0.517619 0.015714 0.031429
3 0.484643 0.548095 0.012143 0.027619
0 0.852857 0.607143 0.008571 0.018095
0 0.720714 0.614762 0.005714 0.012381
9 0.828571 0.594762 0.005714 0.018095
0 0.282857 0.599048 0.007143 0.013333
2 0.281786 0.598571 0.010714 0.010476
