7 0.846786 0.775238 0.040714 0.049524
1 0.844643 0.755714 0.022143 0.035238
4 0.926429 0.957619 0.092857 0.084762
0 0.637500 0.590952 0.010714 0.039048
2 0.572143 0.573333 0.017143 0.026667
1 0.573571 0.560000 0.011429 0.028571
0 0.081786 0.352857 0.012143 0.027619
0 0.044286 0.353333 0.015714 0.026667
0 0.065714 0.361429 0.011429 0.025714
1 0.036071 0.424762 0.012143 0.022857
2 0.188571 0.362381 0.015714 0.018095
2 0.238929 0.374286 0.015000 0.017143
9 0.215714 0.370952 0.014286 0.020000
1 0.477143 0.468571 0.014286 0.024762
2 0.423571 0.551429 0.022857 0.020952
1 0.423214 0.537619 0.015000 0.027619
1 0.586071 0.429048 0.009286 0.020000
2 0.623214 0.478095 0.013571 0.019048
9 0.711786 0.507619 0.017857 0.022857
9 0.724643 0.446190 0.013571 0.021905
2 0.667500 0.424286 0.015000 0.020000
1 0.668571 0.416667 0.010000 0.023810
1 0.724286 0.437619 0.008571 0.027619
1 0.713214 0.499524 0.010714 0.027619
1 0.625000 0.466667 0.010000 0.030476
1 0.718929 0.498095 0.009286 0.028571
1 0.592500 0.376190 0.007857 0.017143
0 0.633214 0.371429 0.006429 0.024762
0 0.641786 0.368571 0.006429 0.024762
0 0.672857 0.340476 0.007143 0.021905
0 0.728929 0.364762 0.007857 0.028571
0 0.733571 0.347143 0.007143 0.021905
9 0.629286 0.341905 0.017143 0.019048
2 0.644643 0.343333 0.015000 0.012381
4 0.708571 0.346667 0.041429 0.047619
5 0.769286 0.336667 0.045714 0.069524
3 0.818929 0.308095 0.023571 0.029524
3 0.736429 0.316190 0.030000 0.036190
3 0.758929 0.304762 0.023571 0.028571
3 0.756071 0.284762 0.036429 0.022857
4 0.722857 0.285238 0.032857 0.044762
3 0.797857 0.277619 0.027143 0.029524
3 0.785714 0.261905 0.018571 0.022857
3 0.796071 0.248095 0.017857 0.021905
3 0.693571 0.260000 0.021429 0.017143
3 0.910357 0.275238 0.046429 0.022857
0 0.955714 0.259524 0.007143 0.018095
0 0.942857 0.305714 0.010000 0.020952
0 0.898929 0.290476 0.009286 0.019048
3 0.912500 0.251429 0.040714 0.020952
3 0.914286 0.248095 0.038571 0.018095
3 0.920357 0.242381 0.037857 0.016190
3 0.920357 0.237143 0.033571 0.015238
3 0.923214 0.231905 0.032143 0.016190
3 0.923214 0.224762 0.036429 0.013333
3 0.923571 0.217143 0.037143 0.011429
3 0.924643 0.207619 0.032143 0.011429
3 0.920714 0.204762 0.035714 0.015238
3 0.821429 0.182857 0.027143 0.013333
3 0.828214 0.179048 0.025000 0.013333
3 0.831071 0.170000 0.023571 0.010476
3 0.836429 0.167619 0.022857 0.013333
0 0.901071 0.189048 0.006429 0.014286
0 0.901429 0.200952 0.002857 0.011429
1 0.883571 0.216667 0.005714 0.010476
2 0.882857 0.221905 0.005714 0.011429
3 0.876786 0.153810 0.009286 0.010476
3 0.884286 0.148571 0.008571 0.013333
3 0.887500 0.141429 0.006429 0.008571
0 0.879286 0.137619 0.002857 0.008571
0 0.886071 0.132857 0.002143 0.008571
3 0.891071 0.120000 0.007857 0.011429
4 0.920714 0.103810 0.005714 0.009524
5 0.929643 0.104762 0.007857 0.013333
