9 0.471786 0.955238 0.037857 0.047619
1 0.468929 0.955714 0.020714 0.031429
9 0.566786 0.725238 0.015000 0.054286
1 0.565714 0.723810 0.012857 0.030476
9 0.826071 0.964762 0.026429 0.051429
0 0.781429 0.920476 0.015714 0.018095
9 0.791071 0.840000 0.032143 0.026667
7 0.493571 0.807143 0.031429 0.094286
3 0.165000 0.983810 0.092857 0.032381
7 0.301071 0.926190 0.069286 0.046667
7 0.206786 0.898571 0.043571 0.105714
7 0.056429 0.885714 0.058571 0.108571
7 0.121429 0.915714 0.045714 0.098095
0 0.106786 0.902381 0.015000 0.020000
0 0.131786 0.937619 0.022143 0.018095
0 0.145714 0.886190 0.020000 0.025714
3 0.262500 0.832857 0.066429 0.109524
7 0.320000 0.814286 0.034286 0.089524
7 0.366429 0.822381 0.031429 0.094286
7 0.417500 0.799524 0.036429 0.088571
9 0.355000 0.710952 0.034286 0.021905
9 0.067500 0.771905 0.037857 0.020000
9 0.224643 0.693333 0.032143 0.034286
9 0.316786 0.666190 0.027857 0.025714
9 0.342143 0.653333 0.025714 0.028571
9 0.381071 0.632857 0.020714 0.037143
9 0.397500 0.609048 0.022143 0.040952
3 0.474286 0.613333 0.084286 0.070476
3 0.732857 0.680476 0.037143 0.090476
3 0.646071 0.532381 0.030714 0.085714
9 0.573571 0.479048 0.011429 0.043810
9 0.590357 0.440952 0.010714 0.041905
1 0.591429 0.432381 0.008571 0.019048
1 0.574286 0.468571 0.008571 0.020952
3 0.650714 0.370952 0.030000 0.069524
3 0.699643 0.260952 0.027857 0.057143
9 0.643571 0.280476 0.011429 0.029524
1 0.644286 0.276667 0.008571 0.018095
3 0.540000 0.331429 0.030000 0.064762
3 0.545000 0.254762 0.028571 0.069524
9 0.498929 0.295238 0.016429 0.030476
9 0.507857 0.280476 0.018571 0.023810
9 0.508214 0.265238 0.019286 0.023810
9 0.516071 0.256667 0.020714 0.021905
3 0.606429 0.166190 0.024286 0.060000
3 0.639643 0.172857 0.023571 0.056190
3 0.693571 0.188571 0.027143 0.055238
3 0.691071 0.131905 0.030714 0.058095
5 0.607143 0.035238 0.020000 0.055238
2 0.573929 0.166190 0.005000 0.023810
1 0.575000 0.160000 0.007143 0.017143
3 0.550000 0.115714 0.024286 0.050476
