0 0.234500 0.041333 0.017000 0.025333
0 0.288750 0.012333 0.012500 0.022000
3 0.426500 0.086000 0.041000 0.089333
3 0.430750 0.184333 0.028500 0.083333
4 0.433750 0.270667 0.023500 0.065333
4 0.436750 0.363667 0.029500 0.079333
3 0.444250 0.475667 0.030500 0.083333
3 0.448000 0.578667 0.026000 0.080000
3 0.454000 0.689667 0.027000 0.082000
3 0.461500 0.788333 0.028000 0.084667
3 0.465000 0.902667 0.029000 0.093333
3 0.467000 0.979333 0.025000 0.038667
3 0.509000 0.030000 0.028000 0.060000
3 0.547250 0.032000 0.027500 0.062667
3 0.532500 0.272000 0.029000 0.086667
3 0.531750 0.488000 0.027500 0.081333
9 0.467000 0.491667 0.009000 0.030000
1 0.466500 0.488333 0.009000 0.014000
3 0.540750 0.595333 0.028500 0.081333
3 0.544000 0.704667 0.027000 0.088000
4 0.551000 0.808333 0.027000 0.080667
4 0.559250 0.895000 0.026500 0.071333
3 0.558750 0.979333 0.026500 0.040000
9 0.518750 0.733000 0.008500 0.034000
1 0.518000 0.733000 0.008000 0.015333
1 0.518750 0.742333 0.006500 0.012667
0 0.663500 0.327333 0.011000 0.010667
1 0.943750 0.113000 0.014500 0.010000
0 0.958000 0.095667 0.019000 0.018000
0 0.987250 0.132000 0.022500 0.016000
0 0.899000 0.240333 0.018000 0.012667
0 0.975000 0.274667 0.014000 0.008000
0 0.977000 0.279667 0.017000 0.012667
0 0.949500 0.317000 0.021000 0.012667
0 0.965500 0.313667 0.019000 0.011333
1 0.987750 0.337667 0.010500 0.008667
1 0.940500 0.307667 0.008000 0.006000
0 0.929250 0.476667 0.017500 0.009333
0 0.940750 0.477333 0.016500 0.012000
4 0.786250 0.407667 0.052500 0.062000
0 0.767500 0.342000 0.013000 0.012000
0 0.782250 0.318667 0.008500 0.008000
3 0.694000 0.745333 0.067000 0.042667
0 0.834250 0.618667 0.019500 0.010667
