3 0.502500 0.161168 0.027857 0.073604
3 0.561786 0.286168 0.053571 0.077411
3 0.640000 0.443528 0.067143 0.059645
3 0.910000 0.593909 0.077143 0.060914
3 0.550000 0.096447 0.051429 0.053299
3 0.710000 0.087563 0.052857 0.055838
3 0.290000 0.516497 0.050000 0.114213
3 0.292857 0.727157 0.040000 0.129442
3 0.396429 0.944162 0.037143 0.109137
3 0.433929 0.942259 0.042143 0.112944
3 0.476071 0.956218 0.035000 0.085025
3 0.653214 0.969543 0.050714 0.058376
3 0.620357 0.936548 0.063571 0.116751
3 0.598929 0.884518 0.072143 0.109137
3 0.566786 0.835660 0.073571 0.125635
3 0.507500 0.738579 0.062143 0.101523
3 0.482857 0.696066 0.064286 0.107868
3 0.463214 0.647843 0.066429 0.115482
3 0.437143 0.609772 0.064286 0.100254
3 0.417857 0.575508 0.051429 0.092640
3 0.397143 0.544416 0.057143 0.093909
3 0.378571 0.512056 0.052857 0.079949
3 0.366429 0.469543 0.051429 0.088832
3 0.345714 0.444797 0.048571 0.085025
3 0.333571 0.411168 0.047143 0.086294
3 0.341429 0.557107 0.050000 0.104061
3 0.303929 0.462563 0.047857 0.105330
3 0.290357 0.374365 0.036429 0.088832
3 0.237143 0.533629 0.035714 0.123096
3 0.206786 0.531091 0.033571 0.130711
3 0.165714 0.859137 0.040000 0.147208
3 0.185714 0.722081 0.035714 0.126904
3 0.221071 0.724619 0.036429 0.121827
3 0.205000 0.851523 0.047143 0.131980
3 0.243214 0.848350 0.039286 0.130711
3 0.253571 0.724619 0.034286 0.104061
3 0.282143 0.848985 0.035714 0.126904
3 0.249643 0.413706 0.036429 0.119289
3 0.218214 0.421954 0.030714 0.095178
5 0.248929 0.314086 0.036429 0.110406
3 0.513929 0.278553 0.049286 0.082487
3 0.559643 0.345178 0.047857 0.076142
3 0.971786 0.184010 0.056429 0.091371
3 0.761071 0.140863 0.049286 0.060914
3 0.828929 0.208756 0.052143 0.074873
3 0.902143 0.294416 0.051429 0.065990
5 0.979643 0.369289 0.040714 0.068528
3 0.290000 0.295685 0.044286 0.060914
3 0.315714 0.351523 0.047143 0.073604
