0 0.330357 0.012381 0.003571 0.015238
0 0.341786 0.074286 0.005000 0.017143
0 0.324286 0.004762 0.002857 0.009524
0 0.312857 0.415238 0.004286 0.020952
0 0.317143 0.410952 0.004286 0.021905
4 0.290000 0.464286 0.024286 0.061905
3 0.326071 0.490000 0.032143 0.061905
3 0.309643 0.643333 0.029286 0.079048
3 0.311429 0.741429 0.032857 0.086667
0 0.337857 0.788095 0.005714 0.021905
0 0.343571 0.790000 0.002857 0.021905
0 0.350000 0.771905 0.002857 0.018095
0 0.355000 0.780000 0.002857 0.022857
0 0.364286 0.779048 0.007143 0.026667
0 0.360000 0.840476 0.004286 0.027619
0 0.354643 0.830952 0.005000 0.020000
0 0.422143 0.776667 0.007143 0.031429
0 0.412143 0.784762 0.007143 0.030476
4 0.519643 0.970476 0.106429 0.057143
3 0.513214 0.920476 0.085000 0.075238
3 0.505714 0.851905 0.081429 0.056190
3 0.490714 0.799048 0.074286 0.057143
3 0.482857 0.741429 0.071429 0.061905
3 0.472500 0.696190 0.070714 0.059048
3 0.462143 0.661905 0.064286 0.053333
3 0.454643 0.629524 0.062143 0.045714
3 0.456071 0.593333 0.069286 0.049524
3 0.440357 0.555714 0.057857 0.039048
4 0.432500 0.525238 0.053571 0.046667
0 0.409286 0.622857 0.004286 0.022857
0 0.413571 0.625714 0.004286 0.022857
0 0.400357 0.627143 0.007857 0.031429
3 0.556786 0.552381 0.033571 0.068571
3 0.637857 0.493810 0.035714 0.056190
3 0.565000 0.470000 0.038571 0.061905
4 0.531786 0.406667 0.045000 0.051429
3 0.426071 0.463810 0.055000 0.040000
3 0.587143 0.383333 0.030000 0.046667
3 0.619643 0.354286 0.029286 0.043810
3 0.646071 0.410952 0.030714 0.048571
3 0.413929 0.439524 0.046429 0.035238
3 0.422500 0.384286 0.046429 0.033333
4 0.411429 0.413810 0.050000 0.042857
3 0.411071 0.348571 0.037857 0.028571
3 0.547857 0.300476 0.024286 0.037143
3 0.597143 0.307143 0.027143 0.042857
3 0.575357 0.254286 0.020714 0.030476
3 0.530357 0.242381 0.032143 0.035238
3 0.543929 0.183333 0.020714 0.029524
3 0.412143 0.329048 0.048571 0.025714
3 0.408929 0.307619 0.042143 0.022857
3 0.406071 0.291905 0.043571 0.018095
3 0.397500 0.272857 0.040714 0.027619
3 0.401786 0.256667 0.039286 0.023810
3 0.388571 0.243333 0.040000 0.025714
3 0.381786 0.227143 0.032143 0.023810
3 0.385357 0.204762 0.037857 0.024762
3 0.487500 0.160476 0.016429 0.027619
3 0.528929 0.152381 0.019286 0.024762
3 0.452857 0.108095 0.015714 0.027619
3 0.472500 0.108571 0.016429 0.020952
3 0.518214 0.126190 0.019286 0.027619
3 0.499286 0.084762 0.015714 0.020952
3 0.464286 0.040000 0.015714 0.020952
3 0.445000 0.041429 0.014286 0.018095
3 0.420000 0.022381 0.012857 0.021905
3 0.440357 0.011905 0.010714 0.016190
5 0.475000 0.026190 0.012857 0.021905
3 0.379643 0.190952 0.032143 0.016190
4 0.385714 0.176667 0.027143 0.020000
4 0.380357 0.161429 0.032143 0.021905
3 0.374643 0.144286 0.027857 0.014286
3 0.375357 0.130000 0.030714 0.018095
3 0.371071 0.119524 0.027857 0.016190
3 0.365714 0.108095 0.034286 0.016190
3 0.361786 0.092857 0.030714 0.020000
3 0.364286 0.080000 0.027143 0.015238
3 0.360000 0.069048 0.028571 0.018095
3 0.365000 0.060476 0.030000 0.018095
3 0.359286 0.052381 0.027143 0.015238
3 0.360357 0.042381 0.026429 0.012381
3 0.361429 0.034286 0.025714 0.015238
3 0.359643 0.025238 0.023571 0.014286
3 0.354286 0.017143 0.025714 0.015238
3 0.345357 0.010000 0.022143 0.014286
3 0.466786 0.017619 0.013571 0.020000
3 0.492500 0.067619 0.020714 0.020952
3 0.509643 0.105714 0.016429 0.022857
3 0.544643 0.224286 0.025000 0.031429
3 0.559643 0.213810 0.022143 0.031429
0 0.347857 0.071905 0.002857 0.010476
0 0.517143 0.027619 0.004286 0.013333
0 0.497857 0.043333 0.002857 0.012381
0 0.589286 0.069524 0.002857 0.011429
0 0.576429 0.117143 0.004286 0.013333
0 0.570714 0.119048 0.002857 0.011429
9 0.400000 0.125238 0.011429 0.010476
0 0.410357 0.170476 0.003571 0.015238
0 0.487857 0.222857 0.007143 0.019048
3 0.462143 0.239524 0.020000 0.033333
3 0.483929 0.330000 0.029286 0.040952
0 0.503571 0.130476 0.004286 0.019048
0 0.508929 0.130952 0.003571 0.014286
3 0.542143 0.024286 0.014286 0.016190
3 0.561071 0.022381 0.015000 0.018095
3 0.543214 0.046190 0.029286 0.016190
3 0.595714 0.018095 0.014286 0.015238
3 0.612143 0.016667 0.012857 0.014286
3 0.620714 0.061905 0.017143 0.022857
3 0.577143 0.003810 0.015714 0.007619
9 0.610000 0.150000 0.011429 0.012381
9 0.585357 0.103810 0.013571 0.011429
9 0.573571 0.090952 0.010000 0.008571
9 0.568214 0.078095 0.010714 0.009524
9 0.510714 0.341429 0.011429 0.033333
1 0.509286 0.333333 0.007143 0.017143
0 0.681429 0.229048 0.002857 0.016190
0 0.687857 0.260476 0.002857 0.016190
0 0.659286 0.256667 0.004286 0.016190
3 0.658214 0.215238 0.047857 0.057143
0 0.670714 0.153333 0.002857 0.013333
9 0.698571 0.949524 0.012857 0.036190
1 0.697500 0.940952 0.006429 0.013333
3 0.692143 0.817619 0.054286 0.105714
3 0.724286 0.717619 0.050000 0.082857
3 0.760000 0.662381 0.045714 0.080952
3 0.728214 0.589048 0.045000 0.065714
3 0.691429 0.514762 0.040000 0.061905
3 0.666429 0.456190 0.035714 0.051429
3 0.726429 0.340952 0.032857 0.036190
4 0.703214 0.297143 0.026429 0.045714
0 0.730357 0.286667 0.005000 0.017143
0 0.703214 0.224286 0.005000 0.014286
0 0.697143 0.262381 0.004286 0.014286
0 0.696429 0.215714 0.005714 0.018095
0 0.758571 0.279524 0.002857 0.016190
0 0.751429 0.276190 0.002857 0.009524
9 0.817143 0.300476 0.007143 0.018095
9 0.825714 0.302381 0.007143 0.018095
9 0.837500 0.297143 0.009286 0.019048
9 0.850357 0.295714 0.005000 0.018095
0 0.750714 0.301429 0.007143 0.020000
3 0.807857 0.767619 0.054286 0.093333
3 0.881071 0.920476 0.073571 0.117143
9 0.832143 0.910476 0.011429 0.038095
9 0.814286 0.890000 0.010000 0.027619
1 0.814643 0.884286 0.006429 0.012381
1 0.832500 0.898571 0.006429 0.016190
