0 0.786071 0.044286 0.003571 0.008571
0 0.790357 0.044286 0.003571 0.006667
0 0.185714 0.260952 0.004286 0.005714
0 0.187143 0.265714 0.004286 0.005714
0 0.111429 0.600952 0.008571 0.005714
0 0.107500 0.608571 0.007857 0.005714
3 0.028571 0.419048 0.028571 0.019048
3 0.032857 0.403333 0.024286 0.014286
3 0.053214 0.356190 0.022143 0.013333
3 0.066786 0.322381 0.023571 0.014286
3 0.011071 0.341429 0.022143 0.016190
3 0.016786 0.323810 0.029286 0.015238
4 0.020714 0.306667 0.031429 0.019048
3 0.026071 0.293333 0.022143 0.015238
3 0.032143 0.278095 0.022857 0.015238
3 0.044286 0.251905 0.024286 0.016190
3 0.100000 0.242857 0.022857 0.015238
3 0.106786 0.224286 0.022143 0.014286
3 0.112143 0.209048 0.021429 0.014286
3 0.114286 0.195238 0.022857 0.013333
3 0.060357 0.209524 0.025000 0.015238
3 0.067857 0.192857 0.022857 0.016190
3 0.091071 0.010476 0.022143 0.013333
3 0.183929 0.012381 0.019286 0.013333
3 0.177143 0.030000 0.020000 0.014286
3 0.171429 0.042857 0.022857 0.013333
3 0.167143 0.055238 0.020000 0.013333
3 0.161071 0.073810 0.022143 0.014286
3 0.156071 0.086190 0.020714 0.014286
3 0.152500 0.100000 0.017857 0.013333
3 0.146071 0.111429 0.022143 0.015238
3 0.117143 0.075714 0.022857 0.016190
3 0.110357 0.087143 0.023571 0.016190
3 0.120714 0.065238 0.021429 0.014286
3 0.129286 0.043810 0.021429 0.015238
3 0.133571 0.031429 0.022857 0.013333
3 0.146071 0.003333 0.019286 0.006667
3 0.185714 0.003810 0.020000 0.007619
