0 0.475731 0.916976 0.008873 0.028757
7 0.488779 0.596939 0.023486 0.041744
7 0.453288 0.626623 0.024530 0.052876
3 0.452505 0.589981 0.044885 0.064935
7 0.491127 0.542672 0.030271 0.048237
3 0.480950 0.520408 0.040188 0.059369
3 0.423017 0.528293 0.040188 0.054731
0 0.598121 0.458256 0.007307 0.027829
9 0.615866 0.388219 0.010438 0.026902
9 0.656837 0.378479 0.017223 0.025974
3 0.578027 0.380334 0.031837 0.048237
3 0.523747 0.396568 0.033925 0.052876
3 0.504436 0.414657 0.037056 0.048237
3 0.485125 0.430891 0.041232 0.049165
3 0.468685 0.470779 0.043841 0.034323
6 0.441806 0.442022 0.018267 0.032468
3 0.411013 0.499072 0.044363 0.051948
3 0.367693 0.454082 0.042276 0.051020
4 0.353079 0.427644 0.037056 0.055659
4 0.338987 0.400742 0.038100 0.050093
3 0.279749 0.537106 0.036534 0.053803
3 0.311587 0.593692 0.037578 0.066790
3 0.161795 0.954545 0.048017 0.089054
3 0.198591 0.924861 0.047495 0.098330
3 0.250261 0.831169 0.060021 0.092764
3 0.312630 0.767161 0.052192 0.089054
3 0.199374 0.248145 0.025052 0.039889
4 0.167797 0.187848 0.017223 0.041744
9 0.804280 0.403525 0.015658 0.016698
1 0.803758 0.400278 0.006263 0.021336
9 0.733820 0.115955 0.011482 0.014842
0 0.721555 0.114100 0.004697 0.014842
9 0.867171 0.125696 0.009916 0.017625
0 0.820981 0.086735 0.005219 0.021336
1 0.804802 0.089054 0.004175 0.011132
9 0.803236 0.096011 0.006263 0.015770
0 0.781837 0.091373 0.006263 0.021336
9 0.786795 0.057050 0.013048 0.017625
0 0.751305 0.082096 0.007829 0.019481
3 0.912578 0.036178 0.018267 0.029685
7 0.929541 0.218924 0.021921 0.038961
0 0.933716 0.166976 0.008351 0.020408
4 0.987735 0.011596 0.017223 0.023191
3 0.831942 0.073748 0.018789 0.028757
4 0.656837 0.090909 0.025574 0.033395
3 0.658925 0.053340 0.029749 0.028757
3 0.629175 0.079314 0.029749 0.032468
3 0.604906 0.078850 0.028184 0.027829
9 0.622912 0.024583 0.008873 0.017625
3 0.537056 0.109926 0.030271 0.039889
3 0.504436 0.090445 0.029749 0.030612
3 0.474948 0.069573 0.028184 0.033395
3 0.513570 0.012523 0.025052 0.025046
