3 0.526071 0.039048 0.050714 0.078095
8 0.646429 0.130476 0.084286 0.260952
3 0.495000 0.399524 0.044286 0.143810
5 0.177143 0.902857 0.048571 0.150476
3 0.851429 0.279048 0.047143 0.144762
3 0.836429 0.477143 0.051429 0.125714
7 0.923571 0.128095 0.084286 0.052381
9 0.218214 0.110952 0.032143 0.058095
9 0.325357 0.044762 0.040714 0.030476
9 0.172857 0.043810 0.051429 0.036190
9 0.171071 0.079048 0.052143 0.030476
9 0.166786 0.187619 0.046429 0.030476
9 0.216071 0.195238 0.043571 0.019048
9 0.219286 0.233333 0.040000 0.026667
9 0.046429 0.053333 0.055714 0.026667
9 0.042857 0.079048 0.041429 0.024762
9 0.042857 0.104762 0.041429 0.024762
9 0.043571 0.166667 0.041429 0.022857
9 0.042857 0.190952 0.041429 0.025714
9 0.101429 0.163810 0.054286 0.026667
9 0.101786 0.201905 0.055000 0.026667
9 0.162143 0.225238 0.052857 0.025714
9 0.158929 0.258095 0.055000 0.024762
9 0.084643 0.251429 0.026429 0.053333
9 0.101071 0.297619 0.050714 0.021905
9 0.098214 0.329048 0.047857 0.021905
9 0.092143 0.357143 0.058571 0.026667
9 0.035000 0.292381 0.042857 0.020952
9 0.033214 0.317143 0.043571 0.017143
9 0.034286 0.338095 0.044286 0.017143
9 0.030714 0.359048 0.045714 0.019048
9 0.158571 0.367619 0.048571 0.022857
9 0.205714 0.372381 0.034286 0.043810
9 0.159643 0.345238 0.046429 0.021905
9 0.161071 0.322857 0.047857 0.024762
9 0.194286 0.567619 0.040000 0.022857
9 0.132857 0.661429 0.054286 0.027619
9 0.132857 0.690000 0.052857 0.021905
9 0.132500 0.712857 0.056429 0.023810
9 0.130000 0.736190 0.055714 0.020952
9 0.177500 0.770476 0.050714 0.034286
9 0.062500 0.711429 0.053571 0.017143
9 0.062857 0.686667 0.051429 0.019048
9 0.060714 0.733333 0.050000 0.019048
9 0.013571 0.688571 0.027143 0.015238
9 0.013214 0.715714 0.026429 0.016190
9 0.012500 0.739048 0.025000 0.013333
9 0.110000 0.891429 0.050000 0.026667
9 0.110357 0.954286 0.046429 0.024762
9 0.110000 0.984286 0.058571 0.023810
0 0.228571 0.871905 0.015714 0.029524
9 0.420357 0.904286 0.017857 0.063810
9 0.406429 0.733333 0.017143 0.055238
9 0.576071 0.779048 0.016429 0.062857
9 0.857143 0.878571 0.035714 0.025714
9 0.856071 0.904762 0.032143 0.019048
9 0.871071 0.705714 0.035000 0.022857
9 0.872500 0.689048 0.037857 0.023810
9 0.875714 0.671905 0.040000 0.020000
9 0.877143 0.643810 0.032857 0.026667
9 0.875714 0.618571 0.037143 0.021905
9 0.886786 0.527143 0.049286 0.031429
1 0.893571 0.523333 0.021429 0.025714
9 0.905000 0.309048 0.048571 0.027619
9 0.917143 0.233810 0.040000 0.031429
9 0.859643 0.175714 0.045000 0.031429
1 0.428929 0.399524 0.012143 0.027619
9 0.430000 0.399524 0.012857 0.060000
1 0.405714 0.734762 0.017143 0.025714
1 0.577500 0.774286 0.015000 0.034286
1 0.418929 0.913810 0.019286 0.023810
