3 0.937500 0.609048 0.093571 0.113333
3 0.838214 0.430952 0.060714 0.069524
3 0.777500 0.456667 0.059286 0.082857
0 0.952143 0.433333 0.021429 0.041905
0 0.764643 0.289524 0.009286 0.022857
9 0.764286 0.296667 0.011429 0.021905
3 0.735714 0.167143 0.038571 0.027619
0 0.651429 0.113333 0.004286 0.015238
3 0.623571 0.231905 0.035714 0.058095
3 0.693929 0.133810 0.037857 0.020000
3 0.688214 0.127619 0.035000 0.019048
3 0.658214 0.111905 0.012143 0.014286
3 0.647500 0.101429 0.012143 0.014286
3 0.640000 0.092381 0.014286 0.013333
3 0.570714 0.040476 0.008571 0.008571
0 0.593929 0.067619 0.003571 0.013333
0 0.589643 0.067143 0.005000 0.012381
0 0.577500 0.057619 0.005000 0.014286
3 0.646429 0.822857 0.092857 0.180952
3 0.613929 0.637143 0.069286 0.125714
3 0.588929 0.523333 0.049286 0.077143
3 0.577143 0.444762 0.048571 0.072381
3 0.391786 0.927619 0.169286 0.116190
3 0.387857 0.820000 0.155714 0.093333
9 0.313571 0.728571 0.021429 0.066667
3 0.397857 0.740476 0.141429 0.079048
3 0.401429 0.675714 0.115714 0.080952
3 0.415000 0.616667 0.117143 0.069524
3 0.422857 0.570952 0.112857 0.056190
3 0.417857 0.526190 0.104286 0.054286
0 0.501786 0.611429 0.016429 0.051429
3 0.435357 0.453333 0.087857 0.055238
3 0.437857 0.421905 0.080000 0.049524
0 0.548214 0.377619 0.013571 0.042857
9 0.398929 0.359524 0.010714 0.029524
9 0.383571 0.357619 0.014286 0.037143
2 0.378214 0.316667 0.012143 0.025714
2 0.371071 0.281429 0.009286 0.027619
2 0.157143 0.114762 0.015714 0.018095
2 0.391786 0.284762 0.020714 0.020952
2 0.418214 0.278095 0.012143 0.017143
2 0.425714 0.268095 0.011429 0.016190
2 0.429643 0.255238 0.010714 0.019048
0 0.462857 0.235714 0.008571 0.027619
3 0.453929 0.360000 0.073571 0.040000
3 0.451786 0.320476 0.065000 0.039048
3 0.458214 0.304286 0.065000 0.031429
3 0.458214 0.290952 0.059286 0.035238
3 0.462143 0.277619 0.050000 0.029524
3 0.462143 0.260952 0.051429 0.028571
3 0.464286 0.253333 0.057143 0.028571
3 0.561786 0.342381 0.035000 0.063810
3 0.512143 0.189048 0.020000 0.027619
3 0.468929 0.183810 0.039286 0.022857
3 0.463214 0.167619 0.039286 0.022857
2 0.437857 0.170952 0.005714 0.016190
3 0.467857 0.160476 0.035714 0.018095
3 0.465714 0.156667 0.038571 0.020000
9 0.445357 0.151905 0.007857 0.016190
3 0.468571 0.148571 0.034286 0.017143
4 0.470714 0.141905 0.027143 0.020952
9 0.441786 0.137143 0.010714 0.009524
9 0.443929 0.131905 0.010714 0.008571
9 0.457143 0.129048 0.010000 0.010476
3 0.473214 0.130952 0.029286 0.018095
3 0.471071 0.123333 0.027857 0.020000
4 0.473214 0.093810 0.020714 0.014286
3 0.479286 0.092857 0.021429 0.012381
3 0.472857 0.101429 0.025714 0.016190
3 0.470714 0.102857 0.025714 0.013333
3 0.468929 0.107143 0.026429 0.016190
3 0.470357 0.109048 0.027857 0.014286
3 0.471429 0.113810 0.025714 0.014286
3 0.472500 0.119048 0.027857 0.019048
0 0.490357 0.134286 0.003571 0.013333
0 0.493929 0.131905 0.005000 0.014286
1 0.500714 0.150952 0.004286 0.016190
2 0.501071 0.153810 0.005000 0.014286
0 0.450000 0.114286 0.004286 0.013333
0 0.451786 0.089048 0.003571 0.014286
0 0.480000 0.062857 0.002857 0.009524
0 0.494286 0.053333 0.002857 0.009524
0 0.496786 0.054286 0.002143 0.009524
0 0.493929 0.040952 0.002143 0.007619
0 0.497143 0.041905 0.002857 0.007619
0 0.494643 0.032857 0.003571 0.008571
3 0.489286 0.031429 0.005714 0.009524
3 0.481786 0.030952 0.006429 0.006667
3 0.476071 0.060476 0.017857 0.008571
