0 0.663929 0.809048 0.039286 0.054286
0 0.777857 0.266667 0.012857 0.045714
0 0.839286 0.304762 0.015714 0.045714
0 0.820000 0.299524 0.015714 0.046667
0 0.822143 0.288571 0.018571 0.049524
0 0.905357 0.248095 0.020714 0.046667
0 0.412143 0.195714 0.015714 0.039048
0 0.483571 0.180000 0.010000 0.034286
0 0.033571 0.026667 0.011429 0.026667
0 0.044286 0.024762 0.011429 0.026667
1 0.022143 0.412381 0.020000 0.036190
1 0.040714 0.421905 0.024286 0.034286
1 0.054286 0.407619 0.024286 0.032381
1 0.040000 0.400952 0.018571 0.032381
2 0.052500 0.509524 0.040714 0.049524
9 0.059643 0.637619 0.067857 0.058095
9 0.125714 0.613333 0.074286 0.072381
1 0.622143 0.870000 0.020000 0.027619
1 0.482500 0.351429 0.013571 0.032381
