0 0.465714 0.420952 0.015714 0.028571
0 0.500000 0.493810 0.011429 0.021905
0 0.477500 0.533810 0.013571 0.021905
0 0.491429 0.529048 0.014286 0.021905
0 0.520000 0.542381 0.011429 0.020000
0 0.526786 0.532381 0.013571 0.024762
0 0.552143 0.539524 0.010000 0.023810
0 0.562500 0.530952 0.010714 0.021905
0 0.540357 0.459048 0.012143 0.028571
0 0.528571 0.475714 0.014286 0.027619
0 0.561429 0.597619 0.015714 0.020000
0 0.572500 0.581429 0.012143 0.016190
0 0.610000 0.594762 0.017143 0.020000
0 0.603929 0.605238 0.012143 0.018095
0 0.597857 0.623333 0.012857 0.020000
0 0.612857 0.661905 0.012857 0.020952
0 0.602857 0.665714 0.011429 0.015238
0 0.623929 0.690476 0.012143 0.020952
0 0.647857 0.769048 0.018571 0.016190
0 0.661786 0.701905 0.010714 0.019048
0 0.670714 0.748571 0.012857 0.017143
0 0.705000 0.709048 0.017143 0.014286
0 0.713214 0.696667 0.017857 0.020000
0 0.712857 0.852381 0.020000 0.017143
0 0.757857 0.833810 0.018571 0.020000
0 0.769643 0.827143 0.012143 0.020000
0 0.775000 0.816667 0.015714 0.018095
0 0.837143 0.967143 0.030000 0.025714
0 0.834286 0.986190 0.025714 0.023810
