1 0.366649 0.592764 0.008873 0.022263
9 0.365605 0.600649 0.015136 0.030612
4 0.410230 0.441558 0.031315 0.050093
4 0.446242 0.389610 0.025052 0.044527
4 0.462161 0.362709 0.023486 0.044527
3 0.487213 0.440167 0.028706 0.041744
1 0.524791 0.288961 0.003653 0.012059
9 0.524791 0.295455 0.005741 0.013915
1 0.088205 0.714750 0.013570 0.036178
4 0.106472 0.897959 0.082463 0.148423
3 0.187370 0.777365 0.058455 0.092764
3 0.263570 0.658627 0.051148 0.074212
4 0.561587 0.297774 0.017745 0.029685
5 0.587161 0.246289 0.024008 0.043599
3 0.562630 0.196660 0.016701 0.025974
4 0.587683 0.153989 0.016701 0.022263
3 0.623956 0.116419 0.010960 0.017625
3 0.629697 0.069573 0.012004 0.014842
3 0.642223 0.035250 0.008873 0.016698
