3 0.504643 0.540000 0.057857 0.104762
3 0.415357 0.186667 0.035000 0.059048
3 0.375000 0.209524 0.027143 0.057143
3 0.334643 0.080952 0.030714 0.038095
3 0.398571 0.036190 0.027143 0.036190
3 0.895000 0.618571 0.108571 0.132381
3 0.743214 0.115238 0.055000 0.045714
3 0.606429 0.186190 0.047143 0.054286
5 0.774643 0.437619 0.075000 0.094286
3 0.087857 0.151905 0.030000 0.052381
3 0.689643 0.067143 0.047857 0.031429
3 0.717143 0.098095 0.054286 0.036190
3 0.710000 0.300952 0.047143 0.064762
4 0.076786 0.250476 0.040714 0.074286
3 0.497500 0.020952 0.035000 0.041905
3 0.972143 0.773333 0.055714 0.104762
1 0.492500 0.079524 0.007857 0.014286
1 0.510000 0.115238 0.008571 0.017143
1 0.537500 0.125238 0.007857 0.018095
9 0.492857 0.089048 0.012857 0.025714
9 0.510357 0.120952 0.010714 0.026667
9 0.535714 0.133333 0.010000 0.024762
0 0.774286 0.491429 0.011429 0.036190
1 0.633214 0.297143 0.010714 0.020952
9 0.631429 0.306667 0.015714 0.032381
9 0.953214 0.314286 0.027857 0.026667
9 0.930714 0.294762 0.027143 0.023810
3 0.950714 0.380000 0.081429 0.066667
1 0.905000 0.800476 0.012857 0.029524
9 0.901786 0.813333 0.039286 0.060952
