3 0.418929 0.826190 0.020714 0.025714
3 0.557143 0.838095 0.024286 0.024762
3 0.370714 0.744762 0.017143 0.019048
4 0.446786 0.591429 0.009286 0.020952
3 0.814286 0.621905 0.012857 0.015238
4 0.827500 0.606667 0.015000 0.019048
5 0.782857 0.659048 0.020000 0.020952
3 0.646429 0.757619 0.020000 0.021905
5 0.050714 0.368095 0.015714 0.020000
3 0.084286 0.397143 0.010000 0.011429
3 0.105357 0.417619 0.012143 0.012381
3 0.042857 0.326190 0.008571 0.010476
3 0.126786 0.283810 0.006429 0.009524
3 0.020357 0.270000 0.007857 0.008571
4 0.029643 0.293810 0.006429 0.010476
5 0.136786 0.276667 0.010714 0.014286
4 0.122500 0.276190 0.006429 0.009524
9 0.485000 0.970952 0.008571 0.010476
9 0.490357 0.968571 0.006429 0.009524
3 0.592857 0.822381 0.018571 0.027619
5 0.509643 0.318571 0.015000 0.012381
3 0.493929 0.265238 0.010714 0.006667
5 0.429643 0.307619 0.010714 0.017143
4 0.013214 0.244286 0.007857 0.008571
4 0.008929 0.164762 0.005000 0.007619
8 0.022857 0.224286 0.010000 0.020000
3 0.675000 0.438095 0.014286 0.007619
5 0.923571 0.536190 0.014286 0.017143
