4 0.279250 0.759333 0.132500 0.144000
4 0.552000 0.685667 0.110000 0.095333
3 0.673750 0.593000 0.105500 0.059333
3 0.547750 0.524333 0.079500 0.048667
0 0.583000 0.497000 0.010000 0.035333
4 0.728000 0.512333 0.101000 0.058000
4 0.860000 0.522333 0.109000 0.063333
9 0.453500 0.504333 0.019000 0.027333
4 0.405750 0.433333 0.041500 0.042667
1 0.399000 0.404000 0.012000 0.021333
2 0.399500 0.409333 0.020000 0.017333
3 0.350500 0.363667 0.028000 0.035333
3 0.275250 0.282667 0.022500 0.025333
3 0.264750 0.268000 0.021500 0.022667
3 0.250500 0.244000 0.018000 0.017333
5 0.176500 0.217000 0.019000 0.023333
3 0.320000 0.179000 0.029000 0.019333
3 0.222500 0.163000 0.013000 0.012667
4 0.231250 0.157333 0.013500 0.010667
4 0.842750 0.236000 0.035500 0.025333
3 0.928500 0.248667 0.029000 0.024000
4 0.943250 0.213333 0.018500 0.024000
4 0.804500 0.206000 0.031000 0.020000
3 0.836500 0.178667 0.015000 0.016000
9 0.881000 0.184333 0.010000 0.010000
9 0.881750 0.182000 0.013500 0.010667
0 0.898500 0.158333 0.005000 0.014000
0 0.900250 0.163000 0.005500 0.014000
0 0.844250 0.163667 0.003500 0.014000
4 0.845750 0.160000 0.014500 0.017333
3 0.838500 0.155667 0.011000 0.012667
2 0.881250 0.127667 0.007500 0.007333
2 0.889000 0.135000 0.005000 0.008667
4 0.882500 0.118333 0.008000 0.010000
3 0.841500 0.126333 0.013000 0.010000
3 0.845000 0.120333 0.015000 0.008667
3 0.836250 0.118000 0.012500 0.008000
4 0.860500 0.099667 0.007000 0.006000
4 0.846750 0.099333 0.007500 0.009333
0 0.688750 0.245000 0.006500 0.016667
0 0.694500 0.243667 0.006000 0.018000
3 0.039500 0.823667 0.079000 0.128667
