3 0.435000 0.663706 0.060000 0.053299
3 0.591071 0.600254 0.059286 0.053299
3 0.677500 0.585660 0.060714 0.049492
3 0.765714 0.578680 0.062857 0.048223
3 0.865357 0.565990 0.063571 0.048223
3 0.900714 0.805838 0.064286 0.053299
3 0.777857 0.854695 0.058571 0.052030
3 0.867857 0.878173 0.062857 0.053299
3 0.970000 0.848350 0.055714 0.059645
3 0.558929 0.508883 0.029286 0.116751
3 0.523571 0.518401 0.027143 0.110406
3 0.488571 0.509518 0.024286 0.100254
3 0.453571 0.515228 0.024286 0.104061
4 0.375357 0.511421 0.030714 0.114213
3 0.328571 0.524112 0.027143 0.104061
3 0.294643 0.527919 0.026429 0.093909
3 0.255714 0.524746 0.027143 0.105330
3 0.173214 0.255076 0.030714 0.111675
3 0.134286 0.253807 0.030000 0.111675
3 0.098571 0.247462 0.030000 0.111675
3 0.064286 0.260152 0.030000 0.111675
4 0.060714 0.539975 0.035714 0.120558
3 0.015357 0.538706 0.030714 0.110406
8 0.068929 0.769036 0.137857 0.083756
4 0.037500 0.065355 0.066429 0.046954
5 0.169643 0.066624 0.049286 0.133249
3 0.332857 0.249365 0.057143 0.044416
3 0.417143 0.250000 0.061429 0.050761
3 0.498929 0.231599 0.066429 0.052030
3 0.515357 0.161802 0.065000 0.049492
3 0.286429 0.041878 0.028571 0.083756
3 0.365714 0.033629 0.027143 0.067259
3 0.402143 0.037437 0.028571 0.074873
3 0.520000 0.027284 0.027143 0.054569
2 0.102500 0.498731 0.016429 0.040609
0 0.109643 0.501269 0.012143 0.017766
3 0.030000 0.257614 0.034286 0.114213
0 0.956429 0.457487 0.021429 0.029188
0 0.919643 0.416244 0.016429 0.015228
0 0.900714 0.364848 0.018571 0.016497
0 0.951786 0.162437 0.017857 0.025381
0 0.941071 0.152919 0.015000 0.024112
0 0.922500 0.183376 0.019286 0.024112
0 0.912143 0.177030 0.020000 0.024112
0 0.977143 0.939721 0.020000 0.024112
0 0.984286 0.914340 0.017143 0.026650
3 0.468571 0.968274 0.062857 0.058376
3 0.641786 0.973350 0.027857 0.050761
0 0.223214 0.895939 0.007857 0.022843
