3 0.113571 0.250476 0.087143 0.059048
0 0.161071 0.251429 0.020714 0.047619
3 0.097500 0.313333 0.093571 0.068571
8 0.037500 0.428095 0.075000 0.181905
8 0.233214 0.322381 0.200714 0.239048
8 0.111071 0.683810 0.222143 0.502857
0 0.472500 0.875714 0.042143 0.113333
0 0.522857 0.839524 0.037143 0.075238
0 0.501429 0.753333 0.024286 0.104762
0 0.524286 0.741905 0.028571 0.080000
3 0.712500 0.732381 0.095000 0.234286
2 0.691786 0.579048 0.059286 0.055238
2 0.425357 0.480000 0.096429 0.137143
3 0.605000 0.481429 0.068571 0.122857
0 0.731071 0.412381 0.022143 0.053333
3 0.420000 0.348095 0.062857 0.084762
3 0.615357 0.370476 0.050714 0.100952
3 0.303571 0.180952 0.040000 0.049524
3 0.341786 0.150952 0.040714 0.050476
3 0.369286 0.125714 0.034286 0.038095
3 0.411429 0.118571 0.034286 0.039048
3 0.393214 0.100476 0.027857 0.046667
3 0.418929 0.076667 0.026429 0.039048
3 0.441071 0.061429 0.026429 0.025714
3 0.454643 0.046190 0.025000 0.027619
3 0.466429 0.030476 0.015714 0.036190
3 0.491071 0.022857 0.025000 0.026667
3 0.497143 0.184762 0.044286 0.053333
3 0.551071 0.073333 0.019286 0.028571
8 0.407143 0.201905 0.111429 0.167619
4 0.362500 0.190952 0.053571 0.079048
4 0.689286 0.400000 0.045714 0.102857
3 0.680714 0.323333 0.050000 0.069524
3 0.620357 0.287143 0.042143 0.065714
3 0.631786 0.229524 0.036429 0.047619
3 0.585714 0.194286 0.034286 0.049524
3 0.633571 0.172381 0.032857 0.041905
3 0.639286 0.137143 0.028571 0.040000
3 0.590357 0.157619 0.027857 0.029524
3 0.601429 0.129524 0.032857 0.040000
3 0.613929 0.087619 0.025000 0.032381
3 0.673571 0.104762 0.027143 0.038095
3 0.611071 0.056667 0.017857 0.025714
3 0.652143 0.062857 0.025714 0.026667
3 0.690714 0.075238 0.045714 0.030476
3 0.693571 0.058571 0.044286 0.025714
3 0.693929 0.050000 0.052143 0.020000
3 0.692857 0.036190 0.045714 0.022857
3 0.650714 0.021905 0.017143 0.020952
3 0.625714 0.027143 0.018571 0.018095
3 0.625000 0.014286 0.017143 0.019048
5 0.596429 0.032381 0.024286 0.053333
0 0.574643 0.090476 0.010714 0.030476
0 0.674286 0.166190 0.012857 0.037143
0 0.782857 0.321905 0.020000 0.057143
0 0.769286 0.324762 0.021429 0.057143
0 0.805357 0.795238 0.040714 0.085714
0 0.916071 0.501429 0.026429 0.058095
