1 0.482143 0.290000 0.002857 0.004762
9 0.482857 0.291429 0.004286 0.007619
0 0.478929 0.313810 0.005000 0.006667
0 0.476071 0.320000 0.003571 0.005714
0 0.472857 0.319524 0.004286 0.008571
3 0.510357 0.225238 0.003571 0.004762
3 0.508214 0.230952 0.003571 0.004762
3 0.510000 0.243333 0.005714 0.008571
4 0.505000 0.242857 0.004286 0.005714
4 0.499643 0.259524 0.005000 0.010476
3 0.493929 0.253333 0.003571 0.007619
3 0.486429 0.273333 0.005714 0.009524
0 0.488571 0.265714 0.002857 0.005714
4 0.526071 0.259524 0.006429 0.010476
3 0.525714 0.276190 0.007143 0.011429
3 0.543571 0.278095 0.010000 0.015238
3 0.557143 0.263333 0.010000 0.012381
3 0.570000 0.279524 0.012857 0.020000
3 0.544286 0.307143 0.015714 0.021905
3 0.564643 0.304286 0.015000 0.021905
3 0.530000 0.348095 0.014286 0.023810
3 0.554286 0.365238 0.022857 0.035238
3 0.585000 0.374286 0.022857 0.036190
3 0.496071 0.405714 0.017857 0.032381
3 0.492143 0.435714 0.020000 0.033333
3 0.433929 0.352857 0.012143 0.016190
3 0.415000 0.403333 0.017143 0.018095
1 0.416429 0.459048 0.007143 0.007619
2 0.418214 0.463810 0.007857 0.011429
0 0.420357 0.427143 0.007857 0.012381
3 0.370357 0.492857 0.022143 0.018095
3 0.488571 0.468095 0.022857 0.040952
3 0.441071 0.481429 0.020714 0.033333
0 0.431429 0.550000 0.012857 0.020000
0 0.462143 0.547143 0.017143 0.027619
0 0.405357 0.570952 0.013571 0.018095
3 0.435000 0.512381 0.020000 0.038095
3 0.455714 0.513333 0.021429 0.045714
3 0.477500 0.519524 0.027857 0.052381
3 0.449286 0.562381 0.024286 0.052381
3 0.424643 0.556190 0.026429 0.047619
3 0.405357 0.612857 0.030714 0.060000
3 0.371071 0.657619 0.032143 0.063810
0 0.327857 0.669048 0.015714 0.020000
4 0.266429 0.711429 0.034286 0.047619
3 0.220000 0.718095 0.031429 0.034286
3 0.182500 0.750476 0.029286 0.038095
0 0.190357 0.769524 0.012143 0.015238
0 0.187500 0.772381 0.010714 0.013333
0 0.196071 0.766667 0.010714 0.011429
0 0.179286 0.773810 0.012857 0.010476
0 0.153214 0.839524 0.013571 0.018095
0 0.170357 0.786190 0.016429 0.014286
5 0.146786 0.797619 0.059286 0.077143
3 0.123571 0.903810 0.038571 0.040000
5 0.106786 0.941429 0.050714 0.060000
3 0.160357 0.923333 0.040714 0.046667
3 0.169643 0.972381 0.042143 0.055238
3 0.530714 0.586190 0.037143 0.067619
3 0.530714 0.761429 0.054286 0.124762
3 0.599286 0.702857 0.054286 0.121905
4 0.708214 0.764286 0.093571 0.166667
0 0.855357 0.255238 0.019286 0.043810
3 0.943571 0.290952 0.112857 0.096190
