3 0.051429 0.272857 0.050000 0.101905
3 0.119643 0.463810 0.105000 0.125714
3 0.205357 0.598571 0.110714 0.138095
3 0.314643 0.734286 0.132143 0.173333
3 0.417857 0.715238 0.122857 0.140952
3 0.512143 0.681429 0.115714 0.172381
3 0.595714 0.598095 0.147143 0.131429
3 0.653929 0.523810 0.129286 0.104762
3 0.749286 0.391429 0.120000 0.118095
3 0.789286 0.334762 0.102857 0.113333
3 0.828571 0.294286 0.107143 0.120000
3 0.862500 0.260000 0.097857 0.095238
3 0.902857 0.231905 0.121429 0.105714
3 0.947857 0.180476 0.104286 0.077143
3 0.967143 0.125238 0.065714 0.060000
3 0.956071 0.755238 0.085000 0.196190
3 0.886071 0.919048 0.130714 0.161905
3 0.092143 0.807619 0.125714 0.180952
