3 0.017143 0.124762 0.034286 0.068571
0 0.150000 0.022381 0.011429 0.029524
0 0.208929 0.149524 0.012143 0.040000
0 0.216786 0.153810 0.015000 0.039048
0 0.222857 0.139524 0.011429 0.033333
1 0.222143 0.129524 0.007143 0.015238
0 0.243214 0.182857 0.015000 0.040000
0 0.252857 0.210952 0.015714 0.035238
0 0.789643 0.081905 0.012143 0.040000
0 0.812857 0.070952 0.012857 0.040952
0 0.423214 0.379524 0.016429 0.048571
0 0.466429 0.766667 0.021429 0.047619
0 0.484286 0.752857 0.020000 0.054286
1 0.523571 0.873333 0.028571 0.040000
2 0.521071 0.891429 0.033571 0.057143
2 0.381429 0.904762 0.037143 0.087619
1 0.385357 0.901905 0.030714 0.059048
1 0.358214 0.329048 0.016429 0.033333
9 0.357857 0.330952 0.038571 0.025714
3 0.133571 0.444286 0.067143 0.119048
3 0.050714 0.304286 0.047143 0.080952
3 0.243571 0.267619 0.050000 0.074286
0 0.204286 0.866667 0.030000 0.070476
0 0.555000 0.811429 0.041429 0.089524
