0 0.739000 0.653667 0.021000 0.060667
0 0.654250 0.666333 0.017500 0.056667
1 0.703250 0.688667 0.019500 0.033333
9 0.702500 0.714333 0.017000 0.042000
0 0.633000 0.709333 0.016000 0.054667
0 0.623000 0.749333 0.017000 0.048000
1 0.622250 0.730667 0.008500 0.018667
0 0.618500 0.723000 0.009000 0.026000
0 0.607500 0.715000 0.013000 0.047333
0 0.639500 0.431667 0.014000 0.040667
0 0.630250 0.394000 0.011500 0.036000
0 0.624000 0.371667 0.008000 0.031333
0 0.602000 0.367000 0.011000 0.031333
3 0.796500 0.463667 0.050000 0.051333
7 0.737500 0.406000 0.035000 0.052000
9 0.769000 0.408333 0.016000 0.028667
9 0.790500 0.409667 0.015000 0.027333
9 0.814500 0.422667 0.018000 0.024000
3 0.794250 0.331000 0.055500 0.030000
3 0.701500 0.342333 0.056000 0.030000
1 0.740750 0.304333 0.009500 0.016667
9 0.740000 0.314000 0.025000 0.020000
3 0.513500 0.354333 0.063000 0.038000
3 0.505500 0.312667 0.056000 0.032000
4 0.475000 0.425667 0.038000 0.066000
3 0.434000 0.432000 0.043000 0.064000
4 0.389500 0.434333 0.040000 0.059333
0 0.465250 0.393667 0.006500 0.022000
0 0.471000 0.395667 0.007000 0.023333
0 0.415750 0.372667 0.009500 0.038667
0 0.398250 0.366333 0.010500 0.036667
0 0.407250 0.362667 0.008500 0.033333
0 0.415750 0.355667 0.009500 0.028667
3 0.450750 0.368000 0.065500 0.040000
3 0.342000 0.445667 0.043000 0.074000
0 0.373500 0.478667 0.013000 0.040000
4 0.286250 0.452667 0.037500 0.092000
3 0.345500 0.385000 0.066000 0.043333
4 0.326750 0.334667 0.063500 0.041333
4 0.268000 0.391667 0.071000 0.046000
4 0.235250 0.454333 0.034500 0.060667
3 0.163250 0.409333 0.087500 0.041333
3 0.172000 0.474667 0.037000 0.066667
3 0.080250 0.414333 0.067500 0.047333
4 0.064500 0.485000 0.055000 0.071333
3 0.021000 0.496000 0.042000 0.057333
3 0.086500 0.338000 0.080000 0.036000
3 0.037000 0.261000 0.057000 0.027333
3 0.108000 0.258333 0.051000 0.030000
3 0.180000 0.251000 0.055000 0.028667
3 0.243500 0.247000 0.049000 0.027333
3 0.367250 0.240000 0.047500 0.028000
3 0.426750 0.235667 0.046500 0.027333
3 0.478500 0.267333 0.051000 0.026667
3 0.484500 0.234333 0.043000 0.027333
3 0.382750 0.197333 0.029500 0.032000
4 0.483500 0.171000 0.039000 0.024667
3 0.548250 0.229667 0.046500 0.027333
3 0.596250 0.222333 0.040500 0.023333
3 0.625250 0.250000 0.049500 0.028000
3 0.586500 0.237333 0.047000 0.021333
3 0.648500 0.216667 0.039000 0.024000
3 0.694250 0.214333 0.038500 0.023333
4 0.747750 0.209333 0.035500 0.022667
3 0.799500 0.209000 0.041000 0.023333
8 0.638250 0.101000 0.049500 0.030000
8 0.626500 0.091000 0.047000 0.027333
