1 0.331942 0.936456 0.010438 0.030612
9 0.330898 0.946197 0.017745 0.048237
3 0.451461 0.849722 0.045929 0.090909
4 0.329593 0.866883 0.053758 0.097403
4 0.391180 0.737477 0.040188 0.081633
4 0.417276 0.674861 0.034969 0.076994
1 0.496608 0.614564 0.007829 0.021336
9 0.497651 0.624304 0.008873 0.029685
4 0.559760 0.531540 0.024530 0.051948
5 0.590031 0.445269 0.030793 0.059369
0 0.431367 0.484230 0.006785 0.025974
0 0.362996 0.501391 0.006785 0.025046
0 0.441806 0.514842 0.006785 0.027829
3 0.582463 0.350649 0.020877 0.035250
3 0.556889 0.349258 0.020877 0.038033
3 0.586378 0.280148 0.021399 0.031540
0 0.641180 0.174861 0.003653 0.017625
3 0.631002 0.152134 0.015658 0.016698
3 0.643789 0.107607 0.008873 0.022263
3 0.648225 0.074212 0.008351 0.014842
3 0.651879 0.066327 0.007307 0.013915
6 0.663361 0.043599 0.004175 0.007421
1 0.663622 0.038961 0.002610 0.009276
