3 0.035357 0.014594 0.025000 0.029188
3 0.097143 0.038071 0.022857 0.027919
3 0.110000 0.025381 0.024286 0.030457
3 0.117500 0.011421 0.025000 0.022843
8 0.137857 0.081853 0.057143 0.102792
0 0.321429 0.820431 0.008571 0.008883
0 0.310357 0.967640 0.007857 0.013959
0 0.281429 0.951142 0.005714 0.011421
0 0.339286 0.881345 0.005714 0.011421
0 0.341786 0.840102 0.007857 0.015228
3 0.233571 0.203680 0.022857 0.041878
3 0.262143 0.141497 0.021429 0.041878
4 0.299286 0.182741 0.022857 0.040609
4 0.364643 0.234137 0.023571 0.041878
3 0.378929 0.299492 0.017857 0.038071
3 0.360000 0.345812 0.021429 0.041878
3 0.280357 0.227792 0.023571 0.039340
3 0.350714 0.274746 0.021429 0.034264
3 0.334286 0.265228 0.021429 0.038071
3 0.322500 0.254442 0.022143 0.039340
3 0.293929 0.239848 0.023571 0.043147
3 0.306429 0.248096 0.024286 0.041878
3 0.311786 0.196066 0.023571 0.039340
3 0.325714 0.205584 0.021429 0.038071
3 0.337500 0.213832 0.019286 0.034264
3 0.352857 0.221447 0.020000 0.036802
3 0.381071 0.247462 0.017857 0.038071
0 0.557143 0.028553 0.004286 0.011421
0 0.553929 0.032995 0.003571 0.012690
8 0.562500 0.076777 0.036429 0.046954
4 0.572500 0.119924 0.026429 0.034264
3 0.554643 0.172589 0.019286 0.043147
4 0.435000 0.344543 0.022857 0.046954
4 0.452143 0.298858 0.021429 0.044416
3 0.404643 0.329315 0.019286 0.039340
3 0.419643 0.336929 0.020714 0.041878
3 0.395357 0.255711 0.020714 0.041878
3 0.407857 0.267766 0.018571 0.035533
3 0.419286 0.284264 0.021429 0.043147
3 0.437143 0.290609 0.021429 0.038071
3 0.368929 0.423223 0.019286 0.041878
3 0.401071 0.438452 0.023571 0.041878
4 0.386786 0.376904 0.019286 0.040609
4 0.372857 0.362310 0.021429 0.044416
3 0.404286 0.377538 0.020000 0.039340
4 0.490714 0.509518 0.025714 0.057107
3 0.495000 0.458122 0.025714 0.035533
3 0.504643 0.439086 0.020714 0.027919
3 0.507143 0.413071 0.024286 0.031726
3 0.511429 0.383883 0.025714 0.029188
3 0.520714 0.366751 0.028571 0.035533
3 0.535357 0.342640 0.025000 0.030457
3 0.510357 0.521574 0.022143 0.050761
3 0.527143 0.527919 0.021429 0.050761
3 0.543571 0.539975 0.020000 0.041878
3 0.559643 0.552665 0.022143 0.046954
3 0.572500 0.571701 0.022143 0.049492
9 0.672857 0.740482 0.015714 0.021574
9 0.670357 0.755076 0.016429 0.022843
9 0.666786 0.769036 0.015000 0.020305
9 0.673929 0.701777 0.016429 0.020305
4 0.642500 0.675127 0.035000 0.045685
3 0.630357 0.616117 0.023571 0.054569
3 0.606786 0.605330 0.020714 0.050761
3 0.591429 0.579315 0.018571 0.052030
9 0.645714 0.786802 0.007143 0.025381
9 0.625714 0.110406 0.012857 0.017766
1 0.627857 0.110406 0.004286 0.010152
1 0.625357 0.108503 0.005000 0.013959
8 0.798571 0.222716 0.074286 0.077411
5 0.900357 0.293147 0.050714 0.071066
5 0.956429 0.425761 0.035714 0.092640
3 0.957143 0.519036 0.018571 0.055838
3 0.951071 0.588198 0.023571 0.062183
3 0.925357 0.758883 0.022143 0.055838
4 0.912500 0.833756 0.023571 0.060914
8 0.898571 0.935914 0.048571 0.125635
