0 0.515714 0.978095 0.014286 0.019048
0 0.502857 0.933810 0.012857 0.035238
2 0.485714 0.762381 0.015714 0.061905
1 0.485357 0.757619 0.015000 0.039048
2 0.461786 0.742857 0.013571 0.074286
2 0.433571 0.720000 0.014286 0.057143
1 0.432857 0.718095 0.015714 0.030476
6 0.493214 0.654286 0.026429 0.085714
1 0.492500 0.635238 0.017857 0.030476
0 0.497857 0.526190 0.017143 0.025714
4 0.510357 0.447143 0.037857 0.098095
9 0.466786 0.432381 0.020714 0.066667
1 0.468214 0.431905 0.017857 0.040952
9 0.444643 0.452857 0.013571 0.044762
1 0.445714 0.446190 0.015714 0.031429
0 0.497143 0.271429 0.015714 0.038095
0 0.500714 0.133333 0.014286 0.036190
