3 0.457500 0.660533 0.017857 0.052030
3 0.525357 0.553934 0.017857 0.049492
3 0.551429 0.508883 0.017143 0.045685
3 0.463214 0.440355 0.013571 0.032995
3 0.498929 0.362310 0.013571 0.034264
3 0.541071 0.254442 0.010714 0.026650
3 0.471071 0.237944 0.009286 0.021574
3 0.469286 0.286168 0.011429 0.021574
3 0.454286 0.247462 0.011429 0.025381
3 0.417143 0.294416 0.012857 0.025381
3 0.492500 0.100254 0.006429 0.017766
3 0.494643 0.062183 0.007857 0.012690
3 0.450714 0.085660 0.007143 0.013959
3 0.446071 0.118020 0.007857 0.015228
3 0.452857 0.046320 0.005714 0.011421
3 0.478929 0.003807 0.006429 0.007614
4 0.473929 0.144036 0.007857 0.016497
4 0.436429 0.139594 0.008571 0.017766
4 0.477500 0.068528 0.006429 0.012690
3 0.521429 0.367386 0.015714 0.031726
3 0.466786 0.344543 0.012143 0.031726
4 0.386071 0.733503 0.025000 0.068528
4 0.363214 0.908629 0.030714 0.083756
4 0.576071 0.868020 0.030714 0.101523
4 0.447143 0.956853 0.028571 0.083756
3 0.401786 0.954949 0.027857 0.087563
8 0.629286 0.860406 0.054286 0.241117
8 0.406071 0.503807 0.033571 0.137056
8 0.434286 0.194797 0.015714 0.062183
8 0.442143 0.059010 0.010000 0.031726
8 0.452857 0.014594 0.008571 0.029188
0 0.420000 0.129442 0.001429 0.010152
0 0.418929 0.121827 0.002143 0.010152
0 0.422500 0.114213 0.002143 0.010152
0 0.428214 0.083122 0.002143 0.011421
0 0.426429 0.083122 0.002857 0.011421
0 0.423571 0.095812 0.002857 0.008883
1 0.440714 0.104695 0.002857 0.008883
9 0.441786 0.107868 0.003571 0.010152
