0 0.383929 0.852157 0.017857 0.031726
0 0.223929 0.802665 0.017857 0.046954
0 0.439643 0.508883 0.016429 0.035533
0 0.127500 0.741117 0.023571 0.035533
0 0.109286 0.727157 0.021429 0.045685
0 0.093929 0.718274 0.019286 0.040609
0 0.697500 0.038706 0.017857 0.049492
1 0.457857 0.378807 0.025714 0.039340
1 0.372857 0.330584 0.024286 0.034264
2 0.460000 0.387056 0.038571 0.032995
2 0.375357 0.338198 0.043571 0.031726
2 0.073214 0.140863 0.032143 0.040609
1 0.067500 0.128173 0.025000 0.038071
5 0.740714 0.248731 0.204286 0.294416
3 0.763571 0.071066 0.074286 0.142132
8 0.488214 0.104061 0.293571 0.208122
4 0.955000 0.822970 0.090000 0.128173
