0 0.069250 0.918000 0.007500 0.028000
3 0.027000 0.903333 0.054000 0.046667
3 0.020000 0.863000 0.040000 0.046000
3 0.043000 0.861333 0.052000 0.050667
3 0.065250 0.870333 0.054500 0.046000
3 0.082000 0.877333 0.055000 0.053333
3 0.307250 0.873000 0.043500 0.047333
3 0.299250 0.988000 0.062500 0.024000
3 0.325750 0.977333 0.057500 0.045333
3 0.344250 0.950000 0.058500 0.045333
3 0.366500 0.922667 0.053000 0.041333
3 0.399500 0.876667 0.046000 0.036000
3 0.408000 0.853000 0.046000 0.034000
3 0.422000 0.837667 0.052000 0.035333
3 0.433000 0.818333 0.038000 0.027333
3 0.453750 0.804333 0.042500 0.030000
3 0.465750 0.789333 0.045500 0.028000
3 0.476500 0.775667 0.044000 0.028667
1 0.445750 0.778667 0.008500 0.012000
1 0.447000 0.774000 0.006000 0.012000
0 0.491250 0.692667 0.006500 0.020000
0 0.460250 0.652667 0.003500 0.016000
1 0.483750 0.655667 0.005500 0.014000
2 0.483500 0.661000 0.007000 0.012667
3 0.789500 0.935000 0.059000 0.042000
3 0.780500 0.980667 0.066000 0.038667
3 0.594750 0.987667 0.058500 0.024667
3 0.529750 0.973333 0.054500 0.049333
3 0.603500 0.976667 0.053000 0.044000
3 0.543000 0.951667 0.055000 0.044667
3 0.557250 0.926333 0.058500 0.044667
3 0.618250 0.951667 0.062500 0.048667
3 0.567500 0.902333 0.044000 0.036667
3 0.621750 0.925000 0.048500 0.038000
3 0.632250 0.902667 0.054500 0.040000
3 0.572750 0.880667 0.051500 0.036000
3 0.588000 0.860667 0.053000 0.040000
3 0.601000 0.843667 0.051000 0.034000
3 0.644000 0.881000 0.055000 0.042000
3 0.988500 0.908333 0.023000 0.047333
3 0.954250 0.901667 0.029500 0.052667
4 0.923250 0.881000 0.021500 0.054000
3 0.890250 0.877333 0.023500 0.046667
3 0.860500 0.869000 0.022000 0.043333
3 0.831000 0.859333 0.025000 0.049333
3 0.802000 0.852000 0.025000 0.048000
3 0.771000 0.839000 0.023000 0.046000
3 0.732750 0.827333 0.024500 0.046667
3 0.692250 0.819667 0.026500 0.047333
3 0.667750 0.808667 0.022500 0.040000
3 0.643250 0.798333 0.026500 0.042000
3 0.617250 0.794000 0.025500 0.037333
3 0.569500 0.777333 0.030000 0.038667
3 0.531000 0.762333 0.030000 0.034000
3 0.553500 0.768667 0.028000 0.032000
1 0.777750 0.620667 0.003500 0.013333
3 0.806000 0.601000 0.025000 0.019333
3 0.784500 0.596667 0.026000 0.020000
2 0.746500 0.743333 0.006000 0.020000
2 0.737750 0.738333 0.011500 0.019333
2 0.729000 0.736000 0.006000 0.018667
2 0.722250 0.734000 0.005500 0.018667
2 0.715750 0.737000 0.005500 0.018000
2 0.709250 0.733333 0.004500 0.016000
2 0.703500 0.731000 0.006000 0.018000
0 0.694000 0.732333 0.005000 0.018000
2 0.689750 0.727000 0.005500 0.015333
2 0.687000 0.728000 0.006000 0.014667
2 0.682750 0.725667 0.007500 0.014000
2 0.580750 0.698333 0.005500 0.012667
2 0.575250 0.696333 0.004500 0.014000
2 0.570000 0.696333 0.005000 0.014000
2 0.565000 0.693333 0.004000 0.013333
2 0.558500 0.691667 0.004000 0.012667
2 0.554250 0.691667 0.003500 0.014000
2 0.550500 0.689667 0.004000 0.015333
2 0.541250 0.688000 0.005500 0.018667
2 0.545000 0.687333 0.005000 0.014667
2 0.536000 0.686333 0.005000 0.016667
2 0.531250 0.684667 0.006500 0.014667
2 0.526000 0.683667 0.006000 0.015333
2 0.522500 0.681000 0.009000 0.014000
2 0.510750 0.680667 0.007500 0.013333
2 0.948750 0.816333 0.018500 0.016667
1 0.951750 0.811333 0.008500 0.018667
