0 0.397143 0.877619 0.032857 0.084762
0 0.487143 0.674762 0.015714 0.063810
0 0.531071 0.689524 0.019286 0.055238
0 0.520000 0.566667 0.015714 0.053333
0 0.586429 0.586667 0.015714 0.051429
1 0.642857 0.575238 0.021429 0.047619
0 0.484286 0.540476 0.012857 0.044762
0 0.662500 0.540000 0.012143 0.040000
0 0.655000 0.544286 0.010000 0.031429
0 0.638214 0.542381 0.012143 0.035238
0 0.608571 0.522857 0.012857 0.041905
0 0.605357 0.553333 0.010714 0.043810
0 0.592857 0.561905 0.015714 0.041905
1 0.609286 0.567619 0.012857 0.020952
0 0.636786 0.463333 0.010714 0.037143
1 0.541786 0.576190 0.017857 0.038095
1 0.398214 0.514286 0.016429 0.026667
1 0.406786 0.523333 0.016429 0.025714
0 0.478929 0.472381 0.013571 0.041905
0 0.509643 0.455238 0.007857 0.022857
1 0.567857 0.438095 0.010000 0.019048
1 0.547500 0.506190 0.013571 0.023810
1 0.537857 0.364762 0.014286 0.024762
1 0.525357 0.439048 0.010714 0.015238
1 0.573929 0.468571 0.009286 0.024762
0 0.585357 0.495238 0.007857 0.026667
0 0.671071 0.261905 0.005000 0.013333
0 0.665714 0.259048 0.004286 0.017143
0 0.990357 0.511905 0.017857 0.040952
1 0.443929 0.534762 0.016429 0.023810
1 0.447857 0.541905 0.010000 0.017143
