3 0.159643 0.902284 0.056429 0.076142
3 0.129643 0.815355 0.052143 0.067259
3 0.292500 0.646574 0.025000 0.062183
3 0.304286 0.879442 0.027143 0.086294
3 0.622143 0.847081 0.040000 0.120558
3 0.527857 0.444162 0.025714 0.076142
3 0.518214 0.093909 0.012143 0.035533
3 0.492857 0.053299 0.012857 0.032995
5 0.501071 0.170051 0.023571 0.083756
3 0.557143 0.729695 0.037143 0.111675
3 0.383929 0.407995 0.017857 0.052030
3 0.228214 0.170685 0.019286 0.024112
3 0.253571 0.151650 0.022857 0.019036
3 0.274643 0.137056 0.019286 0.022843
3 0.292857 0.122462 0.020000 0.024112
5 0.656071 0.361041 0.035000 0.097716
3 0.770357 0.336929 0.020714 0.044416
3 0.789286 0.408629 0.040000 0.032995
4 0.942857 0.574873 0.038571 0.076142
3 0.200000 0.188452 0.028571 0.026650
3 0.203929 0.161802 0.029286 0.024112
3 0.291786 0.074239 0.020714 0.026650
