0 0.198929 0.053934 0.003571 0.011421
4 0.426071 0.045685 0.010714 0.030457
4 0.448571 0.092005 0.011429 0.036802
5 0.473214 0.142766 0.016429 0.079949
5 0.431786 0.239213 0.016429 0.090102
3 0.492143 0.027284 0.010000 0.036802
3 0.416071 0.116751 0.010714 0.035533
3 0.402143 0.233503 0.011429 0.040609
3 0.431786 0.350254 0.009286 0.040609
3 0.476071 0.282995 0.010714 0.040609
3 0.451071 0.368020 0.010714 0.038071
4 0.475714 0.451777 0.010000 0.043147
5 0.378929 0.444162 0.026429 0.091371
4 0.365000 0.587563 0.014286 0.043147
3 0.426429 0.778553 0.012857 0.054569
4 0.465000 0.733503 0.015714 0.063452
3 0.488929 0.659264 0.012143 0.057107
9 0.545714 0.502538 0.004286 0.025381
1 0.546071 0.501904 0.005000 0.013959
