0 0.930357 0.805238 0.062143 0.143810
3 0.583571 0.708095 0.118571 0.204762
5 0.165000 0.661429 0.330000 0.229524
3 0.264643 0.545238 0.185000 0.109524
3 0.301429 0.454286 0.157143 0.083810
3 0.372500 0.330476 0.097857 0.047619
3 0.701786 0.514762 0.186429 0.077143
3 0.680000 0.454286 0.158571 0.083810
3 0.642143 0.408571 0.154286 0.080000
3 0.623929 0.374286 0.119286 0.064762
3 0.512857 0.307143 0.037143 0.050476
3 0.506429 0.252381 0.028571 0.034286
3 0.503214 0.237619 0.032143 0.033333
3 0.585714 0.264286 0.071429 0.040952
3 0.568571 0.261905 0.067143 0.040000
3 0.560714 0.250000 0.061429 0.037143
3 0.550000 0.236190 0.058571 0.038095
3 0.547143 0.228095 0.052857 0.033333
3 0.500357 0.205714 0.023571 0.028571
3 0.386429 0.289048 0.060000 0.039048
3 0.393214 0.278571 0.073571 0.040952
3 0.391429 0.262857 0.065714 0.040000
3 0.393571 0.247143 0.062857 0.037143
3 0.466786 0.194286 0.043571 0.032381
