0 0.167143 0.177619 0.004286 0.008571
3 0.014286 0.550476 0.017143 0.034286
3 0.032857 0.547143 0.018571 0.035238
3 0.060714 0.544286 0.018571 0.033333
3 0.097500 0.543333 0.016429 0.035238
3 0.123929 0.540952 0.016429 0.036190
3 0.142143 0.540476 0.015714 0.037143
3 0.160357 0.536190 0.013571 0.026667
3 0.010357 0.620000 0.019286 0.034286
3 0.061071 0.616190 0.016429 0.032381
3 0.078214 0.617143 0.019286 0.036190
3 0.111429 0.612381 0.017143 0.034286
3 0.127143 0.611905 0.017143 0.035238
3 0.143929 0.613810 0.016429 0.035238
3 0.025000 0.710952 0.018571 0.035238
9 0.102857 0.798095 0.011429 0.005714
1 0.103929 0.797619 0.005000 0.004762
0 0.006071 0.885238 0.009286 0.004762
0 0.015357 0.893810 0.007857 0.004762
3 0.012143 0.913333 0.024286 0.020952
3 0.046786 0.909048 0.029286 0.018095
3 0.085714 0.905714 0.032857 0.019048
3 0.126786 0.904286 0.036429 0.020000
3 0.201071 0.896667 0.029286 0.018095
3 0.238571 0.893810 0.030000 0.020000
3 0.276786 0.890476 0.032143 0.017143
3 0.350357 0.885714 0.030714 0.019048
3 0.392143 0.880952 0.025714 0.017143
3 0.411429 0.990476 0.014286 0.019048
3 0.470714 0.875714 0.027143 0.018095
3 0.511071 0.872857 0.029286 0.018095
3 0.543929 0.871905 0.026429 0.020000
3 0.580000 0.869048 0.031429 0.018095
3 0.616786 0.866667 0.023571 0.017143
3 0.653929 0.863333 0.037857 0.021905
3 0.691071 0.860476 0.029286 0.018095
3 0.725357 0.857143 0.029286 0.020952
3 0.759286 0.855238 0.028571 0.015238
3 0.688571 0.970000 0.015714 0.031429
3 0.659643 0.983810 0.016429 0.032381
2 0.811429 0.955714 0.008571 0.010476
3 0.796786 0.850952 0.027857 0.018095
3 0.928214 0.959524 0.033571 0.020000
3 0.958214 0.940952 0.019286 0.043810
3 0.983214 0.953333 0.033571 0.020952
3 0.987500 0.976190 0.025000 0.019048
0 0.750357 0.756667 0.006429 0.006667
1 0.877857 0.771429 0.005714 0.005714
9 0.876071 0.771905 0.013571 0.006667
1 0.916786 0.740000 0.005000 0.005714
2 0.915000 0.740000 0.010000 0.005714
1 0.310000 0.800000 0.004286 0.005714
9 0.309643 0.800952 0.010714 0.005714
0 0.427500 0.427143 0.003571 0.006667
1 0.425714 0.423333 0.002857 0.006667
9 0.425000 0.423810 0.008571 0.005714
0 0.427143 0.402381 0.002857 0.004762
0 0.427857 0.406667 0.004286 0.003810
0 0.344643 0.230952 0.003571 0.008571
3 0.176071 0.536667 0.015000 0.035238
3 0.283214 0.605238 0.013571 0.033333
3 0.303214 0.605714 0.012143 0.036190
3 0.352857 0.601429 0.012857 0.037143
3 0.280714 0.532381 0.012857 0.032381
4 0.298214 0.526667 0.013571 0.030476
3 0.314643 0.525238 0.012143 0.031429
3 0.333929 0.525714 0.012143 0.032381
3 0.382857 0.600476 0.012857 0.031429
3 0.399643 0.597619 0.012143 0.031429
4 0.416071 0.594286 0.016429 0.041905
3 0.431071 0.590000 0.010714 0.031429
3 0.450000 0.594286 0.011429 0.036190
3 0.493214 0.584762 0.012143 0.032381
4 0.514286 0.517143 0.011429 0.038095
3 0.500714 0.520476 0.011429 0.033333
3 0.455357 0.520476 0.010714 0.033333
3 0.420714 0.522857 0.011429 0.032381
0 0.845000 0.238571 0.005714 0.008571
0 0.713929 0.137619 0.003571 0.004762
0 0.745714 0.182381 0.002857 0.008571
0 0.747857 0.184762 0.004286 0.005714
9 0.700714 0.182857 0.005714 0.005714
9 0.704643 0.187143 0.005000 0.006667
9 0.707857 0.190476 0.005714 0.005714
9 0.710357 0.193333 0.005000 0.005714
0 0.765714 0.158571 0.004286 0.008571
0 0.942857 0.229524 0.007143 0.007619
3 0.989643 0.067619 0.017857 0.020952
3 0.960714 0.061429 0.015714 0.021905
3 0.943571 0.053810 0.012857 0.020000
3 0.932143 0.050476 0.011429 0.019048
3 0.917500 0.040952 0.010714 0.019048
3 0.906429 0.042381 0.012857 0.021905
0 0.589286 0.385238 0.002857 0.006667
