8 0.565357 0.476523 0.067857 0.087563
8 0.468214 0.566624 0.083571 0.102792
8 0.325714 0.699873 0.147143 0.194162
8 0.146786 0.873096 0.146429 0.177665
8 0.696429 0.345178 0.068571 0.091371
8 0.793214 0.265863 0.056429 0.077411
3 0.758571 0.307741 0.020000 0.029188
3 0.737143 0.324239 0.021429 0.024112
3 0.261071 0.439086 0.020714 0.043147
3 0.211429 0.309645 0.020000 0.030457
4 0.247500 0.355964 0.017857 0.044416
4 0.233571 0.327411 0.020000 0.038071
4 0.181429 0.268401 0.030000 0.024112
4 0.138214 0.588198 0.026429 0.057107
4 0.162857 0.739213 0.030000 0.067259
0 0.316071 0.593909 0.010714 0.017766
0 0.321429 0.609772 0.011429 0.021574
0 0.241786 0.291244 0.005000 0.016497
0 0.236071 0.305838 0.005000 0.020305
0 0.233929 0.295685 0.003571 0.015228
0 0.148571 0.208122 0.004286 0.015228
5 0.133214 0.217640 0.026429 0.041878
5 0.155714 0.243655 0.025714 0.043147
0 0.007500 0.137690 0.003571 0.011421
9 0.007500 0.141497 0.007857 0.011421
0 0.026429 0.413071 0.005714 0.019036
0 0.027500 0.445431 0.006429 0.022843
0 0.052143 0.651650 0.010000 0.026650
0 0.035000 0.782360 0.008571 0.031726
0 0.045357 0.569162 0.006429 0.021574
0 0.022500 0.406726 0.006429 0.019036
0 0.037143 0.687817 0.010000 0.030457
0 0.068214 0.701142 0.009286 0.039340
0 0.388929 0.907360 0.010714 0.043147
0 0.677500 0.545685 0.009286 0.032995
0 0.735357 0.552030 0.006429 0.038071
0 0.739286 0.484137 0.010000 0.034264
0 0.499286 0.486041 0.007143 0.032995
0 0.614643 0.406726 0.005000 0.026650
0 0.621071 0.404822 0.006429 0.027919
0 0.595357 0.364213 0.005000 0.022843
0 0.581429 0.366751 0.005714 0.022843
0 0.815714 0.369289 0.004286 0.022843
0 0.812143 0.366751 0.007143 0.027919
0 0.827500 0.372462 0.006429 0.024112
0 0.828571 0.365482 0.005714 0.030457
0 0.741429 0.299492 0.002857 0.022843
0 0.537143 0.729061 0.011429 0.044416
9 0.483929 0.922589 0.022143 0.055838
0 0.481786 0.962563 0.007857 0.041878
0 0.471429 0.980964 0.010000 0.035533
0 0.464286 0.986041 0.008571 0.025381
0 0.488214 0.989848 0.007857 0.017766
