3 0.581429 0.777143 0.038571 0.083810
3 0.502143 0.681429 0.030000 0.092381
3 0.547500 0.521905 0.022143 0.040000
0 0.188571 0.838571 0.015714 0.050476
3 0.289643 0.720476 0.049286 0.088571
3 0.316071 0.651905 0.042143 0.071429
3 0.522857 0.140000 0.005714 0.007619
3 0.529643 0.140000 0.005000 0.005714
3 0.530714 0.150952 0.004286 0.006667
3 0.522857 0.153333 0.005714 0.005714
3 0.526786 0.189524 0.006429 0.005714
3 0.526786 0.199524 0.006429 0.006667
3 0.533571 0.208095 0.007143 0.008571
3 0.527857 0.214762 0.007143 0.006667
3 0.542500 0.218571 0.007857 0.010476
3 0.544643 0.230000 0.009286 0.006667
3 0.532500 0.249524 0.007857 0.009524
3 0.499286 0.245714 0.011429 0.011429
3 0.511786 0.252381 0.010714 0.015238
3 0.534643 0.284286 0.012143 0.014286
3 0.510714 0.282857 0.011429 0.013333
3 0.528214 0.124286 0.005000 0.006667
9 0.549643 0.252857 0.003571 0.010476
1 0.550000 0.250476 0.001429 0.005714
0 0.434643 0.350476 0.005000 0.015238
0 0.431429 0.367143 0.004286 0.014286
0 0.443214 0.300476 0.003571 0.010476
0 0.454643 0.299048 0.002143 0.011429
3 0.463214 0.116190 0.007857 0.007619
4 0.541786 0.435238 0.017857 0.032381
3 0.510000 0.484286 0.020000 0.046667
3 0.339286 0.586190 0.035714 0.058095
3 0.360000 0.539524 0.027143 0.046667
4 0.368571 0.497619 0.032857 0.052381
9 0.727143 0.664762 0.008571 0.030476
9 0.716786 0.666190 0.009286 0.029524
9 0.720000 0.620476 0.007143 0.023810
9 0.653571 0.495714 0.005714 0.018095
9 0.649286 0.453333 0.004286 0.017143
9 0.638929 0.454286 0.005000 0.015238
9 0.643214 0.395714 0.005000 0.014286
9 0.635357 0.396190 0.005000 0.013333
9 0.560000 0.198571 0.002857 0.006667
9 0.550357 0.167143 0.002143 0.006667
9 0.562500 0.209524 0.002143 0.007619
3 0.692857 0.519048 0.025714 0.041905
9 0.723214 0.246190 0.006429 0.012381
4 0.661071 0.207619 0.022143 0.017143
8 0.728214 0.200000 0.016429 0.017143
1 0.727500 0.652857 0.005000 0.014286
1 0.717500 0.656190 0.005000 0.019048
1 0.720357 0.609524 0.003571 0.015238
1 0.701429 0.654286 0.008571 0.019048
1 0.652857 0.487143 0.004286 0.012381
1 0.638929 0.444762 0.003571 0.011429
1 0.648929 0.445714 0.003571 0.011429
1 0.642143 0.391905 0.002857 0.006667
1 0.636429 0.390952 0.002857 0.010476
1 0.551071 0.166190 0.002143 0.004762
1 0.561071 0.197143 0.002143 0.005714
1 0.554643 0.179048 0.002143 0.003810
1 0.562857 0.208571 0.002857 0.003810
9 0.554286 0.181905 0.002857 0.009524
1 0.723214 0.244762 0.005000 0.005714
3 0.584286 0.485714 0.024286 0.034286
9 0.606786 0.523810 0.006429 0.030476
1 0.608214 0.511429 0.005000 0.017143
