5 0.158571 0.513325 0.104286 0.072335
5 0.264643 0.505076 0.090714 0.078680
5 0.631786 0.529188 0.106429 0.086294
5 0.892143 0.506980 0.101429 0.087563
5 0.931429 0.360406 0.088571 0.065990
3 0.512143 0.921320 0.025714 0.111675
3 0.578571 0.917513 0.027143 0.091371
3 0.607857 0.910533 0.024286 0.087563
3 0.638214 0.916878 0.027857 0.090102
3 0.690714 0.909264 0.037143 0.100254
3 0.581786 0.984772 0.026429 0.027919
3 0.668571 0.974619 0.028571 0.048223
3 0.703929 0.980330 0.026429 0.036802
3 0.093929 0.063452 0.017857 0.020305
5 0.623214 0.625000 0.035000 0.092640
5 0.587857 0.626269 0.034286 0.085025
3 0.023214 0.921954 0.037857 0.085025
