8 0.725714 0.888959 0.042857 0.112944
9 0.743929 0.973985 0.009286 0.021574
3 0.737143 0.817893 0.024286 0.031726
8 0.681429 0.765863 0.055714 0.079949
8 0.791071 0.828680 0.063571 0.088832
3 0.818929 0.847081 0.015000 0.021574
5 0.812143 0.807107 0.034286 0.053299
3 0.825357 0.805203 0.017857 0.024112
3 0.791429 0.772208 0.020000 0.026650
3 0.757500 0.739848 0.022143 0.030457
5 0.720357 0.734772 0.033571 0.053299
3 0.806071 0.728426 0.019286 0.017766
3 0.966071 0.827411 0.013571 0.032995
3 0.949286 0.817893 0.015714 0.034264
3 0.961071 0.779188 0.015000 0.032995
3 0.975714 0.789975 0.015714 0.031726
8 0.988571 0.750635 0.021429 0.046954
3 0.852500 0.938452 0.029286 0.036802
8 0.865000 0.972716 0.061429 0.052030
3 0.573571 0.647843 0.020000 0.024112
4 0.696429 0.663706 0.021429 0.030457
5 0.673571 0.642766 0.025714 0.036802
3 0.648929 0.620558 0.019286 0.025381
3 0.502857 0.555838 0.017143 0.022843
4 0.550000 0.526650 0.017143 0.027919
4 0.498571 0.459391 0.015714 0.025381
3 0.729643 0.385152 0.012143 0.019036
3 0.715714 0.375635 0.014286 0.017766
3 0.727143 0.364213 0.012857 0.017766
3 0.737857 0.354695 0.011429 0.016497
8 0.755714 0.291244 0.028571 0.039340
8 0.745714 0.282360 0.027143 0.039340
8 0.701429 0.244924 0.030000 0.040609
3 0.693571 0.175761 0.012857 0.016497
5 0.706786 0.165609 0.016429 0.026650
4 0.720000 0.188452 0.014286 0.019036
3 0.721429 0.180838 0.011429 0.016497
5 0.734643 0.187817 0.019286 0.027919
3 0.748929 0.213198 0.015000 0.020305
3 0.751786 0.207487 0.013571 0.016497
3 0.467857 0.137690 0.012857 0.013959
5 0.479643 0.125000 0.017857 0.021574
3 0.247857 0.068528 0.014286 0.012690
3 0.250000 0.119924 0.010000 0.016497
3 0.251071 0.134518 0.009286 0.012690
3 0.281071 0.176396 0.010714 0.015228
3 0.257857 0.195431 0.010000 0.012690
3 0.286786 0.200508 0.010714 0.015228
3 0.302143 0.208122 0.011429 0.015228
8 0.284643 0.248096 0.015000 0.026650
3 0.304643 0.273477 0.009286 0.013959
3 0.321429 0.284264 0.012857 0.015228
3 0.336071 0.311548 0.012143 0.019036
3 0.215714 0.519670 0.010000 0.021574
