3 0.683929 0.171905 0.052143 0.037143
3 0.520714 0.225714 0.050000 0.055238
3 0.539643 0.466190 0.023571 0.067619
3 0.432857 0.524286 0.028571 0.069524
3 0.539286 0.729524 0.024286 0.070476
3 0.188571 0.825714 0.052857 0.066667
3 0.173214 0.706667 0.047857 0.066667
4 0.514643 0.952857 0.037857 0.065714
4 0.346071 0.173810 0.046429 0.037143
6 0.487500 0.843333 0.016429 0.052381
6 0.539286 0.834286 0.021429 0.049524
6 0.537143 0.907143 0.020000 0.046667
0 0.249286 0.916667 0.015714 0.020000
0 0.267143 0.915238 0.011429 0.019048
0 0.374643 0.904286 0.006429 0.021905
3 0.807143 0.170000 0.055714 0.037143
0 0.831786 0.036190 0.016429 0.017143
0 0.838929 0.071905 0.013571 0.018095
0 0.847500 0.064762 0.010714 0.015238
0 0.847500 0.056190 0.012143 0.015238
0 0.850357 0.046667 0.010714 0.015238
9 0.437500 0.852381 0.010714 0.030476
9 0.454286 0.910476 0.007143 0.028571
9 0.463571 0.768095 0.007143 0.029524
9 0.448214 0.718571 0.009286 0.029524
9 0.461786 0.620952 0.009286 0.028571
9 0.462857 0.426667 0.008571 0.028571
9 0.481071 0.490952 0.009286 0.025714
9 0.425000 0.362381 0.012857 0.031429
9 0.389643 0.326667 0.012143 0.030476
4 0.023571 0.825238 0.047143 0.063810
3 0.014643 0.709048 0.029286 0.060000
3 0.048571 0.713333 0.051429 0.068571
3 0.085714 0.712381 0.048571 0.064762
3 0.130714 0.708095 0.052857 0.069524
5 0.540357 0.623333 0.036429 0.126667
9 0.429643 0.200476 0.022143 0.020000
9 0.426429 0.122381 0.008571 0.035238
9 0.599643 0.220000 0.025000 0.017143
9 0.897143 0.237143 0.025714 0.015238
9 0.952857 0.207143 0.025714 0.018095
3 0.985714 0.170000 0.028571 0.035238
2 0.744286 0.135238 0.017143 0.009524
1 0.749286 0.131429 0.010000 0.015238
1 0.899643 0.236190 0.010714 0.015238
1 0.432143 0.200476 0.008571 0.020000
1 0.425714 0.199048 0.007143 0.013333
1 0.600000 0.218571 0.007143 0.014286
1 0.425714 0.118571 0.007143 0.018095
1 0.462500 0.426190 0.007857 0.014286
1 0.481429 0.492381 0.008571 0.017143
1 0.461786 0.622381 0.007857 0.014286
1 0.463929 0.769524 0.006429 0.017143
1 0.448214 0.723333 0.007857 0.010476
1 0.437143 0.854762 0.007143 0.016190
0 0.503929 0.896190 0.007857 0.020952
1 0.490000 0.836667 0.005714 0.018095
9 0.301786 0.144286 0.019286 0.014286
1 0.301071 0.142381 0.010714 0.014286
1 0.958571 0.206667 0.008571 0.013333
9 0.447143 0.062857 0.012857 0.040000
1 0.446071 0.059524 0.013571 0.023810
