3 0.750357 0.804762 0.130714 0.070476
3 0.639643 0.716667 0.079286 0.061905
3 0.397857 0.680000 0.087143 0.047619
8 0.515357 0.715238 0.236429 0.121905
3 0.563929 0.776190 0.125000 0.087619
3 0.426429 0.750952 0.115714 0.071429
3 0.268214 0.729048 0.113571 0.067619
3 0.131786 0.695238 0.089286 0.053333
4 0.050000 0.683333 0.100000 0.079048
8 0.152857 0.601905 0.181429 0.104762
0 0.771429 0.696190 0.015714 0.049524
0 0.029286 0.565714 0.010000 0.024762
0 0.046071 0.571905 0.009286 0.031429
0 0.041786 0.565714 0.006429 0.022857
0 0.058571 0.566667 0.008571 0.028571
3 0.026786 0.516190 0.040714 0.017143
4 0.010357 0.490000 0.020714 0.018095
3 0.146071 0.508571 0.032143 0.017143
3 0.137143 0.485238 0.034286 0.018095
3 0.160357 0.479048 0.022143 0.019048
3 0.177500 0.474286 0.025000 0.017143
3 0.138571 0.468571 0.021429 0.019048
3 0.243214 0.585238 0.019286 0.033333
3 0.263214 0.589524 0.022143 0.032381
3 0.289286 0.590952 0.031429 0.039048
3 0.327143 0.588095 0.045714 0.039048
3 0.382500 0.594762 0.045000 0.040952
3 0.446786 0.601905 0.045000 0.047619
3 0.386786 0.538571 0.039286 0.020000
3 0.391786 0.532381 0.029286 0.019048
3 0.390357 0.526190 0.037857 0.016190
3 0.396429 0.521429 0.030000 0.018095
4 0.402143 0.518095 0.031429 0.020952
3 0.419286 0.517619 0.025714 0.018095
4 0.422857 0.512857 0.024286 0.018095
3 0.413571 0.502857 0.021429 0.011429
3 0.402143 0.504286 0.020000 0.018095
3 0.387857 0.509048 0.021429 0.016190
3 0.367143 0.499524 0.022857 0.018095
4 0.388214 0.494286 0.026429 0.019048
3 0.398929 0.491429 0.022143 0.013333
4 0.411786 0.490952 0.022143 0.020000
3 0.413214 0.561429 0.029286 0.033333
3 0.435000 0.562857 0.031429 0.032381
3 0.462500 0.564762 0.029286 0.034286
3 0.486429 0.568095 0.031429 0.037143
3 0.510000 0.570952 0.030000 0.039048
3 0.605357 0.581429 0.046429 0.037143
3 0.554643 0.578095 0.056429 0.040000
3 0.652857 0.625714 0.034286 0.043810
1 0.676429 0.689048 0.021429 0.029524
2 0.675357 0.700476 0.042143 0.027619
