3 0.682000 0.891333 0.125000 0.105333
3 0.755250 0.836667 0.119500 0.096000
3 0.656500 0.772333 0.107000 0.096667
3 0.702000 0.684667 0.101000 0.054667
3 0.665000 0.645667 0.080000 0.058000
5 0.596750 0.633333 0.053500 0.096000
3 0.675750 0.605667 0.093500 0.046000
3 0.660500 0.571667 0.071000 0.035333
3 0.650000 0.544000 0.074000 0.045333
3 0.607750 0.523667 0.061500 0.047333
5 0.619000 0.492000 0.094000 0.053333
4 0.553250 0.505333 0.028500 0.049333
3 0.578000 0.470667 0.028000 0.048000
3 0.572500 0.411000 0.025000 0.034000
3 0.614000 0.468333 0.027000 0.035333
3 0.629000 0.414000 0.038000 0.028000
3 0.607500 0.390333 0.049000 0.026000
3 0.587750 0.381667 0.046500 0.027333
4 0.587750 0.364667 0.046500 0.029333
4 0.609750 0.341000 0.033500 0.028667
1 0.586250 0.329333 0.006500 0.017333
3 0.579000 0.327333 0.039000 0.021333
3 0.591250 0.318000 0.040500 0.018667
3 0.592250 0.309000 0.035500 0.016667
5 0.598500 0.298000 0.048000 0.025333
3 0.580000 0.302667 0.031000 0.016000
4 0.593750 0.285333 0.024500 0.014667
5 0.586000 0.270333 0.048000 0.022000
5 0.579750 0.255333 0.035500 0.018667
3 0.575000 0.246333 0.028000 0.018000
3 0.567000 0.243333 0.024000 0.014667
3 0.578250 0.235000 0.026500 0.012667
4 0.520500 0.195333 0.014000 0.013333
3 0.523000 0.184667 0.012000 0.012000
2 0.541500 0.178667 0.008000 0.005333
1 0.541250 0.176000 0.003500 0.006667
0 0.525500 0.174667 0.003000 0.009333
3 0.583250 0.193000 0.016500 0.011333
0 0.582250 0.195333 0.003500 0.010667
4 0.398750 0.271667 0.012500 0.020667
3 0.391000 0.292667 0.027000 0.018667
3 0.371000 0.296333 0.035000 0.015333
3 0.363750 0.300667 0.035500 0.014667
3 0.359500 0.306667 0.040000 0.014667
3 0.355000 0.315000 0.042000 0.015333
3 0.352000 0.324667 0.040000 0.024000
3 0.367000 0.350667 0.025000 0.034667
4 0.331750 0.344333 0.038500 0.027333
3 0.014000 0.191000 0.018000 0.011333
0 0.216250 0.604000 0.014500 0.036000
3 0.182250 0.562333 0.054500 0.050000
4 0.118250 0.600000 0.096500 0.062667
3 0.031250 0.611667 0.062500 0.046000
0 0.097750 0.944667 0.022500 0.048000
4 0.341250 0.620000 0.076500 0.064000
4 0.461000 0.544000 0.062000 0.073333
3 0.454750 0.522333 0.059500 0.051333
4 0.450000 0.472667 0.026000 0.050667
3 0.479250 0.475667 0.025500 0.039333
0 0.495500 0.446667 0.005000 0.026667
4 0.499750 0.413000 0.021500 0.042000
3 0.466000 0.415333 0.025000 0.041333
9 0.432250 0.436333 0.017500 0.019333
2 0.485750 0.338000 0.013500 0.014667
3 0.480750 0.322333 0.037500 0.023333
5 0.481000 0.307333 0.041000 0.025333
4 0.483250 0.299000 0.032500 0.020667
3 0.489750 0.292333 0.028500 0.015333
0 0.504500 0.292667 0.006000 0.018667
0 0.509500 0.291667 0.005000 0.018000
3 0.490000 0.276000 0.029000 0.018667
4 0.489750 0.267333 0.028500 0.021333
1 0.479750 0.262333 0.003500 0.008667
3 0.487750 0.261333 0.010500 0.016000
0 0.482000 0.224667 0.003000 0.013333
5 0.484250 0.217667 0.034500 0.023333
3 0.497000 0.212333 0.021000 0.011333
4 0.495750 0.207667 0.023500 0.012667
4 0.492750 0.202000 0.015500 0.013333
0 0.555500 0.256000 0.005000 0.017333
0 0.558500 0.388000 0.009000 0.028000
9 0.685250 0.505667 0.013500 0.024667
9 0.488000 0.242000 0.004000 0.012000
3 0.396250 0.195333 0.020500 0.010667
3 0.396500 0.180667 0.019000 0.009333
3 0.418250 0.180000 0.017500 0.010667
4 0.381750 0.947333 0.080500 0.102667
