0 0.463214 0.083810 0.012143 0.040000
0 0.336429 0.432381 0.021429 0.070476
0 0.230357 0.407619 0.029286 0.053333
0 0.680000 0.551429 0.022857 0.060952
0 0.651071 0.529048 0.016429 0.054286
0 0.623214 0.520476 0.023571 0.063810
0 0.297143 0.850952 0.051429 0.073333
0 0.437143 0.807143 0.062857 0.050476
0 0.517857 0.815714 0.050000 0.061905
0 0.459286 0.944286 0.065714 0.063810
0 0.373929 0.919524 0.039286 0.096190
0 0.396071 0.879048 0.073571 0.062857
1 0.304286 0.477143 0.034286 0.041905
9 0.216429 0.368571 0.042857 0.062857
0 0.674286 0.366667 0.018571 0.053333
0 0.680714 0.345238 0.024286 0.058095
0 0.655714 0.332381 0.020000 0.055238
1 0.667500 0.304286 0.025000 0.044762
1 0.598571 0.279048 0.018571 0.049524
2 0.558214 0.266667 0.036429 0.034286
