0 0.281429 0.789048 0.011429 0.025714
0 0.293929 0.785714 0.007857 0.026667
0 0.307857 0.813810 0.010000 0.031429
0 0.316071 0.811429 0.012143 0.026667
0 0.319643 0.723333 0.007857 0.027619
0 0.327143 0.721905 0.008571 0.026667
0 0.335357 0.713333 0.010714 0.028571
0 0.298929 0.669524 0.007857 0.024762
0 0.307857 0.659524 0.008571 0.029524
3 0.462143 0.623333 0.025714 0.056190
3 0.496786 0.620476 0.027857 0.065714
3 0.460000 0.557619 0.021429 0.046667
3 0.450714 0.473333 0.020000 0.041905
3 0.446786 0.434762 0.013571 0.029524
3 0.432143 0.331429 0.017143 0.028571
3 0.427857 0.278095 0.014286 0.022857
3 0.428929 0.311905 0.016429 0.025714
3 0.423214 0.262381 0.013571 0.020000
3 0.499286 0.414286 0.020000 0.034286
3 0.491071 0.383333 0.020714 0.031429
3 0.483571 0.357619 0.017143 0.027619
3 0.477857 0.329524 0.017143 0.024762
3 0.475714 0.313333 0.017143 0.020952
3 0.470357 0.292381 0.016429 0.024762
3 0.658214 0.340952 0.017857 0.020952
8 0.617857 0.254762 0.035714 0.040952
3 0.598929 0.280000 0.010714 0.015238
3 0.614286 0.280000 0.012857 0.015238
3 0.576071 0.226667 0.010714 0.013333
3 0.541786 0.206667 0.009286 0.009524
3 0.913929 0.484762 0.029286 0.038095
3 0.974286 0.500000 0.042857 0.036190
3 0.941786 0.474762 0.032143 0.027619
3 0.848929 0.380952 0.026429 0.034286
3 0.876786 0.409048 0.026429 0.033333
0 0.979286 0.666190 0.012857 0.023810
