3 0.474643 0.873731 0.035000 0.064721
3 0.225357 0.831218 0.033571 0.045685
3 0.408571 0.739213 0.025714 0.036802
3 0.477857 0.751269 0.028571 0.045685
8 0.554286 0.711929 0.054286 0.121827
3 0.551071 0.531091 0.017857 0.026650
3 0.614286 0.456218 0.014286 0.026650
3 0.602857 0.378807 0.011429 0.019036
3 0.662857 0.530457 0.017143 0.030457
3 0.696786 0.378173 0.012143 0.022843
3 0.653571 0.309010 0.008571 0.019036
3 0.658571 0.230964 0.007143 0.015228
3 0.715357 0.261421 0.007857 0.020305
3 0.640714 0.204315 0.007143 0.012690
3 0.630000 0.091371 0.010000 0.010152
3 0.754643 0.109137 0.007857 0.012690
8 0.617500 0.033629 0.007857 0.019036
3 0.842143 0.060914 0.008571 0.010152
4 0.865000 0.048858 0.010000 0.011421
