3 0.303250 0.076000 0.025500 0.038667
3 0.320500 0.026667 0.023000 0.032000
4 0.208250 0.051667 0.044500 0.038000
0 0.249750 0.094667 0.011500 0.034667
0 0.215250 0.086333 0.008500 0.027333
0 0.227000 0.082667 0.011000 0.029333
0 0.592000 0.254000 0.010000 0.028000
1 0.635250 0.323333 0.010500 0.028000
2 0.635500 0.331333 0.010000 0.028000
3 0.163500 0.201000 0.038000 0.044667
3 0.131000 0.201000 0.038000 0.050000
3 0.061000 0.334000 0.054000 0.066667
3 0.101000 0.341667 0.045000 0.064667
3 0.269500 0.178667 0.028000 0.044000
3 0.241750 0.149667 0.033500 0.038000
0 0.251750 0.289333 0.011500 0.041333
3 0.158750 0.519000 0.052500 0.090000
3 0.107500 0.687667 0.064000 0.131333
3 0.040000 0.499667 0.080000 0.051333
0 0.070000 0.527000 0.020000 0.035333
0 0.089000 0.515000 0.021000 0.035333
1 0.734250 0.871000 0.017500 0.048667
2 0.731250 0.877000 0.019500 0.067333
4 0.813750 0.946333 0.081500 0.107333
3 0.714000 0.569000 0.050000 0.088667
2 0.829500 0.568000 0.029000 0.029333
2 0.820500 0.543333 0.024000 0.030667
2 0.810000 0.524000 0.025000 0.030667
2 0.799500 0.501667 0.027000 0.023333
2 0.792250 0.468333 0.014500 0.035333
3 0.667500 0.387333 0.039000 0.057333
3 0.623750 0.203667 0.030500 0.044667
3 0.615000 0.156000 0.021000 0.044000
