0 0.414000 0.686667 0.030000 0.101333
0 0.773500 0.761333 0.050000 0.118667
3 0.487250 0.635667 0.109500 0.218000
0 0.644750 0.441667 0.021500 0.070000
0 0.628500 0.438667 0.015000 0.060000
9 0.691250 0.434333 0.049500 0.054000
3 0.649500 0.360000 0.059000 0.081333
1 0.564750 0.387000 0.019500 0.040667
6 0.453500 0.411667 0.043000 0.076667
1 0.460500 0.385000 0.023000 0.036667
0 0.340000 0.360333 0.030000 0.064667
5 0.314000 0.352667 0.095000 0.114667
5 0.582250 0.255000 0.101500 0.071333
0 0.526000 0.251000 0.010000 0.040667
3 0.542500 0.219667 0.037000 0.048667
3 0.493250 0.242333 0.043500 0.051333
5 0.447250 0.182667 0.038500 0.052000
5 0.603000 0.179333 0.070000 0.041333
3 0.597750 0.168000 0.051500 0.032000
2 0.493750 0.156667 0.008500 0.025333
1 0.494000 0.147333 0.008000 0.025333
9 0.485500 0.153333 0.015000 0.022667
1 0.485750 0.144000 0.010500 0.024000
1 0.490750 0.134333 0.009500 0.019333
4 0.476750 0.127000 0.021500 0.036667
5 0.463750 0.108000 0.054500 0.046667
0 0.520250 0.129000 0.008500 0.027333
3 0.503500 0.089333 0.020000 0.028000
9 0.516500 0.105667 0.009000 0.020667
1 0.517250 0.102333 0.007500 0.024667
5 0.556500 0.120000 0.026000 0.038667
5 0.604750 0.075667 0.027500 0.054000
3 0.505750 0.076000 0.034500 0.020000
3 0.522250 0.059000 0.012500 0.018000
3 0.528500 0.054333 0.012000 0.015333
3 0.529750 0.048000 0.012500 0.014667
