5 0.387500 0.478571 0.032143 0.058095
3 0.772500 0.971905 0.053571 0.052381
3 0.748214 0.933810 0.050714 0.050476
0 0.436071 0.564286 0.003571 0.016190
0 0.402857 0.410952 0.002857 0.010476
3 0.438571 0.368571 0.008571 0.013333
5 0.510000 0.211905 0.007143 0.016190
0 0.520714 0.272381 0.001429 0.005714
0 0.553929 0.860952 0.007857 0.030476
3 0.200357 0.256190 0.013571 0.007619
3 0.192500 0.265714 0.010714 0.007619
3 0.578929 0.306667 0.013571 0.007619
4 0.580000 0.295714 0.011429 0.006667
4 0.580714 0.286667 0.010000 0.005714
4 0.581429 0.292381 0.008571 0.003810
