0 0.132857 0.210660 0.002857 0.010152
0 0.183929 0.246193 0.003571 0.010152
0 0.181071 0.236041 0.002143 0.007614
0 0.191429 0.254442 0.002857 0.011421
0 0.200714 0.243020 0.002857 0.008883
0 0.195357 0.244924 0.003571 0.012690
0 0.196071 0.235406 0.002143 0.008883
3 0.238214 0.371827 0.016429 0.020305
3 0.193571 0.421320 0.017143 0.020305
0 0.140357 0.414340 0.003571 0.011421
3 0.214643 0.399746 0.015000 0.017766
9 0.179643 0.352157 0.006429 0.008883
4 0.261429 0.347081 0.017143 0.021574
0 0.263929 0.306472 0.003571 0.011421
3 0.280000 0.324873 0.012857 0.017766
3 0.296429 0.300761 0.012857 0.020305
3 0.311071 0.314721 0.015000 0.017766
8 0.316429 0.264594 0.028571 0.049492
8 0.075714 0.751269 0.067143 0.073604
4 0.123214 0.660533 0.023571 0.029188
3 0.011786 0.902919 0.013571 0.041878
3 0.025714 0.887690 0.011429 0.031726
3 0.054643 0.871193 0.013571 0.039340
3 0.068929 0.862310 0.013571 0.036802
3 0.082857 0.853426 0.012857 0.036802
9 0.130000 0.832487 0.004286 0.017766
9 0.121786 0.833122 0.010714 0.013959
5 0.163571 0.873731 0.048571 0.052030
5 0.234286 0.833122 0.065714 0.057107
4 0.151071 0.823604 0.023571 0.040609
4 0.188929 0.803299 0.020714 0.032995
4 0.206429 0.790609 0.022857 0.040609
4 0.226786 0.778553 0.020714 0.036802
4 0.243929 0.769670 0.019286 0.036802
3 0.171429 0.812183 0.021429 0.035533
3 0.136786 0.753807 0.025000 0.027919
8 0.075000 0.815355 0.075714 0.044416
4 0.195357 0.730330 0.020714 0.026650
3 0.315000 0.785533 0.024286 0.025381
3 0.350000 0.798223 0.022857 0.022843
4 0.313929 0.741751 0.023571 0.024112
4 0.315000 0.760787 0.022857 0.024112
4 0.252857 0.656091 0.022857 0.027919
4 0.262857 0.678934 0.020000 0.025381
3 0.326071 0.647843 0.022143 0.024112
3 0.289286 0.611041 0.021429 0.026650
3 0.427143 0.675127 0.020000 0.020305
3 0.357143 0.491751 0.018571 0.021574
3 0.377500 0.527284 0.019286 0.024112
4 0.393214 0.669416 0.015000 0.031726
5 0.427143 0.699239 0.022857 0.025381
3 0.464286 0.456853 0.018571 0.022843
3 0.525000 0.413071 0.018571 0.016497
4 0.483571 0.393401 0.018571 0.020305
8 0.523929 0.369924 0.030714 0.034264
3 0.550357 0.342005 0.017857 0.016497
4 0.494643 0.913071 0.023571 0.026650
4 0.525714 0.893401 0.024286 0.027919
3 0.554286 0.879442 0.024286 0.027919
1 0.679286 0.973985 0.004286 0.011421
0 0.685357 0.959391 0.005000 0.010152
0 0.686786 0.975254 0.005000 0.011421
8 0.671071 0.858503 0.045000 0.046954
8 0.655714 0.900381 0.064286 0.074873
8 0.665357 0.928934 0.070714 0.078680
8 0.777143 0.960660 0.041429 0.076142
8 0.752857 0.894036 0.042857 0.097716
8 0.780357 0.810279 0.042143 0.110406
3 0.920000 0.963198 0.028571 0.048223
4 0.974286 0.709391 0.027143 0.045685
4 0.986429 0.701142 0.025714 0.044416
4 0.993929 0.696066 0.012143 0.041878
8 0.874286 0.675761 0.070000 0.046954
0 0.872500 0.580584 0.005000 0.008883
0 0.880714 0.595178 0.002857 0.010152
3 0.715000 0.621827 0.020000 0.030457
4 0.713929 0.585660 0.019286 0.031726
3 0.671786 0.460025 0.016429 0.029188
8 0.739286 0.590102 0.048571 0.096447
3 0.713571 0.435279 0.018571 0.017766
8 0.809286 0.409898 0.050000 0.043147
8 0.896429 0.389594 0.048571 0.040609
0 0.965357 0.480964 0.005000 0.007614
0 0.939286 0.489213 0.004286 0.008883
0 0.993214 0.464467 0.005000 0.010152
4 0.987143 0.279822 0.017143 0.016497
4 0.905357 0.243020 0.017857 0.016497
3 0.902143 0.260787 0.018571 0.013959
3 0.734286 0.298858 0.017143 0.013959
3 0.681429 0.281091 0.015714 0.013959
4 0.641786 0.356599 0.019286 0.015228
9 0.665714 0.365482 0.007143 0.010152
1 0.666786 0.363579 0.003571 0.008883
3 0.603929 0.312817 0.012143 0.024112
3 0.591071 0.257614 0.016429 0.015228
8 0.772857 0.197335 0.040000 0.031726
8 0.925714 0.210660 0.045714 0.035533
8 0.877857 0.174492 0.042857 0.031726
4 0.937143 0.182741 0.015714 0.020305
4 0.991786 0.188452 0.016429 0.019036
3 0.965357 0.189086 0.016429 0.012690
3 0.827143 0.164975 0.014286 0.012690
3 0.767857 0.156726 0.014286 0.011421
4 0.719286 0.163706 0.010000 0.012690
3 0.684643 0.147843 0.012143 0.008883
3 0.616429 0.162437 0.011429 0.010152
4 0.556071 0.212563 0.012143 0.024112
4 0.523214 0.197335 0.010714 0.019036
3 0.541429 0.213832 0.010000 0.019036
8 0.518929 0.128807 0.020714 0.052030
0 0.343571 0.189721 0.002857 0.011421
0 0.345357 0.185914 0.003571 0.008883
0 0.340357 0.187817 0.003571 0.007614
0 0.376071 0.166244 0.002143 0.010152
8 0.355357 0.153553 0.007857 0.025381
8 0.378929 0.129442 0.013571 0.032995
0 0.361786 0.106599 0.002143 0.010152
8 0.387857 0.133249 0.011429 0.027919
8 0.414643 0.155457 0.030714 0.029188
8 0.414286 0.145305 0.030000 0.031726
8 0.416071 0.136421 0.032143 0.031726
8 0.417500 0.131345 0.026429 0.029188
8 0.423571 0.124365 0.018571 0.025381
8 0.401786 0.105330 0.030714 0.030457
8 0.420357 0.105330 0.030714 0.030457
8 0.417857 0.095178 0.030000 0.030457
8 0.418214 0.087563 0.029286 0.032995
8 0.423929 0.083122 0.022143 0.031726
8 0.423571 0.073604 0.030000 0.032995
8 0.399286 0.074873 0.008571 0.027919
8 0.392857 0.055838 0.010000 0.035533
8 0.400714 0.019670 0.011429 0.034264
3 0.439643 0.005711 0.006429 0.011421
3 0.449643 0.008249 0.005000 0.011421
3 0.463214 0.021574 0.006429 0.012690
3 0.444643 0.019036 0.005000 0.010152
3 0.449286 0.033629 0.007143 0.011421
0 0.440357 0.149112 0.002143 0.008883
4 0.454286 0.049492 0.007143 0.015228
3 0.460714 0.065355 0.008571 0.011421
3 0.471786 0.086929 0.007857 0.011421
3 0.486071 0.075508 0.007857 0.013959
3 0.480000 0.108503 0.010000 0.013959
