4 0.688929 0.095812 0.025000 0.059645
3 0.717143 0.321066 0.021429 0.050761
0 0.726786 0.852157 0.009286 0.011421
0 0.427857 0.121193 0.002857 0.011421
0 0.419286 0.123731 0.004286 0.019036
0 0.423214 0.121193 0.003571 0.016497
0 0.478929 0.223350 0.005000 0.015228
0 0.471071 0.214467 0.003571 0.012690
0 0.478214 0.263325 0.003571 0.016497
0 0.501071 0.237944 0.006429 0.011421
0 0.502857 0.220812 0.004286 0.017766
0 0.465000 0.171320 0.004286 0.015228
0 0.455357 0.187183 0.003571 0.013959
0 0.457857 0.207487 0.004286 0.011421
0 0.470000 0.176396 0.004286 0.012690
0 0.531429 0.465736 0.004286 0.012690
0 0.581429 0.451777 0.004286 0.012690
0 0.496071 0.503807 0.003571 0.010152
0 0.475000 0.517766 0.005714 0.012690
0 0.483929 0.476523 0.003571 0.011421
0 0.458929 0.500000 0.005000 0.012690
0 0.453214 0.448604 0.005000 0.006345
0 0.446071 0.456218 0.005000 0.013959
5 0.959643 0.944797 0.076429 0.107868
0 0.830000 0.892132 0.004286 0.005076
3 0.017143 0.663706 0.018571 0.058376
3 0.226429 0.078680 0.028571 0.030457
3 0.227500 0.048223 0.035000 0.022843
