3 0.553497 0.029221 0.017223 0.058442
3 0.576722 0.030612 0.019833 0.061224
3 0.600992 0.027365 0.021399 0.054731
4 0.103601 0.739332 0.042276 0.100186
3 0.256524 0.546846 0.028706 0.099258
4 0.341597 0.545918 0.025574 0.091837
4 0.411795 0.527829 0.020877 0.085343
4 0.484342 0.522263 0.019833 0.090909
4 0.518528 0.514842 0.032881 0.085343
3 0.550365 0.512987 0.030793 0.094620
3 0.584551 0.510668 0.029228 0.095547
3 0.618998 0.516234 0.027140 0.101113
3 0.681367 0.515306 0.027662 0.095547
0 0.767223 0.569573 0.011482 0.027829
0 0.777923 0.585807 0.012004 0.025046
3 0.783142 0.515306 0.034969 0.095547
6 0.820720 0.504174 0.025574 0.073284
3 0.870825 0.506030 0.039144 0.099258
