3 0.584286 0.588095 0.044286 0.035238
3 0.586786 0.537619 0.036429 0.031429
3 0.588214 0.505714 0.035000 0.028571
3 0.540357 0.538095 0.036429 0.030476
3 0.682500 0.622857 0.042143 0.032381
3 0.551429 0.728571 0.024286 0.062857
3 0.551429 0.812857 0.025714 0.079048
4 0.572857 0.636667 0.044286 0.058095
5 0.567143 0.669524 0.052857 0.072381
5 0.506429 0.524762 0.030000 0.093333
5 0.501429 0.325714 0.027143 0.049524
4 0.598214 0.331905 0.029286 0.021905
3 0.661786 0.322381 0.023571 0.016190
4 0.671071 0.420000 0.019286 0.024762
4 0.661071 0.310476 0.023571 0.015238
3 0.717143 0.413810 0.031429 0.021905
3 0.549286 0.409524 0.011429 0.020952
3 0.196429 0.772381 0.045714 0.066667
3 0.248571 0.680952 0.041429 0.049524
8 0.312143 0.568571 0.055714 0.087619
0 0.160714 0.441429 0.008571 0.023810
1 0.107143 0.440952 0.005714 0.015238
0 0.238214 0.310952 0.005000 0.016190
6 0.576071 0.733810 0.016429 0.044762
5 0.528214 0.676190 0.043571 0.036190
0 0.553214 0.389524 0.013571 0.019048
0 0.681429 0.392857 0.005714 0.014286
4 0.537500 0.387619 0.012143 0.022857
4 0.563929 0.336667 0.023571 0.018095
3 0.542857 0.358571 0.018571 0.020000
0 0.614643 0.311905 0.002143 0.010476
0 0.667857 0.305714 0.002857 0.009524
0 0.583929 0.274286 0.002143 0.011429
3 0.570000 0.202381 0.007143 0.008571
3 0.568929 0.220476 0.006429 0.010476
0 0.427857 0.269048 0.002857 0.012381
