1 0.913500 0.632000 0.021000 0.032000
1 0.902250 0.601667 0.027500 0.042000
1 0.907250 0.602333 0.016500 0.014000
9 0.787500 0.514333 0.036000 0.048667
0 0.669750 0.479333 0.012500 0.038667
9 0.523250 0.909000 0.030500 0.110000
1 0.522750 0.896000 0.027500 0.068000
0 0.596750 0.798667 0.027500 0.072000
9 0.618250 0.768667 0.029500 0.078667
1 0.617500 0.758667 0.023000 0.066667
6 0.182750 0.955000 0.131500 0.090000
0 0.262250 0.866333 0.018500 0.046000
1 0.292750 0.928333 0.031500 0.075333
1 0.281000 0.977000 0.035000 0.046000
0 0.401250 0.670333 0.015500 0.070000
0 0.457750 0.640667 0.015500 0.065333
0 0.502500 0.616333 0.015000 0.054000
0 0.475750 0.603000 0.022500 0.052667
0 0.487000 0.604000 0.008000 0.030667
0 0.461500 0.588333 0.016000 0.027333
0 0.472750 0.570333 0.017500 0.055333
1 0.427000 0.565000 0.015000 0.035333
0 0.530250 0.476667 0.016500 0.050667
0 0.515000 0.483667 0.018000 0.030000
0 0.500750 0.478333 0.013500 0.038000
3 0.418500 0.484000 0.104000 0.065333
1 0.392750 0.365333 0.013500 0.032000
0 0.413000 0.396000 0.011000 0.042667
3 0.434250 0.431000 0.092500 0.058000
0 0.441000 0.387000 0.011000 0.042000
0 0.448250 0.381667 0.008500 0.042000
0 0.440500 0.369333 0.007000 0.040000
0 0.475000 0.386667 0.007000 0.024000
0 0.481250 0.379333 0.009500 0.041333
2 0.487750 0.371333 0.010500 0.029333
1 0.487500 0.363000 0.011000 0.023333
2 0.514250 0.366667 0.012500 0.030667
1 0.514000 0.359667 0.012000 0.030000
1 0.625000 0.393333 0.010000 0.030667
1 0.609500 0.404000 0.012000 0.038667
2 0.597750 0.359000 0.015500 0.030000
1 0.589500 0.335667 0.009000 0.023333
0 0.556500 0.374667 0.012000 0.041333
1 0.568500 0.371000 0.013000 0.024667
1 0.536250 0.343000 0.011500 0.026000
1 0.511750 0.314667 0.010500 0.026667
1 0.526250 0.330333 0.008500 0.027333
1 0.521000 0.325333 0.009000 0.022667
0 0.416250 0.317000 0.016500 0.035333
0 0.430750 0.314000 0.008500 0.034667
0 0.436750 0.302333 0.009500 0.035333
0 0.440250 0.295000 0.009500 0.038000
0 0.446500 0.288000 0.009000 0.032000
0 0.451250 0.303333 0.009500 0.036000
9 0.468000 0.308667 0.015000 0.025333
0 0.468500 0.296667 0.008000 0.029333
1 0.462750 0.299333 0.005500 0.022667
0 0.417250 0.298000 0.008500 0.029333
2 0.421750 0.303333 0.012500 0.030667
9 0.407000 0.285667 0.015000 0.024667
1 0.406500 0.279000 0.009000 0.031333
0 0.453000 0.272000 0.007000 0.034667
0 0.467250 0.253333 0.006500 0.022667
0 0.434000 0.246667 0.006000 0.032000
9 0.453500 0.261667 0.021000 0.016667
1 0.441750 0.236333 0.008500 0.019333
1 0.450750 0.237000 0.007500 0.023333
1 0.457000 0.240333 0.007000 0.024667
0 0.396750 0.170000 0.006500 0.024000
0 0.407750 0.187333 0.006500 0.024000
9 0.405750 0.167667 0.006500 0.016667
1 0.420250 0.175333 0.005500 0.014667
0 0.408500 0.216667 0.008000 0.028000
0 0.415500 0.200667 0.005000 0.024000
0 0.420750 0.200333 0.006500 0.024667
0 0.424000 0.215333 0.007000 0.026667
0 0.418250 0.217333 0.005500 0.029333
0 0.417250 0.212667 0.004500 0.012000
0 0.401500 0.209000 0.007000 0.030000
0 0.396250 0.200000 0.005500 0.021333
0 0.390000 0.206667 0.006000 0.016000
1 0.395000 0.208667 0.005000 0.013333
0 0.376750 0.194000 0.005500 0.025333
4 0.768000 0.126000 0.028000 0.024000
4 0.839500 0.284333 0.057000 0.039333
5 0.603500 0.147333 0.033000 0.022667
0 0.612250 0.155000 0.004500 0.019333
0 0.618750 0.155333 0.004500 0.022667
2 0.572500 0.161000 0.013000 0.014000
1 0.572500 0.156000 0.006000 0.020000
3 0.467000 0.131333 0.023000 0.017333
3 0.451000 0.122667 0.021000 0.018667
3 0.433500 0.116333 0.021000 0.015333
3 0.373000 0.087333 0.015000 0.017333
3 0.382500 0.093667 0.014000 0.014000
4 0.396750 0.099000 0.014500 0.015333
3 0.407500 0.102667 0.010000 0.013333
4 0.416000 0.105667 0.014000 0.019333
4 0.490500 0.133000 0.018000 0.019333
5 0.507500 0.138000 0.031000 0.028000
4 0.709000 0.231000 0.036000 0.036667
4 0.664750 0.213333 0.035500 0.037333
3 0.937250 0.330333 0.049500 0.044667
