4 0.453929 0.487143 0.015000 0.044762
3 0.341071 0.591905 0.016429 0.044762
3 0.359286 0.597619 0.017143 0.042857
5 0.419643 0.605238 0.015000 0.050476
3 0.437857 0.610000 0.014286 0.040952
3 0.455357 0.616667 0.015000 0.039048
7 0.439643 0.653810 0.020714 0.016190
3 0.058214 0.710000 0.036429 0.020000
3 0.057143 0.740000 0.037143 0.022857
3 0.052857 0.801429 0.034286 0.027619
3 0.051786 0.835238 0.035000 0.022857
3 0.051071 0.887619 0.037857 0.022857
3 0.042857 0.912857 0.037143 0.023810
3 0.599286 0.499048 0.030000 0.022857
3 0.701071 0.509048 0.030714 0.021905
3 0.605000 0.430476 0.032857 0.024762
5 0.604643 0.469524 0.039286 0.026667
3 0.626071 0.098095 0.029286 0.020952
3 0.627143 0.122857 0.032857 0.019048
