3 0.190357 0.951905 0.046429 0.096190
5 0.181429 0.725714 0.042857 0.104762
5 0.168929 0.600000 0.052143 0.142857
2 0.089643 0.475714 0.025000 0.014286
9 0.093214 0.462381 0.022143 0.018095
2 0.090000 0.450952 0.022857 0.016190
2 0.091429 0.443333 0.022857 0.012381
9 0.092143 0.424286 0.024286 0.016190
4 0.117500 0.381429 0.076429 0.046667
3 0.122857 0.307143 0.035714 0.071429
9 0.089643 0.318571 0.017857 0.027619
9 0.095000 0.297619 0.022857 0.021905
0 0.167500 0.276667 0.012143 0.023810
3 0.128571 0.183333 0.027143 0.044762
5 0.258214 0.032381 0.057857 0.051429
5 0.294286 0.187143 0.091429 0.079048
3 0.248214 0.450000 0.035000 0.075238
3 0.260714 0.534762 0.037143 0.088571
4 0.273571 0.625714 0.034286 0.091429
3 0.360000 0.810476 0.041429 0.108571
3 0.343571 0.690952 0.038571 0.100000
3 0.329286 0.570476 0.035714 0.089524
3 0.316071 0.468571 0.040714 0.085714
4 0.301071 0.389524 0.030714 0.068571
3 0.376786 0.215714 0.057857 0.044762
3 0.382143 0.250476 0.060000 0.041905
3 0.381429 0.286190 0.065714 0.037143
3 0.397500 0.318095 0.057857 0.041905
3 0.402500 0.359048 0.062143 0.051429
3 0.415714 0.420000 0.061429 0.066667
3 0.427500 0.475238 0.065000 0.062857
3 0.437857 0.526190 0.062857 0.060000
3 0.439643 0.582381 0.066429 0.061905
3 0.448571 0.640952 0.070000 0.072381
3 0.455714 0.706190 0.075714 0.069524
3 0.474643 0.791905 0.077857 0.077143
4 0.487857 0.871429 0.077143 0.080000
3 0.506071 0.961429 0.080714 0.077143
3 0.636429 0.910952 0.074286 0.063810
3 0.613929 0.850476 0.082143 0.062857
3 0.596429 0.792857 0.082857 0.063810
3 0.558571 0.591429 0.072857 0.053333
3 0.567500 0.636667 0.073571 0.052381
4 0.716429 0.603333 0.077143 0.065714
3 0.663214 0.481905 0.046429 0.078095
3 0.698214 0.471429 0.043571 0.081905
3 0.728929 0.463333 0.043571 0.082857
3 0.765000 0.455714 0.045714 0.082857
3 0.516071 0.424286 0.062143 0.048571
3 0.511786 0.385714 0.056429 0.045714
3 0.496429 0.351905 0.062857 0.046667
3 0.486429 0.286190 0.057143 0.046667
3 0.477143 0.250476 0.058571 0.043810
3 0.470000 0.223333 0.055714 0.040952
3 0.461786 0.196667 0.052143 0.037143
3 0.893571 0.696667 0.060000 0.094286
3 0.927857 0.686667 0.060000 0.091429
3 0.961786 0.674762 0.067857 0.100000
3 0.927500 0.549524 0.067857 0.057143
3 0.836429 0.433810 0.051429 0.080952
