8 0.101071 0.897619 0.202143 0.204762
3 0.645357 0.915238 0.106429 0.163810
0 0.978214 0.798095 0.020714 0.076190
0 0.995714 0.806190 0.008571 0.071429
2 0.861071 0.724762 0.030714 0.036190
1 0.770000 0.589048 0.008571 0.010476
0 0.612143 0.595238 0.004286 0.024762
0 0.855714 0.571429 0.005714 0.015238
0 0.853214 0.548571 0.002143 0.011429
0 0.868571 0.549524 0.004286 0.013333
0 0.875357 0.550476 0.002143 0.013333
0 0.873214 0.550000 0.002143 0.012381
0 0.690000 0.545714 0.002857 0.013333
0 0.667143 0.547143 0.002857 0.012381
5 0.220714 0.632381 0.085714 0.076190
3 0.307143 0.610476 0.050000 0.030476
1 0.375357 0.629524 0.009286 0.026667
2 0.376071 0.643333 0.017857 0.025714
3 0.453214 0.732857 0.045000 0.075238
3 0.709286 0.701905 0.042857 0.057143
3 0.564643 0.653810 0.075000 0.037143
3 0.640714 0.588095 0.021429 0.023810
3 0.638929 0.563333 0.013571 0.014286
0 0.583571 0.563333 0.004286 0.016190
3 0.728571 0.575714 0.014286 0.018095
3 0.698214 0.564286 0.012143 0.014286
8 0.661071 0.530952 0.009286 0.012381
5 0.702857 0.538571 0.021429 0.016190
3 0.726429 0.550000 0.010000 0.012381
3 0.760714 0.552857 0.022857 0.014286
3 0.754643 0.548571 0.009286 0.009524
3 0.747500 0.542857 0.007857 0.009524
3 0.735357 0.545238 0.009286 0.012381
3 0.693571 0.527143 0.012857 0.006667
3 0.700714 0.526190 0.012857 0.006667
3 0.715357 0.523810 0.005000 0.005714
3 0.748214 0.529048 0.005000 0.006667
3 0.736429 0.523810 0.004286 0.005714
3 0.742500 0.522857 0.003571 0.003810
3 0.748929 0.526667 0.005000 0.005714
3 0.749643 0.524762 0.005000 0.005714
3 0.748929 0.522857 0.005000 0.005714
3 0.747500 0.517143 0.003571 0.003810
3 0.737500 0.517619 0.002143 0.002857
3 0.740357 0.517619 0.002143 0.002857
3 0.725357 0.520952 0.003571 0.003810
3 0.721786 0.517143 0.003571 0.003810
3 0.726786 0.519048 0.003571 0.003810
3 0.970000 0.667619 0.060000 0.041905
3 0.951786 0.645238 0.076429 0.033333
3 0.928214 0.634286 0.065000 0.028571
3 0.927500 0.624762 0.060714 0.026667
3 0.921429 0.618571 0.051429 0.033333
3 0.983929 0.620000 0.032143 0.028571
3 0.989286 0.600000 0.021429 0.020952
3 0.982500 0.595238 0.035000 0.017143
3 0.977143 0.591905 0.040000 0.021905
3 0.971071 0.588095 0.043571 0.025714
3 0.958929 0.582381 0.033571 0.016190
3 0.956071 0.579524 0.035000 0.020000
3 0.916071 0.567619 0.037857 0.015238
3 0.908929 0.564286 0.033571 0.014286
3 0.905357 0.560952 0.025000 0.013333
3 0.824643 0.590000 0.040714 0.020000
3 0.817857 0.585714 0.037143 0.015238
3 0.816786 0.581429 0.035000 0.018095
3 0.847857 0.579524 0.035714 0.016190
3 0.843929 0.574286 0.035000 0.017143
3 0.841071 0.573333 0.035000 0.017143
3 0.840357 0.569524 0.035000 0.017143
3 0.834643 0.565714 0.035000 0.017143
3 0.833214 0.562857 0.035000 0.017143
3 0.829643 0.561905 0.035000 0.017143
3 0.792143 0.562857 0.028571 0.013333
3 0.794643 0.559524 0.030714 0.012381
3 0.776786 0.544286 0.020714 0.010476
3 0.776071 0.541429 0.020714 0.010476
3 0.799643 0.544286 0.020714 0.010476
3 0.862857 0.547143 0.017143 0.008571
3 0.857857 0.546190 0.018571 0.010476
3 0.855357 0.543810 0.015000 0.009524
3 0.843929 0.540000 0.015000 0.009524
3 0.841071 0.540000 0.015000 0.009524
3 0.837500 0.539048 0.015000 0.009524
3 0.832500 0.537143 0.015000 0.009524
3 0.831786 0.535238 0.015000 0.009524
3 0.828214 0.532381 0.015000 0.009524
3 0.825357 0.533333 0.015000 0.009524
