3 0.476786 0.415714 0.036429 0.037143
3 0.309286 0.564762 0.027143 0.059048
3 0.272143 0.593333 0.031429 0.057143
3 0.164643 0.681429 0.055000 0.046667
3 0.360000 0.510000 0.042857 0.046667
3 0.497857 0.390000 0.035714 0.037143
3 0.521429 0.369524 0.032857 0.032381
3 0.544643 0.344286 0.032143 0.035238
3 0.353929 0.425238 0.037857 0.033333
3 0.084643 0.758095 0.059286 0.040000
3 0.258571 0.455714 0.030000 0.044762
4 0.253214 0.511905 0.045000 0.048571
3 0.688571 0.675238 0.040000 0.062857
9 0.873214 0.336190 0.010714 0.019048
1 0.875714 0.332857 0.005714 0.012381
5 0.676071 0.226190 0.039286 0.042857
5 0.718571 0.168571 0.031429 0.024762
3 0.653214 0.207619 0.022143 0.022857
6 0.746786 0.272381 0.027857 0.022857
6 0.748571 0.344762 0.010000 0.017143
