3 0.012143 0.871429 0.020000 0.015238
3 0.038571 0.862857 0.022857 0.017143
3 0.068214 0.855714 0.023571 0.016190
3 0.100714 0.846190 0.020000 0.016190
3 0.042143 0.936190 0.017143 0.032381
3 0.068214 0.974762 0.015000 0.031429
3 0.047143 0.909524 0.015714 0.030476
3 0.065357 0.935238 0.016429 0.030476
3 0.084643 0.971429 0.015000 0.026667
3 0.232500 0.809524 0.023571 0.017143
3 0.279286 0.793333 0.018571 0.017143
3 0.331786 0.778571 0.022143 0.016190
5 0.358929 0.772381 0.029286 0.022857
3 0.390000 0.763333 0.021429 0.014286
3 0.418214 0.878571 0.009286 0.027619
3 0.447500 0.926190 0.012143 0.029524
3 0.490000 0.948571 0.010000 0.028571
3 0.487500 0.985238 0.010714 0.029524
3 0.466429 0.674286 0.010000 0.028571
0 0.077143 0.873810 0.007143 0.006667
0 0.077500 0.878095 0.006429 0.005714
0 0.138571 0.852381 0.008571 0.009524
0 0.212500 0.825714 0.005000 0.007619
0 0.293214 0.796667 0.005000 0.006667
6 0.424643 0.790000 0.016429 0.012381
5 0.503214 0.034762 0.012143 0.050476
5 0.473929 0.224762 0.020714 0.108571
0 0.481429 0.281429 0.002857 0.006667
0 0.484643 0.281429 0.003571 0.006667
0 0.482857 0.276190 0.002857 0.007619
3 0.504286 0.298095 0.008571 0.030476
3 0.578929 0.350476 0.010714 0.030476
3 0.832500 0.525714 0.023571 0.015238
3 0.748929 0.979048 0.023571 0.017143
3 0.807857 0.877143 0.022857 0.017143
5 0.710000 0.700000 0.012857 0.032381
5 0.586429 0.601905 0.011429 0.036190
5 0.593571 0.812381 0.020000 0.083810
5 0.637857 0.516667 0.011429 0.033333
5 0.516429 0.420952 0.011429 0.038095
3 0.427857 0.466190 0.024286 0.014286
