3 0.086429 0.205238 0.077143 0.035238
3 0.100000 0.238095 0.071429 0.036190
3 0.186786 0.196667 0.066429 0.035238
3 0.181071 0.232381 0.072143 0.045714
3 0.281429 0.213810 0.068571 0.042857
3 0.360357 0.201429 0.070714 0.040952
3 0.210714 0.290000 0.034286 0.065714
3 0.253214 0.292857 0.033571 0.061905
3 0.299286 0.279048 0.041429 0.053333
3 0.340714 0.280476 0.040000 0.061905
3 0.380000 0.272857 0.041429 0.060000
3 0.420714 0.258571 0.038571 0.050476
3 0.457143 0.251905 0.041429 0.048571
3 0.492143 0.243333 0.040000 0.048571
3 0.441071 0.191429 0.047857 0.041905
3 0.399286 0.147143 0.034286 0.033333
3 0.490357 0.185238 0.049286 0.031429
3 0.460714 0.149524 0.054286 0.040000
0 0.365714 0.126190 0.011429 0.031429
0 0.515357 0.135714 0.007857 0.021905
0 0.564286 0.193333 0.011429 0.026667
3 0.529286 0.240952 0.044286 0.053333
3 0.561786 0.239524 0.037857 0.046667
3 0.420000 0.110952 0.051429 0.029524
3 0.417143 0.095238 0.042857 0.019048
3 0.402500 0.084762 0.037857 0.015238
3 0.400357 0.075238 0.045000 0.020952
3 0.393571 0.061429 0.040000 0.021905
3 0.384286 0.047619 0.032857 0.015238
3 0.380714 0.039048 0.024286 0.019048
3 0.486786 0.106190 0.029286 0.031429
3 0.466429 0.081429 0.018571 0.027619
3 0.452500 0.063810 0.020714 0.028571
3 0.438214 0.048571 0.019286 0.026667
3 0.425000 0.031429 0.011429 0.017143
3 0.415000 0.014286 0.020000 0.026667
0 0.382857 0.018571 0.011429 0.021905
4 0.069286 0.597619 0.110000 0.107619
3 0.222500 0.560952 0.113571 0.093333
4 0.402143 0.508571 0.125714 0.100952
3 0.588571 0.452857 0.071429 0.069524
3 0.662500 0.763810 0.132143 0.120000
3 0.468571 0.954762 0.180000 0.090476
3 0.714643 0.863810 0.150714 0.127619
3 0.658571 0.298095 0.048571 0.060952
0 0.687857 0.355714 0.011429 0.039048
0 0.700714 0.360476 0.011429 0.037143
0 0.841786 0.322381 0.012143 0.046667
3 0.756071 0.178571 0.046429 0.040952
3 0.787143 0.170952 0.045714 0.039048
3 0.816786 0.145238 0.047857 0.039048
3 0.612500 0.251905 0.049286 0.052381
3 0.776429 0.058095 0.035714 0.022857
3 0.746786 0.040952 0.029286 0.024762
3 0.707857 0.024286 0.028571 0.023810
3 0.679286 0.010952 0.021429 0.018095
0 0.965000 0.253810 0.011429 0.035238
0 0.973571 0.264286 0.008571 0.029524
0 0.960357 0.109048 0.006429 0.020000
0 0.969286 0.107619 0.011429 0.032381
0 0.804643 0.050476 0.003571 0.015238
0 0.813929 0.053333 0.009286 0.022857
0 0.476786 0.056667 0.003571 0.021905
