3 0.118571 0.859772 0.050000 0.125635
3 0.511786 0.822970 0.052143 0.153553
3 0.707500 0.375635 0.042143 0.088832
3 0.515000 0.208122 0.030000 0.060914
3 0.088929 0.564721 0.052143 0.043147
3 0.358929 0.172589 0.033571 0.032995
3 0.273214 0.171954 0.017857 0.036802
0 0.050000 0.598985 0.014286 0.030457
0 0.180000 0.713832 0.012857 0.036802
0 0.332857 0.678299 0.010000 0.041878
1 0.332857 0.786802 0.012857 0.030457
0 0.224286 0.676396 0.010000 0.035533
0 0.221429 0.689721 0.012857 0.031726
1 0.317143 0.869289 0.008571 0.020305
1 0.316429 0.883249 0.014286 0.030457
1 0.318571 0.901015 0.017143 0.025381
9 0.346786 0.415609 0.007857 0.034264
0 0.065357 0.490482 0.010714 0.029188
0 0.067143 0.611675 0.011429 0.032995
8 0.070000 0.717640 0.124286 0.262690
4 0.274643 0.368655 0.023571 0.062183
4 0.322143 0.322335 0.042857 0.040609
4 0.326429 0.295685 0.038571 0.035533
4 0.334286 0.257614 0.038571 0.035533
4 0.341429 0.236041 0.038571 0.030457
4 0.347143 0.217005 0.038571 0.027919
4 0.382500 0.085660 0.016429 0.031726
4 0.370357 0.055203 0.017857 0.024112
4 0.331071 0.034264 0.017857 0.035533
4 0.050714 0.133249 0.032857 0.048223
4 0.100357 0.072970 0.026429 0.034264
4 0.120357 0.045685 0.026429 0.032995
4 0.137857 0.024112 0.022857 0.032995
