0 0.500261 0.618738 0.044363 0.181818
0 0.532620 0.541744 0.038100 0.178108
0 0.647965 0.497217 0.048539 0.142857
0 0.735908 0.498145 0.029228 0.148423
0 0.783925 0.481447 0.042797 0.146568
0 0.829071 0.539889 0.045407 0.146568
0 0.894311 0.555195 0.063152 0.154917
0 0.880219 0.507421 0.043319 0.141002
0 0.954593 0.506494 0.027140 0.139147
0 0.927975 0.531076 0.041754 0.149351
0 0.826722 0.499072 0.030271 0.142857
3 0.721816 0.184137 0.057411 0.051020
3 0.350992 0.148423 0.042276 0.040816
3 0.063152 0.160946 0.057411 0.038033
3 0.143267 0.159555 0.066284 0.044527
0 0.049061 0.162801 0.010438 0.026902
0 0.078027 0.166512 0.014092 0.039889
9 0.051148 0.174861 0.020877 0.023191
0 0.673800 0.161410 0.006263 0.038961
0 0.678236 0.163729 0.005741 0.036178
