3 0.451786 0.663810 0.025000 0.074286
3 0.445714 0.575714 0.024286 0.073333
3 0.436786 0.496667 0.025000 0.071429
3 0.551429 0.633333 0.022857 0.068571
3 0.546071 0.555238 0.025000 0.068571
3 0.547143 0.482857 0.022857 0.068571
3 0.529286 0.272381 0.022857 0.066667
4 0.565357 0.837143 0.027857 0.081905
4 0.559643 0.732857 0.025000 0.077143
4 0.526786 0.185238 0.023571 0.065714
4 0.520000 0.095714 0.021429 0.065714
4 0.152500 0.410952 0.053571 0.031429
4 0.243929 0.346667 0.056429 0.032381
3 0.164286 0.457143 0.051429 0.032381
3 0.249286 0.445714 0.048571 0.032381
3 0.308214 0.374286 0.053571 0.032381
3 0.232857 0.406667 0.057143 0.032381
3 0.056429 0.369048 0.057143 0.033333
5 0.362143 0.430476 0.057143 0.030476
5 0.540000 0.370952 0.025714 0.080952
5 0.084286 0.435238 0.068571 0.032381
6 0.420357 0.268095 0.017857 0.052381
6 0.302500 0.440952 0.035000 0.022857
9 0.413214 0.060000 0.007857 0.040000
9 0.462500 0.045714 0.007857 0.036190
9 0.409643 0.095714 0.022143 0.023810
9 0.417500 0.197619 0.016429 0.014286
9 0.447500 0.125714 0.007857 0.032381
9 0.452857 0.201429 0.007143 0.033333
9 0.417857 0.177619 0.018571 0.021905
9 0.416071 0.149048 0.016429 0.021905
9 0.413214 0.122381 0.016429 0.016190
9 0.380714 0.358095 0.021429 0.022857
9 0.356429 0.382857 0.020000 0.017143
9 0.347143 0.405714 0.021429 0.015238
9 0.330000 0.393810 0.020000 0.014286
9 0.291071 0.399048 0.023571 0.015238
9 0.340357 0.336667 0.010714 0.027619
9 0.323571 0.337143 0.010000 0.024762
9 0.240000 0.378571 0.021429 0.018095
9 0.261786 0.381905 0.017857 0.019048
9 0.201786 0.453810 0.013571 0.021905
9 0.295357 0.340000 0.010714 0.026667
9 0.171786 0.435714 0.025000 0.010476
9 0.200000 0.433810 0.028571 0.012381
9 0.042143 0.472381 0.012857 0.026667
9 0.076786 0.470000 0.013571 0.025714
9 0.091071 0.467143 0.016429 0.027619
9 0.120357 0.465714 0.012143 0.026667
9 0.025357 0.471905 0.015000 0.025714
9 0.078929 0.406190 0.026429 0.014286
9 0.004643 0.473810 0.009286 0.029524
9 0.105000 0.465238 0.011429 0.027619
9 0.138214 0.388571 0.020714 0.015238
2 0.438571 0.318095 0.011429 0.030476
2 0.408571 0.350476 0.011429 0.020952
2 0.476429 0.495238 0.008571 0.030476
2 0.317500 0.407143 0.019286 0.012381
2 0.163929 0.386190 0.020714 0.012381
2 0.191429 0.389524 0.020000 0.009524
2 0.214643 0.379524 0.019286 0.010476
2 0.189286 0.375714 0.020000 0.010476
2 0.055000 0.401429 0.021429 0.012381
9 0.193571 0.421905 0.021429 0.015238
2 0.284643 0.342381 0.006429 0.023810
9 0.276429 0.343333 0.008571 0.027619
9 0.307143 0.338571 0.011429 0.023810
0 0.351429 0.480476 0.007143 0.010476
0 0.400357 0.500000 0.006429 0.009524
0 0.252500 0.477619 0.009286 0.010476
0 0.186429 0.494762 0.011429 0.006667
0 0.232500 0.301429 0.009286 0.014286
0 0.081429 0.318571 0.014286 0.010476
0 0.395000 0.229524 0.007143 0.013333
0 0.402857 0.225714 0.007143 0.015238
0 0.390357 0.145238 0.007857 0.020000
0 0.383214 0.280000 0.007857 0.019048
0 0.389286 0.299048 0.008571 0.013333
0 0.372857 0.302857 0.007143 0.011429
0 0.304643 0.301905 0.010714 0.013333
0 0.307500 0.298571 0.005000 0.006667
0 0.192857 0.308571 0.012857 0.009524
0 0.173929 0.315714 0.015000 0.014286
0 0.191071 0.320000 0.013571 0.011429
0 0.392500 0.086667 0.006429 0.015238
0 0.385357 0.040000 0.006429 0.022857
0 0.373214 0.028095 0.007857 0.016190
0 0.058214 0.326667 0.013571 0.011429
0 0.073214 0.315238 0.009286 0.011429
1 0.168929 0.435714 0.012143 0.008571
1 0.134286 0.388571 0.008571 0.011429
1 0.161071 0.385238 0.010714 0.010476
1 0.289286 0.398571 0.012857 0.012381
1 0.259643 0.382381 0.009286 0.014286
1 0.185000 0.375238 0.011429 0.009524
1 0.379643 0.356667 0.010714 0.014286
1 0.354643 0.382857 0.007857 0.013333
1 0.345357 0.405238 0.009286 0.012381
1 0.315000 0.406667 0.010000 0.013333
1 0.328571 0.392857 0.008571 0.012381
1 0.408929 0.349524 0.007857 0.015238
1 0.438571 0.314286 0.010000 0.017143
1 0.452857 0.196667 0.005714 0.014286
1 0.462857 0.041905 0.005714 0.015238
1 0.416429 0.150000 0.008571 0.020000
1 0.476786 0.498095 0.006429 0.011429
1 0.185000 0.374286 0.008571 0.009524
1 0.187143 0.389048 0.008571 0.008571
1 0.214286 0.382857 0.008571 0.011429
