3 0.810714 0.590476 0.034286 0.074286
3 0.968929 0.829048 0.059286 0.090476
3 0.951429 0.097619 0.030000 0.063810
3 0.761429 0.478095 0.047143 0.066667
4 0.678571 0.743333 0.050000 0.080952
3 0.483214 0.969048 0.033571 0.061905
9 0.560714 0.621429 0.015714 0.023810
1 0.560357 0.619048 0.009286 0.013333
5 0.557500 0.431429 0.037857 0.097143
3 0.440357 0.425238 0.042143 0.048571
3 0.423929 0.399524 0.035000 0.042857
3 0.521786 0.289048 0.022143 0.060000
3 0.416071 0.362381 0.033571 0.061905
3 0.401786 0.294286 0.035000 0.068571
3 0.508929 0.140000 0.029286 0.053333
3 0.474643 0.048095 0.030714 0.046667
1 0.236786 0.860000 0.010714 0.009524
1 0.238571 0.871905 0.008571 0.010476
1 0.275714 0.886667 0.014286 0.011429
1 0.269643 0.871429 0.009286 0.009524
1 0.283214 0.860952 0.009286 0.009524
3 0.298214 0.693810 0.046429 0.063810
4 0.262143 0.193333 0.038571 0.064762
