5 0.313214 0.131345 0.023571 0.016497
3 0.253214 0.062183 0.009286 0.012690
0 0.341071 0.179569 0.002143 0.006345
0 0.335357 0.173858 0.002143 0.007614
0 0.247857 0.875000 0.004286 0.013959
0 0.255000 0.846447 0.002857 0.012690
0 0.264286 0.796320 0.002857 0.011421
0 0.260357 0.796954 0.005000 0.010152
3 0.180357 0.977792 0.019286 0.039340
8 0.328929 0.692893 0.016429 0.053299
3 0.387857 0.800761 0.011429 0.038071
3 0.373929 0.789340 0.012143 0.043147
3 0.401071 0.614848 0.009286 0.031726
0 0.513929 0.660533 0.003571 0.008883
0 0.504643 0.795051 0.003571 0.011421
8 0.417500 0.598985 0.013571 0.053299
3 0.412500 0.482868 0.009286 0.029188
3 0.429643 0.440990 0.007857 0.024112
3 0.334286 0.473985 0.010000 0.026650
3 0.327857 0.597716 0.011429 0.030457
3 0.367857 0.421320 0.010000 0.022843
3 0.370357 0.359772 0.007857 0.019036
4 0.360000 0.508883 0.011429 0.025381
4 0.353214 0.564721 0.012143 0.030457
5 0.383929 0.347081 0.009286 0.026650
3 0.376429 0.396574 0.008571 0.026650
3 0.943571 0.423223 0.025714 0.016497
5 0.870000 0.352157 0.048571 0.036802
4 0.488929 0.314086 0.019286 0.019036
3 0.480714 0.284264 0.018571 0.017766
5 0.407857 0.305838 0.035714 0.032995
3 0.404643 0.217005 0.007857 0.015228
3 0.422143 0.151015 0.011429 0.015228
8 0.393214 0.197335 0.012143 0.049492
5 0.407143 0.176396 0.011429 0.038071
5 0.987857 0.137056 0.024286 0.017766
8 0.946429 0.102157 0.038571 0.029188
4 0.935000 0.146574 0.017143 0.011421
8 0.852500 0.108503 0.037857 0.021574
4 0.861786 0.147208 0.015000 0.012690
4 0.877143 0.133249 0.017143 0.012690
3 0.886071 0.147208 0.015000 0.010152
0 0.867500 0.090736 0.003571 0.011421
0 0.751429 0.095178 0.002857 0.007614
0 0.808929 0.093909 0.003571 0.010152
0 0.820357 0.094543 0.003571 0.008883
0 0.821071 0.091371 0.002143 0.007614
0 0.855357 0.094543 0.002143 0.008883
3 0.816786 0.147843 0.013571 0.008883
3 0.778571 0.118020 0.014286 0.010152
3 0.797857 0.141497 0.014286 0.013959
5 0.767500 0.145939 0.023571 0.020305
5 0.767857 0.135152 0.050000 0.029188
5 0.739286 0.108503 0.021429 0.019036
3 0.728571 0.120558 0.012857 0.012690
4 0.718214 0.151650 0.015000 0.013959
5 0.704643 0.139594 0.027857 0.022843
5 0.692500 0.116751 0.027857 0.022843
5 0.671429 0.151015 0.025714 0.022843
4 0.680000 0.137690 0.014286 0.016497
3 0.658929 0.147208 0.015000 0.015228
4 0.661786 0.138325 0.013571 0.015228
4 0.664643 0.129442 0.012143 0.012690
3 0.635357 0.154822 0.013571 0.012690
3 0.619286 0.148477 0.014286 0.010152
3 0.638571 0.147843 0.015714 0.011421
3 0.641786 0.138959 0.015000 0.013959
3 0.617143 0.138959 0.014286 0.013959
3 0.600714 0.160533 0.015714 0.016497
3 0.598929 0.149112 0.015000 0.011421
9 0.651429 0.123731 0.007143 0.008883
1 0.651071 0.122462 0.003571 0.011421
8 0.603571 0.113579 0.035714 0.026650
5 0.554286 0.120558 0.030000 0.022843
4 0.558214 0.113579 0.020714 0.013959
4 0.578571 0.148477 0.014286 0.015228
3 0.594286 0.142766 0.014286 0.011421
3 0.573214 0.143401 0.012143 0.010152
4 0.567500 0.164340 0.016429 0.016497
3 0.552143 0.144036 0.012857 0.011421
4 0.557857 0.149746 0.014286 0.012690
4 0.538571 0.151015 0.014286 0.015228
8 0.521786 0.140228 0.033571 0.024112
5 0.506786 0.159264 0.032143 0.021574
3 0.493214 0.128807 0.016429 0.013959
3 0.443571 0.126904 0.012857 0.012690
4 0.445357 0.094543 0.005000 0.016497
4 0.446071 0.081218 0.005000 0.017766
8 0.446786 0.062183 0.006429 0.022843
3 0.448214 0.045051 0.005000 0.013959
3 0.434643 0.012056 0.005000 0.016497
3 0.430357 0.088832 0.006429 0.012690
3 0.437143 0.091371 0.005714 0.015228
8 0.388214 0.061548 0.010714 0.039340
3 0.369643 0.024746 0.012143 0.008883
3 0.371071 0.017766 0.012143 0.007614
4 0.371071 0.006345 0.012143 0.007614
