3 0.632143 0.949239 0.030000 0.098985
3 0.591786 0.741117 0.027857 0.096447
3 0.543571 0.771574 0.025714 0.111675
4 0.492143 0.653553 0.028571 0.078680
3 0.409286 0.585660 0.027143 0.069797
3 0.580357 0.534898 0.023571 0.067259
3 0.448571 0.381345 0.024286 0.049492
7 0.483214 0.326142 0.026429 0.086294
3 0.518929 0.267132 0.019286 0.044416
4 0.592143 0.293782 0.018571 0.067259
3 0.566429 0.224619 0.017143 0.058376
4 0.621786 0.204315 0.017857 0.055838
3 0.570357 0.095812 0.017857 0.041878
8 0.593571 0.034264 0.022857 0.068528
8 0.516071 0.031091 0.029286 0.062183
3 0.466786 0.123096 0.019286 0.032995
3 0.477857 0.017132 0.015714 0.034264
8 0.187143 0.593274 0.077143 0.173858
8 0.102143 0.512056 0.098571 0.079949
8 0.307857 0.166244 0.027143 0.111675
8 0.289643 0.096447 0.027857 0.083756
5 0.319286 0.081218 0.025714 0.060914
4 0.218929 0.069162 0.019286 0.036802
4 0.186786 0.036802 0.025000 0.035533
4 0.132857 0.059645 0.025714 0.035533
4 0.151786 0.076777 0.027857 0.021574
4 0.156429 0.084391 0.022857 0.013959
4 0.158929 0.106599 0.030714 0.025381
4 0.243929 0.053934 0.029286 0.024112
4 0.250714 0.064721 0.028571 0.017766
4 0.253929 0.080584 0.026429 0.024112
4 0.253929 0.122462 0.023571 0.024112
5 0.132143 0.013325 0.031429 0.024112
8 0.049643 0.196701 0.045000 0.038071
8 0.045000 0.211929 0.045714 0.038071
8 0.014286 0.192259 0.022857 0.024112
8 0.011429 0.220178 0.020000 0.036802
8 0.052857 0.319162 0.087143 0.064721
