3 0.188571 0.737143 0.098571 0.081905
3 0.602500 0.390000 0.043571 0.092381
3 0.648214 0.412857 0.040714 0.088571
3 0.689643 0.437619 0.047857 0.094286
3 0.733214 0.462381 0.045000 0.092381
3 0.773571 0.482857 0.050000 0.100952
3 0.821071 0.507619 0.046429 0.097143
3 0.865000 0.530000 0.038571 0.103810
3 0.911786 0.551429 0.040714 0.110476
3 0.898571 0.392857 0.084286 0.063810
3 0.662143 0.277143 0.074286 0.062857
3 0.167500 0.597143 0.100714 0.085714
3 0.408929 0.143333 0.063571 0.054286
3 0.328929 0.107143 0.063571 0.058095
3 0.491429 0.197143 0.064286 0.043810
3 0.580000 0.238095 0.075714 0.059048
3 0.111786 0.066667 0.060714 0.074286
3 0.050357 0.520000 0.082143 0.110476
4 0.912857 0.236190 0.041429 0.083810
3 0.987857 0.592857 0.024286 0.092381
3 0.972857 0.435714 0.054286 0.082857
3 0.975714 0.073810 0.048571 0.054286
3 0.979643 0.114762 0.040714 0.056190
3 0.973571 0.130476 0.052857 0.057143
3 0.973571 0.173810 0.052857 0.067619
4 0.968214 0.304286 0.062143 0.060000
0 0.580714 0.203333 0.010000 0.021905
1 0.642857 0.118571 0.012857 0.023810
1 0.623929 0.118571 0.009286 0.014286
1 0.635000 0.113333 0.004286 0.009524
1 0.625000 0.109524 0.007143 0.017143
1 0.607143 0.112857 0.008571 0.016190
9 0.968214 0.190476 0.039286 0.022857
9 0.957857 0.203810 0.032857 0.028571
0 0.979643 0.878571 0.035000 0.018095
0 0.707500 0.786190 0.012143 0.018095
0 0.383571 0.613810 0.014286 0.023810
