4 0.298214 0.828680 0.052143 0.091371
3 0.275714 0.787437 0.045714 0.069797
3 0.258929 0.751904 0.053571 0.069797
3 0.255714 0.706853 0.057143 0.058376
3 0.297143 0.604695 0.032857 0.069797
3 0.323571 0.581853 0.035714 0.077411
3 0.349643 0.560914 0.035000 0.073604
3 0.375357 0.805203 0.045000 0.074873
3 0.399286 0.729061 0.030000 0.074873
3 0.378571 0.548223 0.032857 0.068528
3 0.398929 0.531726 0.032143 0.065990
3 0.420714 0.516497 0.037143 0.065990
3 0.460714 0.493020 0.037143 0.069797
3 0.479643 0.477792 0.035000 0.062183
3 0.497143 0.467005 0.038571 0.063452
3 0.472143 0.647843 0.037143 0.072335
4 0.500714 0.627538 0.047143 0.077411
3 0.525714 0.603426 0.038571 0.064721
3 0.546429 0.586294 0.040000 0.065990
3 0.567500 0.569162 0.042143 0.064721
3 0.590000 0.557741 0.038571 0.062183
3 0.623929 0.523477 0.036429 0.054569
4 0.531786 0.434010 0.035000 0.068528
3 0.548929 0.423858 0.033571 0.063452
3 0.568571 0.413706 0.032857 0.058376
3 0.587500 0.404822 0.032143 0.055838
3 0.616071 0.377538 0.036429 0.057107
3 0.633571 0.363579 0.037143 0.062183
3 0.650357 0.356599 0.032143 0.055838
3 0.693929 0.323604 0.040714 0.055838
3 0.707143 0.310279 0.031429 0.052030
3 0.721071 0.300761 0.030714 0.055838
3 0.747857 0.285533 0.034286 0.048223
3 0.762500 0.272843 0.029286 0.048223
4 0.690000 0.434645 0.041429 0.044416
3 0.729643 0.387690 0.036429 0.052030
3 0.166429 0.295051 0.020000 0.039340
5 0.214286 0.315990 0.025714 0.081218
3 0.210357 0.269036 0.019286 0.025381
3 0.224643 0.260787 0.020714 0.036802
4 0.951071 0.032995 0.032143 0.043147
3 0.957857 0.022208 0.027143 0.036802
8 0.967857 0.020305 0.030000 0.040609
3 0.977500 0.017766 0.026429 0.032995
4 0.868571 0.246193 0.025714 0.035533
