3 0.655714 0.426190 0.057143 0.128571
3 0.703929 0.245714 0.065000 0.146667
5 0.801071 0.137143 0.086429 0.190476
4 0.428929 0.105238 0.043571 0.101905
3 0.390714 0.573333 0.091429 0.051429
3 0.354643 0.671905 0.092143 0.061905
3 0.334643 0.747619 0.096429 0.049524
3 0.290000 0.846190 0.084286 0.080952
3 0.259643 0.913810 0.086429 0.073333
3 0.868571 0.656667 0.091429 0.071429
3 0.855000 0.719524 0.095714 0.073333
3 0.838214 0.780476 0.095000 0.075238
3 0.825357 0.847143 0.089286 0.079048
3 0.792857 0.956190 0.084286 0.076190
3 0.808214 0.901429 0.100714 0.080952
3 0.979643 0.824762 0.040714 0.129524
3 0.891429 0.586667 0.097143 0.076190
4 0.911071 0.520952 0.096429 0.080000
3 0.941071 0.384762 0.099286 0.059048
4 0.954643 0.329524 0.090714 0.066667
3 0.960714 0.275238 0.078571 0.080000
3 0.970000 0.206190 0.060000 0.079048
0 0.333929 0.094762 0.015000 0.033333
0 0.328214 0.197143 0.013571 0.020952
0 0.393571 0.202381 0.012857 0.018095
0 0.401071 0.120000 0.015000 0.013333
9 0.280357 0.076190 0.020714 0.047619
0 0.264643 0.058095 0.023571 0.026667
2 0.271071 0.031905 0.032143 0.025714
2 0.262857 0.225238 0.028571 0.027619
2 0.277500 0.362857 0.022143 0.011429
2 0.248214 0.417143 0.032143 0.020952
2 0.250000 0.390952 0.027143 0.010476
2 0.245357 0.439048 0.027857 0.015238
9 0.346786 0.410000 0.033571 0.029524
9 0.349286 0.486190 0.037143 0.020000
9 0.354643 0.512381 0.035000 0.028571
9 0.436786 0.439048 0.035000 0.019048
2 0.411071 0.449524 0.026429 0.020952
2 0.381429 0.451429 0.024286 0.030476
6 0.333571 0.432857 0.045714 0.027619
0 0.339286 0.450476 0.018571 0.013333
0 0.286786 0.517143 0.016429 0.020952
0 0.267857 0.626667 0.017143 0.015238
0 0.213929 0.765238 0.019286 0.027619
0 0.231429 0.676190 0.024286 0.020952
0 0.232857 0.642381 0.020000 0.021905
0 0.266786 0.566190 0.015000 0.018095
0 0.253571 0.619524 0.015714 0.016190
0 0.231786 0.531429 0.016429 0.017143
0 0.234643 0.507143 0.023571 0.014286
0 0.235000 0.474762 0.015714 0.014286
0 0.237500 0.456667 0.017857 0.014286
0 0.220000 0.633333 0.020000 0.013333
0 0.221071 0.618571 0.022143 0.012381
1 0.180714 0.951429 0.015714 0.017143
2 0.187143 0.947619 0.014286 0.032381
1 0.562857 0.596190 0.014286 0.017143
3 0.750714 0.023810 0.044286 0.047619
