3 0.399286 0.834286 0.052857 0.131429
3 0.323571 0.840000 0.058571 0.118095
3 0.476071 0.673333 0.039286 0.110476
3 0.836786 0.930952 0.077857 0.138095
3 0.301786 0.479048 0.059286 0.026667
3 0.281071 0.534286 0.062143 0.040000
0 0.403929 0.539524 0.006429 0.027619
9 0.464286 0.584762 0.011429 0.053333
9 0.486429 0.357619 0.005714 0.014286
9 0.497500 0.326667 0.005000 0.017143
9 0.486071 0.341429 0.006429 0.016190
3 0.516786 0.290952 0.013571 0.020000
3 0.603571 0.275238 0.011429 0.015238
3 0.628929 0.277143 0.010714 0.015238
3 0.602143 0.249524 0.008571 0.015238
3 0.607857 0.215238 0.008571 0.011429
3 0.611071 0.233333 0.009286 0.011429
3 0.581071 0.209524 0.006429 0.005714
3 0.580714 0.201905 0.007143 0.005714
3 0.475000 0.177143 0.012857 0.009524
3 0.478571 0.185238 0.012857 0.008571
3 0.466786 0.219524 0.017857 0.008571
3 0.551786 0.136190 0.006429 0.007619
3 0.552857 0.146667 0.005714 0.007619
3 0.586429 0.140952 0.005714 0.007619
3 0.583214 0.125238 0.006429 0.006667
3 0.587143 0.120476 0.007143 0.004762
3 0.590357 0.127619 0.006429 0.005714
3 0.581429 0.195238 0.007143 0.007619
3 0.578214 0.186667 0.006429 0.005714
4 0.528929 0.316667 0.019286 0.048571
9 0.604643 0.291905 0.005000 0.012381
0 0.504286 0.178571 0.001429 0.006667
0 0.526071 0.215714 0.002143 0.008571
0 0.527500 0.216190 0.002143 0.005714
9 0.665000 0.373810 0.005714 0.018095
9 0.618214 0.208571 0.002143 0.007619
3 0.684286 0.185714 0.018571 0.007619
3 0.668214 0.189048 0.016429 0.008571
3 0.665357 0.183333 0.010714 0.006667
9 0.718214 0.603810 0.010714 0.024762
1 0.719286 0.598571 0.008571 0.012381
1 0.665714 0.369048 0.004286 0.004762
1 0.617857 0.207619 0.002857 0.005714
1 0.604286 0.289524 0.002857 0.005714
1 0.497143 0.322857 0.004286 0.007619
1 0.486429 0.338095 0.004286 0.007619
1 0.487500 0.353810 0.005000 0.006667
1 0.463929 0.568571 0.009286 0.019048
