2 0.213929 0.498095 0.060714 0.076190
0 0.338929 0.716667 0.007857 0.018095
0 0.394286 0.626190 0.011429 0.023810
0 0.415000 0.669524 0.012857 0.026667
3 0.955000 0.831429 0.071429 0.123810
3 0.047857 0.387619 0.067143 0.060952
0 0.108571 0.370000 0.021429 0.025714
0 0.136071 0.362857 0.019286 0.030476
0 0.200357 0.366190 0.015000 0.029524
0 0.225000 0.363810 0.014286 0.026667
0 0.457857 0.583810 0.008571 0.019048
0 0.463214 0.571905 0.013571 0.020000
0 0.241429 0.665714 0.025714 0.020952
0 0.279286 0.443810 0.015714 0.026667
0 0.222500 0.418571 0.017857 0.023810
0 0.153571 0.463810 0.022857 0.026667
0 0.206429 0.391905 0.017143 0.021905
0 0.233929 0.405238 0.015000 0.027619
0 0.311071 0.404762 0.016429 0.022857
0 0.202500 0.681429 0.016429 0.018095
0 0.221071 0.647143 0.023571 0.020000
0 0.254643 0.615238 0.019286 0.017143
0 0.251071 0.603810 0.016429 0.015238
0 0.371786 0.731905 0.009286 0.014286
0 0.194643 0.490000 0.016429 0.029524
0 0.377143 0.743333 0.012857 0.021905
0 0.271429 0.384762 0.020000 0.026667
0 0.362500 0.422857 0.012143 0.019048
0 0.044643 0.872857 0.016429 0.025714
9 0.052500 0.872857 0.027857 0.046667
9 0.365714 0.428571 0.015714 0.034286
2 0.272143 0.388095 0.015714 0.031429
0 0.445357 0.889524 0.013571 0.022857
0 0.392857 0.828095 0.015714 0.023810
0 0.399286 0.814762 0.014286 0.023810
9 0.012857 0.755714 0.025714 0.025714
0 0.586429 0.706667 0.014286 0.028571
0 0.825357 0.917143 0.020714 0.019048
0 0.843214 0.917619 0.023571 0.016190
1 0.900000 0.755238 0.031429 0.022857
1 0.554643 0.482857 0.013571 0.022857
1 0.605357 0.501905 0.013571 0.028571
2 0.605357 0.506667 0.029286 0.026667
2 0.554286 0.489048 0.028571 0.025714
9 0.899643 0.760952 0.017857 0.040000
