5 0.474643 0.154762 0.006429 0.016190
5 0.451786 0.130952 0.006429 0.016190
5 0.497857 0.233333 0.008571 0.019048
3 0.455714 0.131905 0.002857 0.004762
3 0.516429 0.108571 0.002857 0.003810
3 0.478214 0.174286 0.003571 0.005714
5 0.260000 0.889524 0.068571 0.220952
4 0.351071 0.448571 0.017857 0.038095
3 0.354643 0.329524 0.010714 0.020952
4 0.706786 0.838095 0.035000 0.070476
3 0.326071 0.832381 0.026429 0.081905
5 0.332857 0.592857 0.018571 0.050476
3 0.291071 0.329524 0.022143 0.013333
3 0.333929 0.292857 0.019286 0.012381
3 0.926071 0.540476 0.039286 0.031429
3 0.967857 0.571905 0.035714 0.035238
3 0.859643 0.380952 0.025000 0.013333
3 0.919286 0.422857 0.027143 0.017143
4 0.936429 0.430476 0.027143 0.020952
