3 0.400313 0.876160 0.033403 0.065863
3 0.379175 0.719388 0.033925 0.067718
3 0.380219 0.640074 0.042276 0.040816
7 0.314718 0.630334 0.014614 0.043599
3 0.470251 0.568646 0.026096 0.050093
3 0.511221 0.459184 0.023486 0.048237
0 0.502088 0.430427 0.005219 0.022263
3 0.535230 0.384045 0.019311 0.040816
4 0.568633 0.284787 0.015136 0.033395
3 0.504436 0.269944 0.026618 0.020408
3 0.513309 0.260204 0.025574 0.021336
3 0.529228 0.219388 0.026096 0.023191
4 0.543580 0.183673 0.020355 0.022263
3 0.549061 0.179499 0.016701 0.019481
4 0.604384 0.135436 0.022965 0.020408
9 0.569676 0.142857 0.007829 0.009276
1 0.569154 0.139610 0.003653 0.010204
3 0.552975 0.148887 0.021399 0.017625
3 0.533142 0.143785 0.016180 0.018553
4 0.502349 0.137291 0.023486 0.020408
9 0.455376 0.115028 0.007829 0.007421
1 0.454854 0.113173 0.002610 0.007421
0 0.450157 0.099258 0.002610 0.012987
3 0.458246 0.108071 0.018789 0.015770
3 0.086117 0.218460 0.025052 0.023191
3 0.169102 0.154917 0.019833 0.020408
4 0.186587 0.139147 0.018267 0.025974
4 0.204593 0.126160 0.017745 0.024119
5 0.219207 0.111317 0.022965 0.033395
7 0.320720 0.100649 0.012004 0.017625
9 0.248173 0.055659 0.005741 0.009276
1 0.247651 0.051020 0.002610 0.011132
3 0.180063 0.033395 0.014614 0.012987
9 0.184760 0.015770 0.009395 0.012987
3 0.191545 0.014378 0.015658 0.012059
3 0.175365 0.012059 0.010438 0.012987
3 0.191545 0.007885 0.013570 0.013915
3 0.217380 0.011596 0.010960 0.012059
3 0.222599 0.014842 0.010960 0.011132
3 0.413361 0.079777 0.016701 0.014842
3 0.359342 0.010204 0.012004 0.016698
3 0.369781 0.005102 0.010960 0.010204
4 0.381263 0.035250 0.010960 0.014842
4 0.386743 0.028293 0.014614 0.017625
9 0.419885 0.069109 0.008873 0.008349
1 0.421190 0.065863 0.003132 0.011132
0 0.531837 0.076531 0.003132 0.013915
3 0.686848 0.021800 0.009395 0.012059
3 0.688413 0.011596 0.008351 0.012059
