3 0.377857 0.024286 0.038571 0.048571
3 0.386071 0.174762 0.045000 0.084762
3 0.384286 0.311905 0.038571 0.101905
3 0.389286 0.443333 0.055714 0.122857
3 0.272857 0.490000 0.055714 0.147619
0 0.198571 0.759524 0.032857 0.033333
3 0.299643 0.840952 0.083571 0.217143
0 0.107500 0.956190 0.035000 0.032381
0 0.102143 0.985714 0.034286 0.026667
0 0.465714 0.906190 0.017143 0.027619
4 0.519286 0.656667 0.057143 0.160952
3 0.615714 0.631905 0.062857 0.155238
9 0.938929 0.754286 0.026429 0.066667
1 0.941429 0.749524 0.018571 0.041905
3 0.711786 0.604286 0.070714 0.153333
3 0.790714 0.592857 0.080000 0.149524
3 0.861429 0.584762 0.090000 0.160000
3 0.921786 0.561429 0.079286 0.140000
0 0.654286 0.468095 0.024286 0.044762
3 0.836786 0.370952 0.106429 0.071429
3 0.551071 0.241905 0.100714 0.062857
3 0.790714 0.259048 0.092857 0.070476
3 0.733214 0.100952 0.087857 0.059048
3 0.708214 0.031429 0.079286 0.060952
3 0.528214 0.156190 0.090714 0.060952
3 0.498214 0.015714 0.085000 0.031429
3 0.503214 0.038095 0.083571 0.036190
3 0.509643 0.071905 0.083571 0.046667
3 0.521429 0.110952 0.087143 0.050476
