4 0.904286 0.606599 0.068571 0.142132
3 0.779286 0.232234 0.045714 0.078680
0 0.458214 0.739848 0.009286 0.032995
0 0.466071 0.744289 0.007857 0.026650
0 0.472143 0.737310 0.010000 0.040609
0 0.472143 0.741117 0.007143 0.025381
0 0.485714 0.593909 0.012857 0.038071
0 0.494286 0.600254 0.007143 0.027919
0 0.510000 0.585025 0.008571 0.030457
0 0.520714 0.573604 0.007143 0.020305
0 0.670000 0.571066 0.008571 0.030457
1 0.671786 0.595812 0.006429 0.021574
1 0.639643 0.600254 0.012143 0.022843
0 0.630714 0.595812 0.007143 0.021574
0 0.652143 0.487310 0.004286 0.030457
0 0.649643 0.484137 0.005000 0.021574
1 0.559643 0.569162 0.022143 0.013959
0 0.561071 0.581218 0.006429 0.020305
1 0.567857 0.420051 0.010000 0.020305
1 0.521786 0.495558 0.005000 0.021574
1 0.532857 0.490482 0.007143 0.016497
1 0.536786 0.466371 0.007857 0.013959
1 0.528929 0.477157 0.010714 0.015228
0 0.470000 0.292513 0.008571 0.031726
0 0.436786 0.313452 0.009286 0.030457
1 0.606071 0.288706 0.007857 0.016497
0 0.560714 0.271574 0.005714 0.025381
0 0.565714 0.274112 0.004286 0.022843
0 0.562500 0.300127 0.005000 0.026650
0 0.571071 0.299492 0.006429 0.025381
0 0.575714 0.292513 0.008571 0.029188
0 0.572500 0.282360 0.006429 0.029188
0 0.451429 0.054569 0.005714 0.027919
0 0.444643 0.062183 0.006429 0.025381
0 0.477143 0.062183 0.007143 0.027919
0 0.453214 0.106599 0.009286 0.020305
0 0.453214 0.116751 0.009286 0.015228
0 0.554286 0.279822 0.007143 0.029188
0 0.487857 0.425761 0.005714 0.021574
0 0.490714 0.411802 0.011429 0.021574
