3 0.159643 0.082487 0.010714 0.027919
3 0.139643 0.086929 0.007857 0.021574
2 0.357857 0.051396 0.004286 0.011421
2 0.353214 0.052030 0.003571 0.010152
9 0.361071 0.050761 0.002143 0.007614
0 0.307857 0.447970 0.002857 0.007614
0 0.307143 0.442259 0.002857 0.008883
0 0.162857 0.563452 0.004286 0.007614
0 0.165000 0.571066 0.004286 0.010152
0 0.170357 0.604695 0.003571 0.008883
0 0.155000 0.571066 0.005714 0.010152
0 0.181429 0.542513 0.001429 0.006345
0 0.172500 0.575508 0.005000 0.008883
0 0.187143 0.578680 0.004286 0.010152
0 0.154643 0.754442 0.003571 0.008883
3 0.285000 0.946701 0.027143 0.048223
3 0.303929 0.949239 0.025000 0.045685
3 0.312143 0.971447 0.025714 0.046954
0 0.411786 0.085660 0.002143 0.011421
4 0.459286 0.015863 0.007143 0.021574
5 0.506786 0.037437 0.012143 0.067259
4 0.459643 0.240482 0.009286 0.031726
4 0.474643 0.361041 0.009286 0.031726
4 0.496071 0.400381 0.009286 0.044416
4 0.496071 0.240482 0.009286 0.036802
3 0.459286 0.107868 0.008571 0.025381
3 0.476071 0.137690 0.007857 0.026650
3 0.491786 0.010787 0.007857 0.021574
5 0.515000 0.461294 0.012857 0.067259
4 0.496429 0.527919 0.010000 0.040609
3 0.515000 0.585660 0.010000 0.041878
5 0.455714 0.534898 0.014286 0.095178
3 0.471429 0.747462 0.010000 0.040609
3 0.518929 0.739213 0.009286 0.036802
3 0.470357 0.953046 0.010714 0.048223
3 0.449643 0.857234 0.012143 0.049492
4 0.467500 0.656726 0.010714 0.041878
4 0.497500 0.644036 0.010714 0.046954
5 0.495357 0.894670 0.017857 0.192893
5 0.518214 0.982868 0.017857 0.031726
5 0.443929 0.978426 0.017857 0.040609
9 0.475357 0.524112 0.003571 0.020305
9 0.473214 0.464467 0.003571 0.017766
9 0.459286 0.309645 0.004286 0.012690
1 0.459286 0.308376 0.004286 0.007614
1 0.472857 0.463198 0.002857 0.010152
1 0.475357 0.521574 0.003571 0.007614
