1 0.390000 0.521333 0.030000 0.029333
0 0.480000 0.057667 0.018000 0.058000
3 0.487000 0.299667 0.065000 0.207333
3 0.469000 0.628000 0.079000 0.213333
2 0.588250 0.765000 0.018500 0.066000
1 0.589500 0.775667 0.019000 0.036667
1 0.584500 0.794000 0.017000 0.041333
1 0.687750 0.772000 0.026500 0.036000
0 0.646000 0.724333 0.034000 0.038000
0 0.848250 0.971000 0.040500 0.050000
0 0.862000 0.955667 0.061000 0.047333
3 0.796750 0.688000 0.089500 0.202667
2 0.838750 0.874667 0.049500 0.052000
5 0.370750 0.737667 0.070500 0.239333
5 0.710750 0.320333 0.166500 0.126000
0 0.662000 0.374667 0.026000 0.033333
0 0.618750 0.377000 0.019500 0.034000
1 0.605750 0.348000 0.012500 0.018667
0 0.589500 0.308333 0.019000 0.040667
0 0.597500 0.260667 0.015000 0.034667
0 0.690000 0.264000 0.023000 0.038667
3 0.636750 0.082667 0.073500 0.162667
