4 0.306429 0.062857 0.008571 0.017143
4 0.325000 0.307143 0.041429 0.046667
4 0.356071 0.301429 0.032143 0.040952
3 0.326429 0.285238 0.020000 0.021905
3 0.054286 0.092857 0.018571 0.012381
9 0.237857 0.222381 0.007143 0.016190
4 0.444643 0.221905 0.012143 0.019048
8 0.452143 0.156667 0.021429 0.039048
4 0.416429 0.334286 0.041429 0.040000
3 0.237500 0.544286 0.023571 0.054286
9 0.333214 0.389048 0.005000 0.014286
1 0.332857 0.382381 0.005714 0.010476
1 0.668929 0.855714 0.012143 0.016190
1 0.476429 0.160476 0.002857 0.006667
1 0.410000 0.055238 0.002857 0.005714
9 0.669643 0.858571 0.017857 0.035238
4 0.539643 0.503810 0.049286 0.121905
7 0.577857 0.370476 0.012857 0.030476
0 0.628214 0.451429 0.005000 0.017143
8 0.522143 0.279524 0.030000 0.063810
8 0.594286 0.470476 0.052857 0.106667
0 0.621786 0.553810 0.006429 0.012381
8 0.623571 0.619524 0.074286 0.157143
4 0.647143 0.924762 0.087143 0.148571
3 0.986429 0.810476 0.027143 0.040000
3 0.741786 0.751905 0.053571 0.058095
3 0.910714 0.606190 0.052857 0.037143
3 0.792857 0.424286 0.037143 0.035238
3 0.828929 0.405238 0.037857 0.031429
3 0.755714 0.555238 0.032857 0.043810
3 0.865714 0.551429 0.041429 0.036190
3 0.720357 0.558571 0.033571 0.040952
3 0.740000 0.450476 0.034286 0.034286
4 0.890357 0.571905 0.056429 0.048571
4 0.703214 0.572857 0.037857 0.050476
0 0.748571 0.625238 0.010000 0.020000
4 0.805357 0.367143 0.035000 0.037143
1 0.608214 0.315714 0.005000 0.010476
9 0.607857 0.321905 0.008571 0.009524
9 0.476786 0.162857 0.005000 0.005714
4 0.472857 0.215714 0.020000 0.029524
3 0.585357 0.302857 0.029286 0.019048
3 0.650714 0.246190 0.027143 0.016190
3 0.749643 0.251905 0.022143 0.018095
3 0.682143 0.286667 0.025714 0.020952
3 0.766786 0.267619 0.026429 0.017143
3 0.721071 0.293333 0.026429 0.013333
3 0.699643 0.240476 0.019286 0.012381
4 0.764643 0.280000 0.023571 0.020952
4 0.768571 0.253810 0.021429 0.025714
4 0.723571 0.270000 0.037143 0.042857
4 0.651071 0.319524 0.026429 0.027619
3 0.678929 0.304286 0.025000 0.021905
4 0.595357 0.284762 0.023571 0.022857
4 0.572857 0.281429 0.022857 0.018095
4 0.556786 0.271905 0.037857 0.031429
4 0.557500 0.255238 0.037857 0.024762
4 0.607857 0.217143 0.015714 0.047619
4 0.582857 0.213333 0.015714 0.045714
9 0.597143 0.221905 0.004286 0.017143
3 0.567143 0.221905 0.008571 0.015238
3 0.561786 0.163333 0.013571 0.016190
3 0.574643 0.161905 0.012143 0.013333
4 0.487857 0.137619 0.012857 0.023810
4 0.510357 0.079524 0.010714 0.010476
3 0.519286 0.082381 0.011429 0.006667
3 0.436786 0.072857 0.015000 0.006667
4 0.432857 0.075714 0.005714 0.008571
4 0.448929 0.075714 0.006429 0.008571
4 0.470000 0.092381 0.015714 0.011429
3 0.458929 0.074286 0.007857 0.007619
4 0.474643 0.064762 0.012143 0.009524
3 0.425357 0.060952 0.005000 0.007619
3 0.434643 0.060476 0.006429 0.006667
3 0.429286 0.048571 0.007143 0.007619
9 0.410000 0.055238 0.005714 0.009524
4 0.405357 0.032857 0.009286 0.010476
4 0.422857 0.031429 0.012857 0.009524
3 0.443571 0.028571 0.012857 0.005714
3 0.443929 0.055714 0.013571 0.006667
3 0.387500 0.011905 0.007857 0.006667
