3 0.755357 0.281091 0.027857 0.067259
3 0.487143 0.590736 0.037143 0.079949
3 0.471429 0.635152 0.042857 0.097716
3 0.434643 0.741751 0.037857 0.092640
3 0.468571 0.274112 0.042857 0.053299
3 0.423929 0.253807 0.042143 0.040609
3 0.380000 0.232868 0.038571 0.041878
3 0.340714 0.213198 0.044286 0.043147
4 0.281429 0.232234 0.045714 0.065990
4 0.414286 0.793147 0.038571 0.129442
4 0.492143 0.430838 0.032857 0.092640
4 0.915000 0.715736 0.037143 0.129442
4 0.931786 0.289975 0.030714 0.082487
8 0.254643 0.158629 0.102143 0.104061
3 0.714643 0.106599 0.019286 0.053299
3 0.445000 0.600888 0.007143 0.029188
3 0.427857 0.935914 0.008571 0.034264
3 0.418929 0.932741 0.010714 0.032995
3 0.659643 0.168782 0.007857 0.030457
3 0.666071 0.131345 0.009286 0.026650
