3 0.212250 0.204333 0.005500 0.007333
3 0.216500 0.209000 0.007000 0.007333
3 0.214750 0.220667 0.007500 0.009333
3 0.221250 0.219667 0.006500 0.011333
3 0.228250 0.219333 0.005500 0.008000
3 0.228000 0.225667 0.006000 0.008667
3 0.227500 0.239667 0.007000 0.008667
3 0.232500 0.235000 0.007000 0.008667
3 0.237750 0.242000 0.006500 0.008000
3 0.233500 0.248667 0.008000 0.010667
3 0.244250 0.252667 0.006500 0.009333
3 0.241250 0.261000 0.006500 0.011333
3 0.231500 0.263000 0.008000 0.010000
3 0.252000 0.266333 0.007000 0.010000
3 0.256250 0.274000 0.007500 0.012000
3 0.249500 0.281667 0.008000 0.008667
3 0.269500 0.277000 0.006000 0.008667
8 0.258750 0.258000 0.015500 0.022667
8 0.233250 0.214667 0.009500 0.016000
3 0.314750 0.249000 0.014500 0.007333
3 0.275000 0.286000 0.009000 0.010667
3 0.265750 0.290667 0.010500 0.010667
3 0.261000 0.299667 0.010000 0.012667
3 0.274250 0.302000 0.011500 0.012000
3 0.287500 0.303000 0.009000 0.011333
3 0.276000 0.324333 0.010000 0.014000
3 0.287500 0.323667 0.012000 0.012667
3 0.294750 0.317667 0.010500 0.012667
3 0.295000 0.283667 0.009000 0.011333
3 0.300750 0.289667 0.007500 0.010000
3 0.304000 0.293667 0.008000 0.011333
3 0.309000 0.300000 0.010000 0.012000
3 0.316500 0.309667 0.011000 0.012667
3 0.331500 0.330000 0.012000 0.012000
3 0.337250 0.340000 0.009500 0.012000
3 0.348000 0.351000 0.013000 0.014000
3 0.359000 0.360667 0.013000 0.014667
4 0.311500 0.337000 0.012000 0.015333
3 0.299000 0.343333 0.013000 0.013333
3 0.294500 0.356667 0.013000 0.013333
3 0.325500 0.361000 0.011000 0.014000
3 0.315250 0.390000 0.012500 0.014667
3 0.328500 0.386333 0.014000 0.015333
3 0.356000 0.402667 0.014000 0.014667
3 0.345000 0.413333 0.014000 0.014667
3 0.355250 0.440667 0.013500 0.013333
3 0.381000 0.441333 0.014000 0.016000
3 0.406750 0.412000 0.017500 0.014667
3 0.433250 0.444333 0.016500 0.015333
3 0.443250 0.456667 0.017500 0.017333
4 0.466000 0.487667 0.018000 0.022000
3 0.477750 0.506000 0.017500 0.020000
3 0.497000 0.544667 0.021000 0.021333
3 0.413750 0.496667 0.018500 0.020000
3 0.411000 0.520667 0.019000 0.021333
3 0.441250 0.557667 0.020500 0.023333
1 0.437250 0.478000 0.007500 0.009333
1 0.445750 0.476000 0.004500 0.010667
1 0.451500 0.508333 0.005000 0.010000
1 0.463750 0.504000 0.004500 0.009333
1 0.475750 0.533000 0.006500 0.014000
1 0.509000 0.596667 0.006000 0.014667
1 0.525250 0.607000 0.005500 0.012667
2 0.438000 0.481667 0.007000 0.011333
2 0.445500 0.479667 0.007000 0.010000
2 0.452250 0.511667 0.006500 0.010000
2 0.464000 0.506667 0.006000 0.009333
2 0.476000 0.536000 0.009000 0.012000
2 0.508250 0.598667 0.008500 0.013333
2 0.526500 0.610000 0.009000 0.012000
9 0.548750 0.584667 0.009500 0.017333
3 0.558500 0.621333 0.025000 0.026667
9 0.576500 0.633667 0.008000 0.018000
9 0.555250 0.632000 0.011500 0.017333
3 0.588000 0.656000 0.032000 0.030667
3 0.615250 0.692000 0.034500 0.036000
3 0.643250 0.725667 0.033500 0.036667
3 0.671000 0.761667 0.037000 0.042000
3 0.709500 0.813333 0.041000 0.048000
3 0.748000 0.862333 0.045000 0.051333
3 0.790500 0.918333 0.050000 0.058000
3 0.842750 0.975333 0.056500 0.049333
1 0.775750 0.938333 0.011500 0.014000
1 0.781750 0.945000 0.009500 0.014000
1 0.775000 0.959333 0.011000 0.022667
1 0.755000 0.903333 0.012000 0.018667
9 0.774000 0.962000 0.016000 0.028000
9 0.777000 0.941333 0.018000 0.026667
2 0.754000 0.906333 0.017000 0.023333
2 0.789000 0.890000 0.016000 0.024000
2 0.782750 0.829000 0.012500 0.023333
3 0.501500 0.686667 0.028000 0.033333
3 0.513750 0.864333 0.036500 0.060667
3 0.435750 0.758667 0.029500 0.048000
1 0.473750 0.962667 0.008500 0.021333
2 0.475750 0.971667 0.012500 0.023333
8 0.413750 0.893333 0.062500 0.141333
3 0.324500 0.685333 0.021000 0.037333
3 0.315500 0.650667 0.021000 0.034667
3 0.301750 0.617333 0.019500 0.032000
4 0.292250 0.588667 0.017500 0.034667
1 0.307500 0.540667 0.007000 0.014667
9 0.308500 0.544000 0.007000 0.013333
0 0.232250 0.350333 0.005500 0.014000
0 0.255250 0.415333 0.006500 0.014667
3 0.074750 0.361000 0.017500 0.014000
