5 0.316786 0.708095 0.086429 0.185714
5 0.363214 0.440000 0.043571 0.074286
5 0.368571 0.339048 0.020000 0.026667
5 0.453571 0.268571 0.031429 0.017143
5 0.453571 0.253810 0.030000 0.016190
1 0.455714 0.578095 0.007143 0.017143
1 0.536786 0.471905 0.006429 0.016190
1 0.483571 0.346190 0.004286 0.010476
1 0.466786 0.383333 0.005000 0.010476
9 0.930714 0.875714 0.017143 0.035238
1 0.933214 0.870952 0.010714 0.018095
4 0.157143 0.507619 0.032857 0.040000
4 0.214643 0.425238 0.036429 0.021905
4 0.342857 0.371429 0.027143 0.017143
3 0.276071 0.429524 0.013571 0.030476
3 0.326429 0.397619 0.025714 0.016190
3 0.312500 0.419048 0.029286 0.019048
3 0.091071 0.519524 0.040714 0.023810
3 0.362500 0.395238 0.023571 0.020952
5 0.351429 0.398571 0.020000 0.023810
5 0.368929 0.378095 0.020714 0.020952
5 0.371071 0.370952 0.019286 0.016190
8 0.495000 0.359524 0.030000 0.061905
6 0.541429 0.472381 0.021429 0.024762
0 0.322500 0.790476 0.010714 0.019048
0 0.700000 0.311905 0.004286 0.014286
0 0.680714 0.269524 0.004286 0.009524
0 0.652143 0.257619 0.004286 0.012381
0 0.659643 0.247619 0.003571 0.011429
0 0.676071 0.245714 0.005000 0.011429
0 0.670357 0.243810 0.005000 0.013333
0 0.640357 0.239524 0.003571 0.008571
0 0.659286 0.242857 0.002857 0.011429
0 0.659286 0.324286 0.005714 0.018095
1 0.686429 0.337143 0.004286 0.009524
1 0.772857 0.459524 0.005714 0.012381
9 0.771786 0.462857 0.005000 0.013333
9 0.456786 0.581429 0.010714 0.020000
3 0.522143 0.296667 0.011429 0.016190
2 0.467143 0.389048 0.004286 0.012381
2 0.484286 0.349048 0.005714 0.010476
8 0.400357 0.345238 0.040714 0.023810
4 0.388929 0.310476 0.013571 0.015238
4 0.382857 0.326667 0.015714 0.015238
4 0.359286 0.351905 0.020000 0.021905
6 0.370357 0.325238 0.009286 0.014286
3 0.290000 0.356667 0.027143 0.016190
7 0.366429 0.288571 0.007143 0.015238
3 0.398929 0.221905 0.015000 0.011429
3 0.442500 0.181429 0.013571 0.008571
3 0.503214 0.151905 0.012143 0.008571
3 0.506429 0.150000 0.011429 0.008571
3 0.469286 0.193333 0.014286 0.009524
3 0.466429 0.201429 0.015714 0.008571
3 0.475357 0.187143 0.010714 0.006667
3 0.480000 0.165238 0.012857 0.008571
3 0.483571 0.162857 0.010000 0.007619
3 0.492143 0.160476 0.012857 0.008571
3 0.496786 0.153810 0.012143 0.008571
3 0.481786 0.143810 0.006429 0.007619
3 0.471429 0.144286 0.005714 0.008571
4 0.196071 0.719524 0.055000 0.048571
4 0.105714 0.745238 0.068571 0.044762
4 0.175714 0.849524 0.032857 0.076190
5 0.900000 0.407143 0.050000 0.058095
5 0.910714 0.480000 0.022857 0.040000
5 0.891786 0.559524 0.022143 0.040952
5 0.929643 0.384286 0.025000 0.035238
4 0.854643 0.357619 0.015000 0.021905
4 0.741786 0.284762 0.017857 0.013333
7 0.863214 0.546667 0.015000 0.022857
5 0.808214 0.603810 0.040714 0.068571
5 0.610357 0.058571 0.005000 0.010476
5 0.603929 0.093333 0.006429 0.015238
5 0.597143 0.089048 0.007143 0.010476
5 0.622500 0.052381 0.006429 0.011429
4 0.636071 0.065714 0.003571 0.005714
3 0.146071 0.410000 0.035000 0.018095
3 0.282500 0.560476 0.027857 0.035238
3 0.303929 0.523810 0.026429 0.036190
4 0.303929 0.555238 0.023571 0.032381
