0 0.172143 0.114213 0.010000 0.025381
0 0.183929 0.127538 0.012143 0.039340
0 0.193929 0.135787 0.007857 0.032995
0 0.215714 0.147843 0.010000 0.044416
0 0.240714 0.126269 0.012857 0.044416
0 0.254286 0.168782 0.012857 0.040609
0 0.279286 0.180203 0.010000 0.032995
0 0.313571 0.197970 0.011429 0.040609
0 0.372500 0.138959 0.013571 0.052030
0 0.401786 0.158629 0.009286 0.048223
0 0.395357 0.143401 0.007857 0.045685
0 0.529286 0.261421 0.012857 0.045685
0 0.569643 0.288071 0.007857 0.035533
0 0.494286 0.302665 0.015714 0.052030
0 0.520714 0.315990 0.008571 0.045685
0 0.482857 0.265228 0.018571 0.025381
0 0.461786 0.272843 0.010714 0.038071
0 0.677857 0.323604 0.012857 0.043147
0 0.688571 0.305838 0.014286 0.055838
0 0.678571 0.278553 0.007143 0.052030
0 0.703929 0.293782 0.012143 0.049492
0 0.727857 0.325508 0.017143 0.046954
0 0.738929 0.326777 0.012143 0.052030
0 0.753571 0.344543 0.017143 0.046954
0 0.796786 0.359137 0.010714 0.050761
0 0.805714 0.360406 0.011429 0.045685
0 0.842500 0.373096 0.019286 0.045685
0 0.866429 0.397208 0.021429 0.055838
0 0.863929 0.375000 0.019286 0.062183
0 0.903571 0.454949 0.018571 0.049492
0 0.921786 0.416878 0.017857 0.054569
0 0.858929 0.470812 0.013571 0.043147
0 0.822500 0.455584 0.016429 0.053299
0 0.675000 0.507614 0.015714 0.055838
0 0.666429 0.527919 0.012857 0.032995
0 0.651071 0.529188 0.010714 0.035533
0 0.575000 0.507614 0.010000 0.038071
0 0.602500 0.467005 0.017857 0.053299
0 0.565357 0.415609 0.013571 0.052030
0 0.506786 0.455584 0.010714 0.038071
0 0.540714 0.385787 0.012857 0.040609
0 0.491071 0.383883 0.009286 0.036802
0 0.472143 0.352792 0.010000 0.030457
0 0.392500 0.309645 0.010714 0.050761
0 0.247500 0.812183 0.017857 0.048223
0 0.125000 0.755711 0.018571 0.062183
0 0.512857 0.702411 0.010000 0.041878
0 0.756429 0.796954 0.011429 0.043147
0 0.798214 0.716371 0.016429 0.036802
0 0.813571 0.693528 0.012857 0.039340
0 0.746786 0.623096 0.022143 0.048223
0 0.816429 0.685914 0.011429 0.041878
0 0.782143 0.631980 0.014286 0.038071
0 0.801071 0.623096 0.016429 0.040609
0 0.804286 0.602157 0.012857 0.034264
0 0.858571 0.694162 0.018571 0.038071
0 0.892143 0.674492 0.017143 0.031726
0 0.862500 0.623096 0.015000 0.035533
0 0.877857 0.621827 0.014286 0.030457
0 0.903929 0.605964 0.023571 0.057107
0 0.933929 0.779822 0.020714 0.039340
0 0.970357 0.777919 0.019286 0.032995
