3 0.421973 0.846475 0.061065 0.093692
3 0.487213 0.698516 0.057933 0.090909
1 0.463466 0.618275 0.009395 0.017625
1 0.472338 0.598794 0.009395 0.017625
1 0.483038 0.602505 0.005741 0.023191
1 0.483299 0.599722 0.004175 0.012059
9 0.491388 0.620130 0.018267 0.026902
3 0.550104 0.546846 0.050104 0.073284
3 0.630219 0.424397 0.045407 0.065863
3 0.655010 0.378015 0.040710 0.064007
3 0.667797 0.357607 0.042276 0.058442
3 0.701983 0.301484 0.046973 0.055659
3 0.719207 0.275510 0.038622 0.055659
3 0.728862 0.254638 0.040188 0.047310
3 0.741649 0.236549 0.038622 0.048237
3 0.747912 0.215677 0.039666 0.049165
3 0.793058 0.164657 0.037056 0.043599
3 0.807150 0.126160 0.039144 0.046382
3 0.818372 0.111781 0.038622 0.041744
9 0.816545 0.080241 0.016180 0.019481
1 0.816284 0.073284 0.007307 0.014842
3 0.833768 0.077922 0.033925 0.038961
3 0.856472 0.038033 0.035491 0.035250
5 0.899530 0.095083 0.040188 0.075139
