3 0.852818 0.572820 0.029228 0.056586
3 0.948591 0.218924 0.016180 0.018553
3 0.703810 0.444341 0.037056 0.035250
3 0.725209 0.404917 0.036013 0.036178
3 0.733038 0.396104 0.032881 0.025974
3 0.790710 0.375696 0.019833 0.035250
3 0.852557 0.280612 0.017223 0.025046
3 0.765136 0.335343 0.027140 0.025046
3 0.770094 0.324212 0.024530 0.025046
3 0.791232 0.314935 0.014614 0.023191
4 0.796451 0.308442 0.027140 0.017625
3 0.799061 0.298701 0.029228 0.016698
3 0.804802 0.293599 0.027140 0.015770
3 0.834029 0.250000 0.030271 0.023191
4 0.838466 0.236549 0.023486 0.016698
4 0.842380 0.222635 0.025052 0.018553
4 0.863257 0.169759 0.013570 0.022263
3 0.650835 0.617811 0.033403 0.066790
0 0.593946 0.700835 0.008351 0.030612
4 0.584290 0.637291 0.036013 0.064935
0 0.546712 0.773655 0.007829 0.037106
9 0.461378 0.878942 0.009395 0.034323
9 0.384395 0.987477 0.023486 0.023191
9 0.624217 0.601113 0.006263 0.029685
9 0.628392 0.533395 0.014614 0.024119
8 0.731733 0.664657 0.069937 0.147495
3 0.992171 0.162801 0.014614 0.015770
3 0.865084 0.204082 0.015136 0.018553
4 0.854645 0.206865 0.020355 0.012987
3 0.987213 0.114100 0.009916 0.012987
3 0.990866 0.130334 0.009916 0.012059
