5 0.621786 0.863333 0.063571 0.191429
3 0.627500 0.470000 0.023571 0.042857
5 0.595357 0.426667 0.032143 0.064762
1 0.602500 0.181905 0.002143 0.007619
9 0.601786 0.186190 0.003571 0.006667
1 0.693571 0.830000 0.011429 0.020000
9 0.692500 0.833810 0.012143 0.037143
0 0.009286 0.605714 0.014286 0.038095
1 0.180357 0.305714 0.003571 0.013333
2 0.181786 0.310000 0.007857 0.012381
3 0.555714 0.019524 0.004286 0.006667
4 0.561071 0.024286 0.003571 0.008571
3 0.556786 0.030000 0.005000 0.006667
3 0.579286 0.043333 0.004286 0.006667
5 0.578571 0.030476 0.004286 0.009524
5 0.577857 0.020000 0.004286 0.009524
8 0.584643 0.012857 0.005000 0.012381
8 0.577500 0.009048 0.005000 0.010476
3 0.725357 0.091429 0.017857 0.009524
3 0.718929 0.084762 0.015000 0.007619
3 0.750357 0.114286 0.007857 0.009524
2 0.546786 0.854762 0.007857 0.040952
2 0.542143 0.859524 0.008571 0.042857
