3 0.457143 0.873333 0.070000 0.133333
3 0.458929 0.568571 0.057857 0.064762
3 0.512143 0.520952 0.050000 0.051429
3 0.562143 0.470952 0.048571 0.048571
3 0.610357 0.420476 0.035000 0.042857
3 0.631786 0.448095 0.043571 0.046667
3 0.675357 0.402381 0.036429 0.042857
3 0.709286 0.369048 0.032857 0.039048
3 0.691429 0.350952 0.032857 0.037143
3 0.746429 0.332857 0.030000 0.031429
3 0.770000 0.304286 0.024286 0.027619
3 0.802143 0.271905 0.025714 0.029524
3 0.817500 0.229048 0.020714 0.025714
4 0.650714 0.387619 0.037143 0.045714
3 0.373571 0.639048 0.068571 0.072381
3 0.287500 0.736190 0.080714 0.085714
3 0.167857 0.849048 0.097143 0.113333
3 0.255714 0.833810 0.092857 0.111429
3 0.351071 0.725714 0.072143 0.091429
3 0.439643 0.646667 0.069286 0.080000
3 0.528929 0.559048 0.047857 0.060952
3 0.577500 0.501905 0.043571 0.051429
0 0.505000 0.373333 0.011429 0.030476
0 0.450000 0.436190 0.011429 0.026667
2 0.451071 0.441429 0.020714 0.027619
9 0.304643 0.600952 0.022143 0.026667
1 0.303214 0.595714 0.013571 0.023810
