0 0.588214 0.629048 0.015000 0.048571
0 0.378929 0.668571 0.016429 0.062857
3 0.496786 0.643333 0.092143 0.052381
3 0.516429 0.619524 0.072857 0.033333
3 0.517143 0.608095 0.065714 0.025714
3 0.308929 0.560476 0.025000 0.016190
3 0.336429 0.552381 0.024286 0.019048
3 0.368929 0.542381 0.015000 0.012381
3 0.384286 0.539524 0.012857 0.010476
3 0.428214 0.542381 0.012143 0.012381
3 0.466071 0.537143 0.009286 0.009524
3 0.266429 0.552857 0.017143 0.014286
3 0.114643 0.574762 0.027857 0.018095
3 0.173571 0.562857 0.032857 0.019048
3 0.191786 0.547619 0.023571 0.011429
3 0.151071 0.547143 0.025000 0.010476
0 0.019643 0.969524 0.036429 0.060952
