4 0.190501 0.079777 0.007307 0.011132
0 0.014614 0.630334 0.008351 0.021336
3 0.276096 0.461039 0.014614 0.025974
3 0.291754 0.456401 0.013570 0.024119
3 0.305846 0.451299 0.015658 0.025046
3 0.321764 0.442950 0.015136 0.026902
3 0.756002 0.975417 0.042276 0.047310
3 0.731472 0.877551 0.041232 0.072356
3 0.696764 0.875696 0.037578 0.066790
3 0.685021 0.791280 0.036013 0.064935
6 0.658925 0.789889 0.027662 0.062152
3 0.651357 0.725417 0.035491 0.053803
3 0.612213 0.706865 0.027140 0.051948
4 0.625522 0.675788 0.026618 0.052876
5 0.580637 0.625696 0.046451 0.099258
0 0.987996 0.987941 0.010438 0.022263
0 0.974687 0.953618 0.009916 0.035250
1 0.948069 0.968924 0.012004 0.030612
9 0.948069 0.972171 0.009916 0.035250
3 0.916493 0.877087 0.028184 0.045455
1 0.823330 0.705937 0.007829 0.020408
9 0.822547 0.710575 0.013570 0.020408
3 0.746608 0.650742 0.027662 0.038033
1 0.691023 0.604824 0.006263 0.014842
1 0.674582 0.585807 0.005741 0.013915
9 0.691023 0.608534 0.009395 0.018553
9 0.673800 0.588590 0.009395 0.017625
3 0.698069 0.583952 0.023486 0.036178
7 0.673278 0.565863 0.019833 0.033395
3 0.659969 0.531076 0.022443 0.036178
4 0.619520 0.474026 0.018789 0.035250
3 0.568372 0.460111 0.024008 0.029685
3 0.588466 0.431354 0.018267 0.024119
1 0.591075 0.533395 0.005741 0.014842
9 0.590553 0.537106 0.008873 0.020408
3 0.575678 0.412338 0.015658 0.023191
5 0.397704 0.271800 0.011482 0.020408
1 0.536795 0.404453 0.004697 0.014842
9 0.536795 0.406308 0.008873 0.012987
1 0.541493 0.386827 0.003653 0.012987
9 0.540971 0.389147 0.006785 0.012059
0 0.524791 0.387755 0.004697 0.016698
0 0.527662 0.362709 0.004175 0.014842
0 0.516701 0.374304 0.005219 0.017625
0 0.509916 0.367347 0.003132 0.014842
0 0.520094 0.363173 0.003653 0.013915
3 0.520616 0.335807 0.013048 0.020408
3 0.551931 0.382653 0.016180 0.025046
9 0.550887 0.362245 0.007829 0.010204
9 0.555324 0.365955 0.008351 0.010204
3 0.486169 0.286178 0.012004 0.017625
1 0.419363 0.211967 0.002610 0.008349
1 0.409186 0.193414 0.003132 0.006494
1 0.414927 0.188312 0.002088 0.007421
1 0.411534 0.187384 0.002610 0.007421
1 0.406315 0.185065 0.001566 0.006494
1 0.400574 0.184601 0.002610 0.007421
1 0.403184 0.179499 0.002610 0.006494
1 0.402140 0.181818 0.002610 0.005566
1 0.396921 0.179963 0.002610 0.005566
1 0.399008 0.179963 0.001566 0.005566
1 0.395616 0.173469 0.002088 0.007421
1 0.393006 0.164193 0.002088 0.007421
1 0.387265 0.161874 0.002088 0.006494
1 0.388309 0.156308 0.002088 0.006494
9 0.388048 0.158163 0.002610 0.006494
9 0.387004 0.163265 0.002610 0.005566
9 0.393267 0.167440 0.002610 0.006494
9 0.396138 0.175325 0.003132 0.007421
9 0.396921 0.182282 0.002610 0.004638
9 0.398747 0.180427 0.002088 0.002783
9 0.400574 0.186920 0.003653 0.006494
9 0.402140 0.183673 0.002610 0.005566
9 0.402923 0.180427 0.003132 0.004638
9 0.406315 0.186456 0.002610 0.005566
9 0.409186 0.195733 0.003132 0.007421
9 0.415188 0.190167 0.002610 0.005566
9 0.419102 0.213358 0.004175 0.007421
6 0.412056 0.190167 0.003653 0.007421
0 0.411534 0.184137 0.002610 0.008349
0 0.382568 0.158163 0.002088 0.008349
0 0.382307 0.157699 0.001566 0.005566
0 0.403967 0.156772 0.002088 0.007421
0 0.395355 0.148887 0.002610 0.008349
5 0.379958 0.138219 0.008351 0.012987
6 0.664927 0.194341 0.006263 0.008349
1 0.672234 0.192486 0.002088 0.008349
9 0.671451 0.194805 0.004697 0.007421
1 0.664666 0.190167 0.002610 0.009276
4 0.672495 0.186456 0.013048 0.012987
7 0.602818 0.130798 0.009395 0.011132
3 0.365605 0.120594 0.005741 0.009276
3 0.363257 0.116883 0.006263 0.009276
3 0.359081 0.110390 0.005219 0.009276
3 0.325418 0.108998 0.005741 0.010204
3 0.317589 0.092301 0.004697 0.008349
3 0.314979 0.080705 0.004697 0.007421
8 0.324374 0.089981 0.008873 0.018553
5 0.304541 0.082560 0.007829 0.016698
8 0.292797 0.074212 0.008351 0.016698
5 0.297234 0.068182 0.006785 0.013915
3 0.293841 0.063080 0.004175 0.007421
3 0.288100 0.061688 0.003132 0.006494
3 0.270355 0.114100 0.010438 0.009276
3 0.289666 0.123377 0.005219 0.014842
3 0.269050 0.124768 0.005741 0.010204
8 0.265658 0.094620 0.013570 0.016698
