3 0.088929 0.380000 0.027857 0.019048
3 0.260357 0.237143 0.015000 0.036190
3 0.287500 0.311905 0.029286 0.023810
3 0.291071 0.291905 0.025000 0.018095
5 0.325000 0.168571 0.030000 0.026667
5 0.297500 0.087143 0.029286 0.069524
5 0.277143 0.133333 0.030000 0.080000
2 0.120357 0.368095 0.012143 0.008571
2 0.174643 0.380952 0.012143 0.007619
1 0.118571 0.367619 0.007143 0.007619
1 0.173214 0.380476 0.006429 0.006667
3 0.860714 0.106667 0.025714 0.030476
3 0.950714 0.191905 0.025714 0.029524
3 0.974286 0.180000 0.025714 0.028571
