9 0.337857 0.718571 0.080000 0.079048
9 0.917143 0.710476 0.067143 0.062857
0 0.697143 0.400000 0.017143 0.038095
3 0.727857 0.343810 0.027143 0.030476
3 0.681786 0.315714 0.019286 0.023810
3 0.680000 0.299524 0.040000 0.021905
3 0.731429 0.300952 0.030000 0.022857
3 0.630000 0.308571 0.024286 0.026667
3 0.705714 0.315714 0.024286 0.029524
4 0.661786 0.329524 0.047857 0.034286
3 0.606071 0.326667 0.056429 0.026667
3 0.568571 0.293810 0.041429 0.023810
3 0.528571 0.300000 0.024286 0.030476
3 0.519286 0.320476 0.030000 0.023810
2 0.521071 0.342381 0.017857 0.016190
0 0.498214 0.410476 0.012143 0.041905
0 0.545714 0.497619 0.017143 0.058095
2 0.444643 0.503333 0.025000 0.033333
0 0.549286 0.220952 0.005714 0.017143
0 0.551429 0.219524 0.005714 0.016190
