3 0.026071 0.141905 0.016429 0.009524
3 0.025000 0.152857 0.021429 0.012381
3 0.023214 0.199524 0.020714 0.014286
3 0.014286 0.264286 0.015714 0.023810
3 0.133571 0.440476 0.021429 0.016190
4 0.203929 0.845714 0.026429 0.019048
3 0.146429 0.793810 0.031429 0.018095
3 0.148571 0.771905 0.028571 0.018095
3 0.154643 0.751905 0.030714 0.020000
3 0.158929 0.727143 0.030714 0.016190
3 0.161429 0.705714 0.027143 0.015238
3 0.164643 0.438095 0.019286 0.013333
3 0.157857 0.189524 0.020000 0.011429
3 0.230357 0.186667 0.020714 0.011429
3 0.170357 0.114286 0.017857 0.013333
3 0.291786 0.020000 0.017857 0.013333
3 0.291071 0.028571 0.016429 0.013333
3 0.303571 0.085714 0.015714 0.011429
3 0.304643 0.094286 0.017857 0.013333
3 0.301786 0.141905 0.013571 0.011429
3 0.266071 0.157143 0.013571 0.017143
4 0.315714 0.478095 0.017143 0.013333
3 0.365714 0.570000 0.024286 0.014286
3 0.368571 0.626667 0.011429 0.034286
3 0.381786 0.626190 0.010714 0.033333
3 0.382500 0.655714 0.025000 0.016190
3 0.380357 0.673333 0.020714 0.015238
3 0.379286 0.692381 0.024286 0.015238
4 0.379643 0.735238 0.023571 0.015238
3 0.377857 0.756667 0.025714 0.014286
3 0.316429 0.877143 0.028571 0.019048
3 0.312500 0.900952 0.030714 0.022857
3 0.313571 0.926190 0.031429 0.020000
3 0.332857 0.939048 0.017143 0.045714
3 0.416786 0.618571 0.020714 0.027619
3 0.422500 0.572381 0.022143 0.013333
3 0.424286 0.514762 0.022857 0.016190
3 0.423214 0.475238 0.020714 0.015238
3 0.424286 0.459524 0.024286 0.014286
3 0.430357 0.432857 0.020714 0.014286
3 0.422500 0.408571 0.023571 0.015238
3 0.421786 0.393810 0.022143 0.014286
3 0.421071 0.380000 0.023571 0.015238
0 0.415357 0.275238 0.003571 0.007619
3 0.442500 0.027619 0.017857 0.013333
3 0.441786 0.037619 0.017857 0.012381
3 0.442857 0.066190 0.018571 0.012381
3 0.442857 0.075238 0.017143 0.013333
3 0.443929 0.088095 0.017857 0.014286
3 0.534643 0.162381 0.020714 0.014286
5 0.562857 0.159524 0.025714 0.016190
3 0.588214 0.192857 0.017857 0.014286
3 0.591429 0.029048 0.017143 0.016190
3 0.594643 0.054286 0.017857 0.015238
3 0.596071 0.066190 0.016429 0.018095
3 0.600357 0.074762 0.016429 0.016190
3 0.621786 0.154762 0.016429 0.010476
3 0.583929 0.229048 0.020714 0.014286
3 0.587143 0.244286 0.022857 0.014286
3 0.589286 0.257619 0.021429 0.012381
3 0.589643 0.271905 0.022143 0.016190
3 0.595714 0.298095 0.022857 0.013333
3 0.595714 0.310952 0.024286 0.014286
3 0.597857 0.323810 0.022857 0.015238
3 0.598571 0.335238 0.017143 0.013333
3 0.599643 0.350000 0.023571 0.014286
9 0.614643 0.368571 0.007857 0.005714
4 0.602143 0.376667 0.022857 0.014286
4 0.600714 0.393810 0.018571 0.014286
4 0.604286 0.409524 0.021429 0.015238
3 0.612500 0.471429 0.023571 0.015238
4 0.617143 0.535714 0.022857 0.016190
3 0.622143 0.591429 0.027143 0.017143
9 0.613929 0.560476 0.009286 0.006667
9 0.624286 0.559524 0.008571 0.006667
3 0.632143 0.658095 0.027143 0.017143
3 0.632857 0.697143 0.027143 0.017143
2 0.631071 0.714286 0.007857 0.007619
3 0.640000 0.777619 0.027143 0.018095
3 0.644643 0.822857 0.029286 0.019048
3 0.558571 0.848095 0.020000 0.039048
3 0.628929 0.890476 0.015000 0.047619
3 0.599643 0.913810 0.013571 0.033333
9 0.653571 0.874762 0.010000 0.012381
4 0.743571 0.020952 0.018571 0.015238
3 0.750714 0.039524 0.021429 0.012381
3 0.752857 0.049048 0.020000 0.012381
3 0.772500 0.148095 0.022143 0.014286
3 0.770000 0.270000 0.021429 0.020000
3 0.779643 0.302381 0.023571 0.014286
3 0.784643 0.334286 0.023571 0.017143
3 0.794286 0.384286 0.025714 0.020000
3 0.835714 0.518095 0.028571 0.017143
3 0.827857 0.552857 0.027143 0.016190
9 0.831429 0.577143 0.008571 0.007619
9 0.843571 0.593333 0.008571 0.005714
3 0.839643 0.610952 0.029286 0.018095
3 0.770357 0.670476 0.015000 0.032381
3 0.850357 0.660952 0.027857 0.017143
3 0.856071 0.681429 0.027857 0.016190
3 0.865000 0.727143 0.031429 0.018095
3 0.867500 0.750000 0.032143 0.018095
3 0.877500 0.771429 0.030714 0.019048
3 0.878571 0.790952 0.032857 0.018095
3 0.870357 0.883810 0.020714 0.045714
3 0.971786 0.403810 0.015000 0.030476
9 0.959643 0.344286 0.009286 0.004762
3 0.897143 0.218571 0.024286 0.014286
3 0.893929 0.205714 0.023571 0.019048
0 0.875357 0.192381 0.003571 0.009524
0 0.879643 0.194286 0.003571 0.007619
3 0.839643 0.177619 0.025000 0.016190
3 0.811071 0.178095 0.023571 0.017143
3 0.911071 0.109524 0.019286 0.017143
3 0.873571 0.107619 0.015714 0.022857
3 0.886071 0.044286 0.015000 0.018095
3 0.892857 0.055714 0.015714 0.016190
3 0.876429 0.010952 0.017143 0.014286
