1 0.316786 0.696190 0.005000 0.011429
3 0.501071 0.861429 0.042143 0.058095
3 0.508571 0.922381 0.042857 0.054286
3 0.501071 0.971429 0.049286 0.055238
3 0.377500 0.471429 0.015000 0.026667
3 0.647857 0.644286 0.035714 0.020000
3 0.600357 0.640476 0.039286 0.020000
3 0.600714 0.657619 0.031429 0.018095
9 0.316429 0.703333 0.008571 0.010476
3 0.532500 0.154762 0.003571 0.004762
3 0.501071 0.179524 0.003571 0.004762
5 0.472500 0.236190 0.006429 0.015238
5 0.493929 0.191429 0.006429 0.011429
0 0.494643 0.268095 0.002143 0.006667
0 0.458571 0.395238 0.004286 0.011429
0 0.252143 0.300952 0.004286 0.011429
0 0.113214 0.429048 0.007857 0.018095
0 0.160000 0.386190 0.004286 0.012381
0 0.114643 0.446190 0.005000 0.014286
1 0.122857 0.451905 0.007143 0.010476
1 0.126071 0.448095 0.005000 0.008571
3 0.801786 0.384286 0.019286 0.012381
3 0.768214 0.391429 0.016429 0.015238
3 0.781786 0.389048 0.012143 0.012381
