3 0.556071 0.514762 0.022143 0.060000
3 0.549286 0.685238 0.028571 0.080952
3 0.487500 0.870000 0.037857 0.130476
3 0.539286 0.895714 0.030000 0.111429
3 0.626429 0.769524 0.030000 0.097143
3 0.616429 0.560476 0.028571 0.069524
3 0.545357 0.264762 0.020714 0.036190
3 0.545357 0.410000 0.022143 0.050476
3 0.582143 0.316190 0.034286 0.038095
0 0.344286 0.393810 0.008571 0.027619
3 0.273214 0.952857 0.076429 0.071429
3 0.272500 0.884286 0.082143 0.079048
4 0.277500 0.820476 0.059286 0.065714
3 0.311429 0.744762 0.072857 0.068571
3 0.320357 0.697143 0.069286 0.057143
4 0.341786 0.650952 0.056429 0.056190
4 0.348929 0.600476 0.062143 0.060000
3 0.360357 0.556667 0.059286 0.054286
3 0.368571 0.511905 0.054286 0.048571
3 0.375714 0.477619 0.052857 0.042857
3 0.379286 0.444286 0.054286 0.042857
3 0.386071 0.400952 0.050714 0.038095
3 0.398214 0.369048 0.047857 0.039048
3 0.402857 0.342381 0.044286 0.039048
3 0.414643 0.322381 0.040714 0.037143
3 0.418214 0.306667 0.049286 0.038095
3 0.422500 0.287619 0.042143 0.028571
3 0.430714 0.264286 0.038571 0.025714
3 0.431786 0.243810 0.029286 0.019048
3 0.436786 0.221429 0.037857 0.027619
3 0.433214 0.200952 0.037857 0.030476
3 0.440714 0.183810 0.031429 0.032381
3 0.444643 0.167619 0.030714 0.022857
3 0.440357 0.154286 0.033571 0.020952
3 0.445000 0.142857 0.034286 0.024762
3 0.449286 0.130000 0.031429 0.021905
3 0.456071 0.116190 0.029286 0.019048
3 0.460000 0.108571 0.028571 0.017143
3 0.457143 0.086190 0.031429 0.021905
3 0.458214 0.072381 0.030714 0.022857
3 0.459286 0.057619 0.028571 0.020000
3 0.470714 0.047143 0.024286 0.018095
3 0.476071 0.038095 0.025000 0.017143
3 0.463929 0.025238 0.026429 0.016190
3 0.472143 0.015238 0.024286 0.017143
4 0.475714 0.007143 0.027143 0.014286
0 0.425000 0.121905 0.005714 0.019048
0 0.418929 0.149048 0.005000 0.020000
0 0.412500 0.082381 0.003571 0.014286
0 0.408214 0.083333 0.003571 0.014286
0 0.429286 0.010476 0.002857 0.009524
0 0.423929 0.013333 0.003571 0.011429
0 0.539286 0.046190 0.002857 0.010476
0 0.534286 0.049524 0.004286 0.011429
9 0.519643 0.168571 0.005000 0.019048
1 0.519643 0.163333 0.003571 0.008571
0 0.327500 0.259524 0.002143 0.014286
0 0.323571 0.259524 0.002857 0.012381
0 0.418571 0.463810 0.005714 0.026667
9 0.482857 0.671429 0.011429 0.032381
1 0.481429 0.664762 0.010000 0.017143
0 0.142857 0.984286 0.011429 0.031429
3 0.523214 0.004286 0.010714 0.008571
3 0.521071 0.012381 0.009286 0.009524
3 0.517500 0.028095 0.012143 0.014286
3 0.516429 0.046667 0.014286 0.022857
3 0.514643 0.064762 0.010714 0.013333
3 0.512500 0.075238 0.013571 0.015238
3 0.511071 0.094762 0.013571 0.021905
3 0.508214 0.123810 0.015000 0.019048
3 0.502857 0.159524 0.018571 0.031429
3 0.500000 0.192381 0.015714 0.022857
3 0.492143 0.261429 0.018571 0.042857
0 0.490714 0.236667 0.004286 0.018095
3 0.485000 0.302857 0.021429 0.036190
3 0.481786 0.346190 0.023571 0.046667
3 0.476429 0.390476 0.022857 0.040000
8 0.469286 0.436190 0.025714 0.049524
3 0.460714 0.522857 0.025714 0.062857
3 0.449643 0.597143 0.030714 0.078095
3 0.432857 0.757143 0.031429 0.099048
3 0.408571 0.917619 0.044286 0.120952
4 0.591429 0.939048 0.034286 0.118095
3 0.611786 0.385714 0.025000 0.047619
3 0.612500 0.436190 0.025000 0.053333
3 0.616786 0.497619 0.023571 0.060000
0 0.592143 0.456667 0.007143 0.025714
0 0.592143 0.424762 0.004286 0.022857
0 0.586786 0.430000 0.003571 0.020000
3 0.556071 0.212857 0.017857 0.029524
3 0.608929 0.291429 0.015000 0.028571
3 0.609643 0.275714 0.016429 0.025714
3 0.605357 0.252381 0.016429 0.036190
3 0.604286 0.161429 0.015714 0.027619
3 0.601429 0.189524 0.017143 0.034286
3 0.595714 0.011905 0.012857 0.018095
3 0.594286 0.033810 0.011429 0.018095
3 0.596429 0.052857 0.011429 0.023810
3 0.598214 0.080476 0.015000 0.018095
3 0.600357 0.130476 0.017857 0.026667
3 0.571786 0.063333 0.013571 0.020000
3 0.562857 0.090952 0.014286 0.020000
3 0.632143 0.899048 0.038571 0.108571
3 0.619286 0.650952 0.032857 0.080952
0 0.708571 0.453810 0.005714 0.027619
0 0.699643 0.458095 0.006429 0.026667
9 0.755357 0.519048 0.035000 0.026667
9 0.745357 0.470952 0.020714 0.020000
9 0.737857 0.448571 0.017143 0.017143
9 0.734643 0.435238 0.016429 0.013333
0 0.685714 0.304762 0.004286 0.019048
0 0.690714 0.305238 0.004286 0.014286
3 0.636071 0.343333 0.050714 0.029524
3 0.719286 0.291905 0.021429 0.035238
3 0.751429 0.295714 0.022857 0.037143
0 0.653214 0.230952 0.003571 0.018095
0 0.658214 0.229524 0.003571 0.022857
0 0.662857 0.227143 0.002857 0.020000
0 0.682857 0.181429 0.004286 0.020000
3 0.672143 0.174286 0.034286 0.020952
3 0.672500 0.158571 0.037857 0.020000
3 0.668214 0.145714 0.033571 0.017143
3 0.667857 0.135714 0.034286 0.020000
3 0.669643 0.124286 0.037857 0.020000
3 0.672143 0.111905 0.034286 0.020000
3 0.671071 0.100476 0.027857 0.016190
3 0.664286 0.090000 0.027143 0.016190
3 0.655714 0.083810 0.030000 0.015238
3 0.659286 0.073810 0.030000 0.018095
3 0.652857 0.061905 0.031429 0.015238
3 0.652500 0.050476 0.026429 0.013333
3 0.651786 0.040952 0.026429 0.017143
3 0.652143 0.031905 0.024286 0.012381
3 0.647500 0.019524 0.025000 0.016190
3 0.651071 0.009524 0.027857 0.015238
0 0.674286 0.035714 0.004286 0.012381
0 0.668571 0.034762 0.002857 0.012381
9 0.719643 0.060000 0.012143 0.011429
9 0.708929 0.023333 0.010714 0.010476
9 0.727857 0.042857 0.004286 0.015238
9 0.727143 0.076667 0.007143 0.016190
9 0.756429 0.082857 0.004286 0.011429
3 0.746071 0.109524 0.035000 0.020952
3 0.766786 0.173333 0.033571 0.022857
3 0.772143 0.190000 0.040000 0.025714
3 0.785357 0.241905 0.027857 0.038095
3 0.815357 0.248095 0.020714 0.031429
3 0.839643 0.247143 0.022143 0.031429
3 0.776429 0.294762 0.022857 0.037143
3 0.812857 0.294762 0.024286 0.035238
3 0.843214 0.301905 0.026429 0.040000
0 0.782143 0.335714 0.005714 0.020000
3 0.836786 0.417143 0.029286 0.049524
0 0.813571 0.580952 0.004286 0.022857
0 0.818214 0.577143 0.005000 0.019048
0 0.840000 0.577143 0.004286 0.017143
9 0.776071 0.673333 0.023571 0.020952
9 0.776071 0.695714 0.022143 0.018095
9 0.779286 0.717619 0.020000 0.020000
0 0.903214 0.745238 0.009286 0.021905
0 0.916071 0.737143 0.007857 0.019048
3 0.872143 0.247619 0.024286 0.030476
3 0.876429 0.304286 0.028571 0.040952
3 0.955714 0.310476 0.025714 0.030476
3 0.927857 0.306190 0.021429 0.035238
3 0.988214 0.313810 0.020714 0.031429
