5 0.722599 0.553803 0.061065 0.072356
4 0.641701 0.505102 0.018267 0.049165
3 0.553497 0.553803 0.029749 0.066790
3 0.522443 0.558442 0.025052 0.064935
3 0.498173 0.568646 0.028706 0.070501
4 0.444937 0.581169 0.020355 0.064007
3 0.343163 0.639610 0.027662 0.076994
3 0.253914 0.676716 0.026618 0.080705
3 0.194676 0.700371 0.027140 0.083488
3 0.162578 0.711967 0.027662 0.084416
3 0.127349 0.726345 0.030271 0.087199
3 0.063413 0.765770 0.037056 0.088126
5 0.168319 0.115492 0.031837 0.032468
3 0.226514 0.099722 0.030271 0.026902
4 0.119259 0.129870 0.034969 0.038961
