3 0.075357 0.900000 0.147857 0.200000
3 0.060714 0.682857 0.118571 0.180952
0 0.192500 0.575238 0.069286 0.085714
0 0.232857 0.510476 0.064286 0.087619
0 0.179643 0.472857 0.047857 0.088571
0 0.273214 0.396667 0.050714 0.088571
0 0.456429 0.781905 0.045714 0.097143
0 0.403929 0.808571 0.065000 0.089524
0 0.879286 0.072857 0.048571 0.107619
0 0.862500 0.268571 0.057857 0.100952
0 0.881071 0.311905 0.076429 0.103810
4 0.932857 0.852381 0.134286 0.188571
0 0.804643 0.980000 0.075000 0.040000
4 0.076429 0.152381 0.152857 0.148571
4 0.069643 0.283810 0.137857 0.161905
4 0.068214 0.436190 0.135000 0.175238
