3 0.298214 0.531905 0.002143 0.002857
3 0.298929 0.527619 0.002143 0.001905
3 0.300714 0.523810 0.001429 0.001905
3 0.300000 0.522381 0.001429 0.002857
3 0.306071 0.517619 0.002143 0.002857
3 0.308929 0.517143 0.002143 0.001905
3 0.311071 0.514762 0.002143 0.002857
3 0.303214 0.526667 0.002143 0.001905
3 0.304643 0.526190 0.002143 0.004762
3 0.302500 0.530476 0.002143 0.001905
3 0.312143 0.522381 0.002857 0.002857
3 0.311786 0.525238 0.002143 0.002857
3 0.318571 0.518095 0.002857 0.003810
3 0.318571 0.529048 0.002857 0.004762
3 0.308929 0.530000 0.003571 0.002857
3 0.305000 0.530476 0.002857 0.001905
3 0.301786 0.535238 0.002143 0.003810
3 0.306071 0.533333 0.002143 0.003810
3 0.308214 0.536667 0.002143 0.002857
3 0.312857 0.532381 0.002857 0.003810
3 0.315357 0.536190 0.003571 0.003810
3 0.314286 0.541905 0.002857 0.003810
3 0.325714 0.528571 0.002857 0.003810
3 0.320000 0.546190 0.002857 0.004762
3 0.315000 0.549524 0.002857 0.003810
3 0.331786 0.531429 0.003571 0.003810
3 0.326786 0.546190 0.003571 0.004762
3 0.333571 0.540952 0.004286 0.005714
3 0.336071 0.533810 0.003571 0.004762
3 0.346786 0.530000 0.003571 0.004762
4 0.340000 0.540000 0.004286 0.005714
3 0.330714 0.557143 0.004286 0.005714
3 0.337857 0.554762 0.002857 0.004762
3 0.339286 0.576190 0.004286 0.007619
3 0.363571 0.548095 0.005714 0.006667
3 0.346786 0.558095 0.005000 0.005714
3 0.404286 0.560000 0.007143 0.009524
5 0.356786 0.567619 0.009286 0.011429
7 0.385000 0.541905 0.004286 0.005714
3 0.365357 0.590000 0.006429 0.010476
3 0.356429 0.595238 0.007143 0.009524
3 0.352857 0.590952 0.005714 0.008571
3 0.396071 0.600952 0.007857 0.011429
3 0.565000 0.610952 0.027143 0.021905
3 0.682857 0.856667 0.054286 0.042857
3 0.967143 0.580952 0.065714 0.089524
5 0.928929 0.537619 0.110714 0.149524
5 0.975714 0.427619 0.048571 0.062857
3 0.912143 0.510952 0.047143 0.058095
3 0.861071 0.587143 0.043571 0.063810
4 0.887500 0.201429 0.029286 0.037143
3 0.853571 0.212857 0.022857 0.027619
3 0.813214 0.265238 0.029286 0.029524
5 0.748571 0.205238 0.057143 0.079048
5 0.694643 0.279524 0.060714 0.082857
3 0.568571 0.464286 0.028571 0.031429
3 0.591429 0.941429 0.047143 0.039048
3 0.499643 0.922381 0.036429 0.042857
3 0.390714 0.947143 0.022857 0.044762
3 0.411429 0.904286 0.020000 0.033333
3 0.498571 0.863810 0.031429 0.041905
3 0.465714 0.823333 0.022857 0.035238
4 0.445714 0.793333 0.024286 0.032381
4 0.451786 0.855714 0.025000 0.037143
3 0.419286 0.798571 0.018571 0.029524
3 0.395000 0.802381 0.018571 0.027619
8 0.352857 0.820000 0.032857 0.057143
3 0.319643 0.846190 0.012143 0.027619
3 0.361786 0.764762 0.013571 0.022857
3 0.401071 0.756667 0.015000 0.023810
3 0.386429 0.693333 0.011429 0.019048
3 0.324286 0.734762 0.008571 0.016190
3 0.303929 0.720000 0.007857 0.013333
3 0.324286 0.706667 0.007143 0.015238
3 0.335714 0.693810 0.008571 0.012381
5 0.292143 0.657143 0.012857 0.017143
3 0.314643 0.664286 0.006429 0.010476
3 0.332143 0.649524 0.008571 0.015238
3 0.343571 0.642381 0.008571 0.010476
3 0.319643 0.642381 0.007857 0.008571
3 0.315000 0.629524 0.005714 0.009524
3 0.291071 0.640952 0.005000 0.007619
3 0.293571 0.625238 0.002857 0.006667
3 0.321429 0.612381 0.005714 0.007619
3 0.317500 0.593810 0.005000 0.006667
3 0.314286 0.589524 0.005714 0.007619
3 0.304286 0.601429 0.004286 0.006667
3 0.302857 0.592381 0.004286 0.005714
3 0.306071 0.583810 0.003571 0.005714
3 0.309643 0.578571 0.003571 0.004762
3 0.303929 0.577143 0.003571 0.005714
3 0.301071 0.572857 0.003571 0.006667
3 0.296429 0.580952 0.004286 0.005714
3 0.292500 0.585714 0.003571 0.005714
