3 0.417500 0.296667 0.075000 0.119048
8 0.074643 0.394286 0.149286 0.213333
0 0.298214 0.575238 0.030714 0.076190
0 0.246429 0.577143 0.025714 0.053333
0 0.224286 0.614762 0.022857 0.031429
0 0.213214 0.641429 0.027857 0.052381
0 0.686071 0.326667 0.012143 0.049524
0 0.690714 0.298571 0.017143 0.037143
0 0.570357 0.258095 0.019286 0.053333
3 0.635714 0.323333 0.068571 0.115238
3 0.665000 0.175714 0.074286 0.058095
4 0.661429 0.131905 0.058571 0.054286
4 0.465357 0.136667 0.040714 0.071429
0 0.495714 0.177143 0.014286 0.040000
3 0.520714 0.100000 0.044286 0.062857
3 0.655357 0.080000 0.030714 0.051429
3 0.652500 0.041429 0.025000 0.033333
