3 0.775500 0.526667 0.049000 0.081333
3 0.804000 0.262000 0.029000 0.034667
3 0.784250 0.163667 0.019500 0.023333
3 0.799750 0.130000 0.014500 0.017333
3 0.799000 0.112667 0.015000 0.013333
3 0.733250 0.132333 0.039500 0.016667
0 0.596250 0.142667 0.005500 0.021333
0 0.624250 0.213667 0.024500 0.032667
0 0.530000 0.327333 0.039000 0.048000
0 0.565750 0.188333 0.030500 0.028667
4 0.585000 0.168000 0.023000 0.032000
3 0.609750 0.149667 0.020500 0.023333
3 0.515500 0.236667 0.034000 0.034667
2 0.526750 0.201667 0.016500 0.019333
2 0.490500 0.229667 0.016000 0.020667
9 0.505750 0.215000 0.021500 0.018000
9 0.395250 0.252667 0.025500 0.017333
9 0.471500 0.198333 0.015000 0.018000
9 0.482000 0.190667 0.014000 0.018667
9 0.468000 0.240333 0.017000 0.018000
0 0.459250 0.242667 0.007500 0.022667
0 0.462750 0.237000 0.006500 0.026000
9 0.341000 0.293667 0.022000 0.019333
0 0.832250 0.192667 0.006500 0.024000
3 0.647500 0.086000 0.013000 0.013333
3 0.675500 0.084000 0.012000 0.014667
3 0.659250 0.082333 0.011500 0.018000
3 0.689500 0.071667 0.013000 0.015333
3 0.908750 0.366333 0.068500 0.039333
3 0.898750 0.334000 0.066500 0.034667
9 0.937000 0.438000 0.036000 0.030667
9 0.937250 0.422667 0.040500 0.030667
2 0.990500 0.422333 0.012000 0.035333
3 0.874500 0.252000 0.051000 0.026667
3 0.871250 0.222000 0.049500 0.032000
4 0.854000 0.131000 0.017000 0.023333
3 0.853500 0.118000 0.012000 0.016000
3 0.842750 0.105000 0.017500 0.012667
4 0.841750 0.098667 0.026500 0.017333
3 0.845250 0.083333 0.013500 0.013333
3 0.789250 0.047000 0.008500 0.010000
3 0.798750 0.036333 0.007500 0.007333
4 0.804000 0.027667 0.007000 0.008667
3 0.810750 0.026667 0.011500 0.008000
3 0.747000 0.056333 0.008000 0.010000
3 0.757500 0.044667 0.007000 0.009333
3 0.741750 0.048667 0.008500 0.008000
3 0.826750 0.063000 0.009500 0.012667
3 0.842000 0.073667 0.012000 0.008667
3 0.840500 0.067667 0.009000 0.007333
3 0.837750 0.062000 0.008500 0.010667
3 0.836750 0.057333 0.007500 0.009333
3 0.834000 0.052000 0.009000 0.008000
3 0.833250 0.048000 0.009500 0.008000
3 0.838750 0.041667 0.020500 0.010000
3 0.830750 0.037667 0.007500 0.007333
3 0.830750 0.032667 0.008500 0.009333
3 0.830750 0.036000 0.007500 0.008000
3 0.797250 0.010000 0.004500 0.006667
3 0.805500 0.004667 0.005000 0.008000
1 0.820750 0.113000 0.004500 0.011333
9 0.820250 0.117000 0.003500 0.008667
1 0.823000 0.134333 0.006000 0.015333
9 0.823250 0.138333 0.007500 0.014000
3 0.382250 0.364333 0.056500 0.047333
3 0.422500 0.652333 0.099000 0.146000
3 0.080750 0.537000 0.103500 0.068667
3 0.271000 0.465667 0.078000 0.072667
3 0.283000 0.405333 0.075000 0.060000
0 0.214500 0.350667 0.017000 0.038667
2 0.197500 0.400333 0.021000 0.023333
3 0.041500 0.720333 0.082000 0.155333
3 0.698500 0.065667 0.009000 0.016667
3 0.580750 0.100333 0.027500 0.015333
0 0.587000 0.101667 0.004000 0.014000
0 0.615750 0.095667 0.004500 0.014000
0 0.605750 0.094667 0.004500 0.014667
0 0.601750 0.098667 0.005500 0.016000
9 0.656250 0.068333 0.011500 0.008667
9 0.639500 0.079333 0.008000 0.008000
0 0.617500 0.083333 0.003000 0.013333
0 0.612250 0.084667 0.003500 0.013333
9 0.963000 0.326000 0.010000 0.029333
9 0.942500 0.300333 0.008000 0.026000
9 0.951500 0.298333 0.006000 0.026000
2 0.941500 0.272333 0.008000 0.020667
9 0.887500 0.169000 0.014000 0.011333
9 0.881000 0.163000 0.014000 0.011333
9 0.888500 0.160000 0.013000 0.012000
9 0.877750 0.146000 0.006500 0.014667
9 0.875250 0.139667 0.009500 0.012667
1 0.820250 0.074000 0.003500 0.008000
9 0.820500 0.076333 0.005000 0.010000
3 0.704500 0.055667 0.007000 0.012667
3 0.707500 0.053000 0.007000 0.012667
3 0.712000 0.050000 0.006000 0.010667
3 0.718500 0.038667 0.013000 0.008000
3 0.728750 0.034000 0.007500 0.008000
8 0.755750 0.015333 0.010500 0.016000
3 0.764250 0.029333 0.005500 0.008000
3 0.736750 0.029333 0.008500 0.009333
0 0.734750 0.030667 0.001500 0.009333
0 0.736250 0.030667 0.002500 0.009333
1 0.725250 0.053000 0.002500 0.008667
3 0.774500 0.020667 0.007000 0.008000
3 0.772250 0.014000 0.006500 0.006667
3 0.763750 0.012667 0.005500 0.006667
3 0.781250 0.003333 0.007500 0.006667
0 0.751750 0.005667 0.002500 0.007333
0 0.753500 0.005667 0.003000 0.007333
9 0.309250 0.324000 0.011500 0.025333
2 0.519250 0.212000 0.014500 0.012000
0 0.389500 0.244333 0.005000 0.022000
3 0.980250 0.716333 0.039500 0.126000
