5 0.109643 0.281091 0.116429 0.295685
3 0.018214 0.257614 0.036429 0.129442
3 0.123571 0.076777 0.050000 0.095178
0 0.365714 0.774112 0.012857 0.035533
0 0.595000 0.872462 0.011429 0.044416
0 0.588214 0.629442 0.007857 0.032995
0 0.420357 0.664340 0.012143 0.036802
0 0.423929 0.656091 0.012143 0.040609
0 0.515000 0.328680 0.010000 0.038071
1 0.496071 0.270305 0.013571 0.032995
0 0.206071 0.415609 0.019286 0.034264
0 0.256071 0.354695 0.009286 0.031726
1 0.436786 0.223350 0.012143 0.017766
1 0.426071 0.241117 0.009286 0.017766
0 0.287143 0.139594 0.008571 0.032995
0 0.273929 0.048858 0.012143 0.031726
1 0.488929 0.058376 0.012143 0.020305
1 0.491429 0.170051 0.012857 0.035533
0 0.481429 0.016497 0.008571 0.025381
1 0.445357 0.037437 0.009286 0.016497
0 0.425000 0.008883 0.002857 0.017766
1 0.489643 0.052665 0.009286 0.021574
0 0.312857 0.225254 0.010000 0.021574
0 0.533571 0.987944 0.015714 0.021574
0 0.548214 0.989213 0.016429 0.019036
1 0.425357 0.224619 0.012143 0.015228
