3 0.175750 0.899667 0.065500 0.126000
3 0.230250 0.734333 0.051500 0.095333
3 0.517750 0.610333 0.031500 0.063333
3 0.580750 0.600000 0.035500 0.058667
3 0.280500 0.568667 0.036000 0.069333
3 0.551750 0.476000 0.025500 0.044000
3 0.306000 0.446667 0.026000 0.045333
3 0.334500 0.360333 0.042000 0.028667
3 0.240250 0.314667 0.025500 0.029333
4 0.259500 0.281000 0.019000 0.028667
4 0.240250 0.240667 0.032500 0.029333
4 0.275250 0.227000 0.033500 0.027333
3 0.322750 0.215667 0.028500 0.019333
4 0.357000 0.200667 0.020000 0.021333
4 0.668000 0.343667 0.034000 0.031333
3 0.620750 0.236333 0.030500 0.018000
9 0.604250 0.247000 0.007500 0.011333
2 0.583500 0.233000 0.009000 0.010000
1 0.583500 0.229333 0.004000 0.012000
1 0.603750 0.242667 0.003500 0.012000
3 0.590000 0.226667 0.027000 0.017333
3 0.563250 0.219000 0.028500 0.016667
3 0.499250 0.206000 0.024500 0.016000
3 0.472000 0.185667 0.014000 0.015333
3 0.467000 0.175333 0.012000 0.012000
3 0.115500 0.151000 0.015000 0.016667
4 0.144000 0.129000 0.015000 0.015333
0 0.118000 0.134000 0.004000 0.013333
0 0.112750 0.135000 0.005500 0.011333
0 0.106250 0.135333 0.005500 0.012000
3 0.259250 0.141333 0.009500 0.013333
4 0.272750 0.139667 0.009500 0.014000
4 0.064250 0.140667 0.022500 0.013333
0 0.035000 0.177667 0.005000 0.014000
0 0.037500 0.175667 0.004000 0.012667
0 0.072250 0.120667 0.004500 0.010667
3 0.288250 0.079667 0.008500 0.008667
3 0.278000 0.083667 0.009000 0.007333
6 0.666000 0.796667 0.014000 0.037333
6 0.650000 0.795333 0.009000 0.040000
6 0.645500 0.777333 0.016000 0.034667
6 0.643500 0.741333 0.016000 0.032000
2 0.582500 0.562000 0.024000 0.014667
2 0.580250 0.544333 0.016500 0.020667
2 0.582250 0.535000 0.023500 0.016667
