0 0.010357 0.207487 0.010714 0.026650
0 0.005000 0.227792 0.010000 0.024112
0 0.005000 0.259518 0.010000 0.024112
0 0.016071 0.244289 0.010714 0.021574
0 0.023214 0.237944 0.010714 0.021574
0 0.011071 0.264594 0.010714 0.021574
0 0.017857 0.281091 0.014286 0.029188
0 0.022857 0.274746 0.012857 0.021574
0 0.027857 0.263959 0.014286 0.025381
0 0.035357 0.279188 0.010714 0.020305
0 0.036071 0.270939 0.010714 0.024112
0 0.042143 0.269670 0.008571 0.024112
0 0.043214 0.288706 0.012143 0.026650
0 0.044643 0.281726 0.012143 0.025381
0 0.037857 0.300761 0.011429 0.025381
0 0.055000 0.302030 0.011429 0.022843
0 0.067500 0.296954 0.012143 0.022843
0 0.043214 0.326142 0.010714 0.022843
0 0.053929 0.343274 0.010714 0.024112
0 0.074286 0.326777 0.011429 0.029188
0 0.082857 0.317259 0.014286 0.030457
0 0.067857 0.357234 0.012857 0.029188
0 0.064643 0.351523 0.006429 0.012690
0 0.089643 0.357868 0.013571 0.025381
0 0.086071 0.364848 0.010714 0.021574
0 0.085714 0.356599 0.011429 0.020305
0 0.075714 0.373731 0.011429 0.021574
0 0.074286 0.385787 0.011429 0.027919
0 0.081786 0.382614 0.010714 0.021574
0 0.084643 0.376904 0.010714 0.020305
0 0.094286 0.406726 0.011429 0.026650
0 0.095714 0.342640 0.012857 0.025381
0 0.099643 0.334391 0.013571 0.026650
0 0.109643 0.342005 0.010714 0.026650
0 0.109643 0.366751 0.010714 0.022843
0 0.103571 0.375635 0.012857 0.025381
0 0.134643 0.372462 0.010714 0.026650
0 0.138571 0.362944 0.010000 0.020305
0 0.128929 0.390228 0.010714 0.024112
0 0.139286 0.422589 0.011429 0.027919
0 0.143929 0.412437 0.012143 0.027919
0 0.165357 0.419416 0.010714 0.024112
0 0.161071 0.426396 0.010714 0.022843
0 0.178214 0.425127 0.012143 0.022843
0 0.200357 0.455584 0.010714 0.025381
0 0.145357 0.468274 0.012143 0.025381
0 0.149643 0.443528 0.012143 0.024112
0 0.165000 0.454949 0.011429 0.026650
0 0.169286 0.451777 0.008571 0.027919
0 0.173571 0.468909 0.011429 0.024112
0 0.165000 0.488579 0.011429 0.025381
1 0.171071 0.500000 0.007857 0.012690
0 0.170000 0.511421 0.010000 0.020305
0 0.177500 0.480964 0.009286 0.027919
0 0.181429 0.490482 0.010000 0.024112
0 0.182500 0.505711 0.013571 0.024112
0 0.182857 0.566624 0.012857 0.024112
0 0.170714 0.586929 0.010000 0.021574
1 0.176429 0.596447 0.014286 0.015228
0 0.181071 0.644036 0.015000 0.019036
0 0.196429 0.532360 0.011429 0.024112
0 0.205357 0.555838 0.009286 0.022843
0 0.201786 0.561548 0.009286 0.024112
0 0.233214 0.583122 0.009286 0.026650
0 0.190000 0.690990 0.010000 0.024112
0 0.200000 0.700508 0.010000 0.022843
0 0.203214 0.723350 0.009286 0.017766
3 0.008929 0.629442 0.017857 0.060914
4 0.062143 0.715736 0.062857 0.101523
3 0.028571 0.788071 0.057143 0.096447
0 0.218214 0.730330 0.009286 0.019036
0 0.229643 0.718909 0.009286 0.021574
0 0.234643 0.747462 0.010714 0.022843
0 0.246429 0.749365 0.008571 0.019036
0 0.250714 0.758883 0.010000 0.027919
0 0.263214 0.714467 0.009286 0.025381
1 0.275714 0.754442 0.008571 0.013959
0 0.307143 0.754442 0.007143 0.019036
0 0.324286 0.739213 0.008571 0.026650
0 0.310714 0.696066 0.011429 0.026650
0 0.307857 0.685914 0.010000 0.024112
0 0.330357 0.645305 0.010714 0.021574
0 0.328214 0.728426 0.009286 0.017766
0 0.338571 0.722716 0.005714 0.016497
0 0.343214 0.710660 0.007857 0.022843
0 0.349643 0.722716 0.007857 0.021574
0 0.354643 0.692893 0.007857 0.027919
0 0.365714 0.648477 0.008571 0.022843
0 0.372500 0.638959 0.007857 0.026650
0 0.380714 0.655457 0.005714 0.024112
0 0.383214 0.663071 0.007857 0.024112
3 0.530357 0.851523 0.047857 0.116751
0 0.548214 0.982868 0.007857 0.021574
0 0.547857 0.953046 0.007143 0.022843
0 0.579643 0.953046 0.009286 0.025381
0 0.582500 0.965736 0.009286 0.020305
0 0.632500 0.984772 0.013571 0.017766
0 0.636429 0.993655 0.008571 0.010152
0 0.800000 0.975888 0.015714 0.015228
0 0.801786 0.963198 0.013571 0.022843
0 0.806429 0.917513 0.012857 0.027919
0 0.794643 0.937817 0.015000 0.020305
0 0.773571 0.908629 0.014286 0.022843
0 0.779643 0.892766 0.015000 0.026650
0 0.773571 0.944797 0.015714 0.029188
0 0.772500 0.956853 0.013571 0.025381
0 0.745000 0.954315 0.014286 0.025381
0 0.759643 0.966371 0.012143 0.024112
0 0.771071 0.980330 0.009286 0.019036
0 0.651071 0.908629 0.007857 0.017766
0 0.650714 0.894036 0.008571 0.024112
0 0.710000 0.829315 0.012857 0.021574
0 0.711071 0.818528 0.012143 0.025381
0 0.764286 0.820431 0.010000 0.024112
0 0.671071 0.793147 0.010714 0.025381
0 0.662857 0.782360 0.010000 0.019036
0 0.662143 0.767766 0.008571 0.022843
0 0.664643 0.757614 0.007857 0.027919
0 0.690000 0.711929 0.008571 0.025381
0 0.655357 0.700508 0.007857 0.017766
0 0.672857 0.689721 0.008571 0.019036
0 0.693214 0.652919 0.007857 0.024112
3 0.634643 0.587563 0.047857 0.093909
0 0.710357 0.564086 0.007857 0.021574
0 0.720714 0.575508 0.008571 0.029188
0 0.729286 0.505076 0.008571 0.022843
0 0.731071 0.512690 0.007857 0.025381
0 0.738571 0.522208 0.008571 0.019036
0 0.751429 0.455584 0.008571 0.025381
0 0.760357 0.461929 0.007857 0.025381
0 0.755000 0.430203 0.010000 0.027919
0 0.764643 0.423858 0.007857 0.025381
0 0.770714 0.431472 0.011429 0.027919
0 0.809643 0.329315 0.010714 0.026650
0 0.858571 0.196066 0.010000 0.026650
0 0.843571 0.194162 0.005714 0.025381
0 0.849643 0.194797 0.007857 0.024112
0 0.848214 0.183376 0.009286 0.024112
0 0.865714 0.180838 0.011429 0.029188
0 0.865357 0.159898 0.009286 0.027919
8 0.876429 0.027919 0.044286 0.055838
3 0.790357 0.118020 0.035000 0.063452
3 0.740714 0.299492 0.035714 0.073604
0 0.614286 0.212563 0.005714 0.029188
0 0.601071 0.256980 0.007857 0.029188
0 0.599643 0.210025 0.006429 0.024112
1 0.593214 0.220812 0.005000 0.012690
0 0.608929 0.211929 0.006429 0.027919
0 0.552500 0.307107 0.006429 0.022843
0 0.551786 0.325508 0.007857 0.024112
0 0.541786 0.308376 0.005000 0.025381
0 0.507500 0.364848 0.007857 0.019036
0 0.501429 0.398477 0.005714 0.027919
0 0.507857 0.401015 0.007143 0.025381
0 0.474286 0.438452 0.005714 0.026650
0 0.477143 0.452411 0.005714 0.026650
0 0.498929 0.457487 0.006429 0.021574
0 0.441429 0.509518 0.008571 0.024112
0 0.446786 0.522208 0.005000 0.016497
0 0.438571 0.574239 0.007143 0.026650
0 0.428214 0.568528 0.005000 0.020305
0 0.422500 0.587563 0.010714 0.022843
0 0.423571 0.562183 0.008571 0.020305
0 0.416071 0.579315 0.005000 0.024112
0 0.410000 0.577411 0.008571 0.022843
0 0.382500 0.582487 0.005000 0.022843
