9 0.100000 0.688095 0.027143 0.014286
1 0.100714 0.686190 0.012857 0.010476
9 0.201786 0.645714 0.029286 0.022857
0 0.263214 0.657619 0.010714 0.008571
9 0.305714 0.638095 0.020000 0.022857
4 0.322143 0.693810 0.027143 0.077143
3 0.327143 0.590952 0.051429 0.029524
4 0.355000 0.680000 0.020000 0.059048
3 0.376429 0.682857 0.021429 0.060952
9 0.375000 0.609524 0.017143 0.011429
1 0.374643 0.609048 0.010714 0.010476
3 0.381429 0.744286 0.048571 0.033333
3 0.367500 0.775238 0.049286 0.034286
4 0.357500 0.805714 0.045000 0.032381
3 0.350714 0.838571 0.047143 0.031429
3 0.341429 0.892857 0.044286 0.029524
3 0.343214 0.925238 0.049286 0.033333
5 0.342857 0.964286 0.064286 0.037143
3 0.330357 0.992381 0.053571 0.015238
9 0.195357 0.568095 0.010714 0.018095
9 0.200357 0.563333 0.012143 0.025714
9 0.211071 0.561905 0.009286 0.026667
9 0.219643 0.560000 0.012143 0.024762
9 0.232143 0.554762 0.008571 0.025714
9 0.238929 0.555238 0.006429 0.022857
9 0.245000 0.553810 0.008571 0.025714
0 0.190714 0.534286 0.008571 0.009524
9 0.166071 0.502381 0.016429 0.016190
9 0.171429 0.493333 0.015714 0.015238
9 0.176071 0.483333 0.017857 0.012381
9 0.181786 0.472857 0.013571 0.016190
9 0.213214 0.502857 0.013571 0.026667
9 0.223571 0.488571 0.010000 0.026667
0 0.249286 0.447619 0.010000 0.011429
0 0.262500 0.442857 0.009286 0.011429
1 0.150000 0.561429 0.011429 0.014286
9 0.216786 0.415238 0.019286 0.009524
9 0.226429 0.405714 0.017143 0.009524
9 0.230000 0.392381 0.018571 0.009524
9 0.228214 0.380000 0.017857 0.007619
0 0.274643 0.397143 0.009286 0.011429
9 0.288214 0.426667 0.016429 0.017143
9 0.294643 0.418095 0.015000 0.022857
9 0.302500 0.410952 0.016429 0.018095
9 0.295714 0.446667 0.014286 0.017143
9 0.306429 0.436667 0.012857 0.018095
9 0.311786 0.430476 0.015000 0.013333
9 0.317143 0.427143 0.015714 0.014286
9 0.319643 0.414286 0.015000 0.013333
9 0.321786 0.406667 0.016429 0.015238
9 0.345000 0.452857 0.015714 0.014286
6 0.347857 0.437619 0.025714 0.016190
6 0.385714 0.477619 0.020000 0.042857
3 0.413929 0.460000 0.020714 0.055238
0 0.255000 0.287143 0.007143 0.010476
0 0.249286 0.279524 0.007143 0.010476
0 0.258214 0.275238 0.012143 0.013333
0 0.337500 0.256190 0.009286 0.019048
3 0.281786 0.193810 0.043571 0.031429
3 0.278571 0.166190 0.042857 0.033333
4 0.274286 0.139524 0.037143 0.033333
3 0.311071 0.118571 0.025000 0.052381
0 0.327143 0.129524 0.008571 0.017143
3 0.270714 0.112857 0.044286 0.033333
3 0.268214 0.089524 0.043571 0.032381
3 0.305357 0.056190 0.020714 0.051429
3 0.266786 0.062857 0.037857 0.030476
3 0.265357 0.035238 0.042143 0.028571
3 0.261071 0.012381 0.037857 0.024762
3 0.298571 0.015238 0.021429 0.030476
6 0.466429 0.738095 0.020000 0.045714
9 0.540000 0.718571 0.007143 0.025714
1 0.540000 0.718095 0.007143 0.015238
3 0.466786 0.602857 0.023571 0.066667
4 0.533571 0.611905 0.028571 0.065714
9 0.558214 0.654286 0.012143 0.036190
1 0.558214 0.648095 0.010714 0.016190
0 0.574643 0.660000 0.012143 0.017143
0 0.612857 0.621905 0.008571 0.007619
5 0.483929 0.545238 0.046429 0.048571
0 0.430357 0.497619 0.006429 0.008571
3 0.448214 0.465238 0.023571 0.056190
4 0.580000 0.492857 0.025714 0.056190
9 0.376071 0.439524 0.013571 0.023810
0 0.369643 0.435238 0.006429 0.013333
3 0.635000 0.273333 0.030000 0.055238
6 0.657143 0.288095 0.015714 0.031429
1 0.661429 0.278571 0.008571 0.014286
4 0.483929 0.282857 0.026429 0.045714
4 0.510000 0.209524 0.028571 0.047619
3 0.530000 0.164762 0.028571 0.049524
6 0.507857 0.121905 0.017143 0.036190
1 0.504286 0.125238 0.008571 0.014286
1 0.454643 0.113810 0.007857 0.010476
1 0.467143 0.117143 0.007143 0.013333
1 0.482143 0.101905 0.007143 0.013333
1 0.463214 0.102381 0.006429 0.008571
1 0.468571 0.090476 0.007143 0.015238
0 0.508571 0.079524 0.005714 0.012381
4 0.543929 0.116667 0.027857 0.052381
0 0.498929 0.068095 0.006429 0.018095
1 0.483929 0.056190 0.007857 0.011429
1 0.489643 0.052381 0.009286 0.009524
9 0.507857 0.026667 0.015714 0.013333
4 0.590000 0.016190 0.025714 0.032381
6 0.684286 0.017619 0.017143 0.031429
1 0.682143 0.018095 0.008571 0.013333
6 0.712143 0.967143 0.027143 0.029524
9 0.705000 0.822381 0.012857 0.023810
0 0.664643 0.940952 0.007857 0.011429
9 0.720000 0.800000 0.018571 0.015238
3 0.634286 0.827619 0.045714 0.030476
3 0.633929 0.799048 0.046429 0.030476
3 0.744286 0.713810 0.027143 0.065714
3 0.783571 0.576190 0.025714 0.057143
8 0.733929 0.558571 0.050714 0.113333
0 0.751429 0.532857 0.010000 0.010476
3 0.777857 0.379048 0.022857 0.055238
3 0.738571 0.307619 0.027143 0.051429
3 0.807857 0.269524 0.030000 0.051429
3 0.783214 0.194286 0.029286 0.053333
3 0.836071 0.192381 0.029286 0.053333
4 0.867500 0.165238 0.027857 0.046667
3 0.883571 0.140000 0.024286 0.051429
3 0.931786 0.106190 0.033571 0.052381
0 0.866071 0.067619 0.006429 0.011429
0 0.865357 0.062381 0.009286 0.016190
4 0.863571 0.036667 0.031429 0.056190
3 0.848929 0.023333 0.029286 0.046667
9 0.741071 0.021429 0.012143 0.021905
6 0.767143 0.008095 0.014286 0.016190
