3 0.017857 0.818095 0.031429 0.085714
3 0.050357 0.815714 0.035000 0.075238
3 0.082857 0.816667 0.032857 0.086667
3 0.129643 0.839048 0.067857 0.041905
3 0.322857 0.845714 0.058571 0.038095
3 0.496429 0.865238 0.030000 0.084762
0 0.064286 0.713810 0.020000 0.014286
2 0.018929 0.703333 0.027857 0.012381
1 0.015000 0.703333 0.015714 0.010476
9 0.069286 0.593810 0.027143 0.012381
6 0.056429 0.554762 0.035714 0.023810
0 0.245000 0.696190 0.012857 0.013333
0 0.231786 0.694762 0.013571 0.010476
9 0.190357 0.700476 0.022143 0.014286
3 0.360714 0.604286 0.058571 0.035238
4 0.023571 0.370476 0.035714 0.070476
3 0.060000 0.378571 0.030000 0.073333
3 0.086786 0.370000 0.032143 0.075238
3 0.114643 0.377143 0.032143 0.070476
3 0.013571 0.237619 0.027143 0.052381
9 0.147857 0.216190 0.015714 0.026667
0 0.199643 0.273810 0.016429 0.016190
0 0.226786 0.255238 0.013571 0.015238
0 0.237500 0.240476 0.012143 0.016190
0 0.234286 0.276190 0.012857 0.011429
0 0.244643 0.271429 0.012143 0.013333
0 0.267500 0.277619 0.010714 0.014286
0 0.208929 0.324762 0.012143 0.013333
3 0.240000 0.299524 0.057143 0.040952
3 0.293571 0.372857 0.025714 0.067619
3 0.321786 0.371905 0.025000 0.073333
3 0.347143 0.366190 0.021429 0.069524
6 0.469643 0.333810 0.030714 0.023810
3 0.502500 0.376667 0.037857 0.069524
3 0.546786 0.379048 0.039286 0.068571
0 0.432500 0.229524 0.009286 0.017143
9 0.495357 0.241429 0.010714 0.029524
2 0.548214 0.262381 0.012143 0.025714
9 0.558571 0.260952 0.007143 0.030476
9 0.564286 0.260952 0.007143 0.028571
9 0.572143 0.260000 0.011429 0.026667
0 0.571071 0.296190 0.010714 0.013333
5 0.530000 0.555238 0.154286 0.057143
9 0.601071 0.594762 0.023571 0.016190
1 0.603214 0.595238 0.012143 0.015238
3 0.508214 0.610476 0.056429 0.034286
3 0.691071 0.610952 0.060714 0.033333
3 0.531786 0.875238 0.026429 0.081905
4 0.563571 0.873333 0.028571 0.081905
3 0.593214 0.871429 0.027857 0.064762
3 0.623571 0.874286 0.027143 0.080000
3 0.686429 0.873810 0.030000 0.080952
3 0.724286 0.880000 0.031429 0.083810
3 0.758214 0.876667 0.030714 0.079048
0 0.708929 0.943333 0.009286 0.014286
0 0.706429 0.970000 0.012857 0.012381
0 0.785000 0.940952 0.014286 0.015238
3 0.790714 0.880476 0.030000 0.084762
3 0.827143 0.880000 0.034286 0.085714
3 0.860357 0.886190 0.035000 0.086667
9 0.814643 0.984762 0.022143 0.028571
3 0.893571 0.885714 0.034286 0.085714
3 0.957500 0.889524 0.035000 0.085714
3 0.986429 0.889048 0.027143 0.082857
0 0.946429 0.348095 0.015714 0.020000
0 0.950000 0.354762 0.014286 0.012381
4 0.980357 0.239048 0.032143 0.068571
3 0.908214 0.264286 0.035000 0.067619
3 0.855714 0.267619 0.050000 0.072381
3 0.787143 0.265238 0.032857 0.071429
9 0.591429 0.218571 0.011429 0.035238
9 0.651071 0.245714 0.010714 0.032381
