3 0.504286 0.799492 0.017143 0.065990
3 0.538571 0.779188 0.017143 0.053299
3 0.477500 0.741751 0.017857 0.059645
3 0.423929 0.432107 0.015000 0.029188
3 0.511786 0.442259 0.013571 0.031726
3 0.478571 0.263959 0.011429 0.020305
3 0.507500 0.316624 0.012143 0.029188
3 0.384643 0.185914 0.020714 0.013959
3 0.455714 0.200508 0.008571 0.017766
3 0.471429 0.197335 0.010000 0.016497
3 0.480714 0.235406 0.008571 0.019036
3 0.517857 0.252538 0.010000 0.022843
3 0.533571 0.202411 0.008571 0.024112
3 0.487143 0.150381 0.007143 0.016497
3 0.475357 0.151015 0.007857 0.015228
3 0.460714 0.159898 0.007143 0.017766
3 0.503214 0.169416 0.007857 0.019036
3 0.508214 0.092640 0.006429 0.015228
3 0.491429 0.118020 0.007143 0.015228
3 0.519286 0.107234 0.005714 0.016497
3 0.519286 0.138325 0.007143 0.017766
3 0.480000 0.125000 0.007143 0.016497
3 0.481429 0.093909 0.008571 0.017766
3 0.495357 0.066624 0.006429 0.016497
3 0.498929 0.026015 0.006429 0.008883
3 0.496429 0.038071 0.005714 0.012690
3 0.498571 0.005076 0.007143 0.010152
4 0.520714 0.074239 0.007143 0.016497
4 0.521429 0.040609 0.007143 0.017766
4 0.493929 0.093274 0.007857 0.016497
4 0.484286 0.192259 0.008571 0.019036
4 0.519286 0.194797 0.010000 0.026650
3 0.804286 0.939721 0.055714 0.041878
3 0.865714 0.941624 0.052857 0.035533
3 0.533214 0.105330 0.007857 0.015228
3 0.532857 0.046320 0.007143 0.016497
4 0.533571 0.268401 0.011429 0.026650
4 0.531071 0.074873 0.007857 0.015228
5 0.448571 0.248096 0.014286 0.039340
5 0.485357 0.047589 0.007857 0.021574
8 0.488571 0.019670 0.010000 0.031726
8 0.534286 0.399112 0.017143 0.092640
4 0.821786 0.309645 0.037857 0.027919
