3 0.019643 0.137619 0.039286 0.077143
3 0.045714 0.100476 0.065714 0.082857
3 0.049286 0.214762 0.065714 0.090476
3 0.134286 0.040000 0.064286 0.076190
5 0.124286 0.145714 0.087143 0.121905
3 0.178929 0.125714 0.063571 0.083810
3 0.210357 0.087143 0.063571 0.077143
3 0.176071 0.017619 0.049286 0.033333
3 0.285714 0.035714 0.068571 0.071429
3 0.326786 0.020952 0.053571 0.041905
0 0.386786 0.164762 0.012143 0.032381
0 0.361786 0.139524 0.019286 0.027619
0 0.166429 0.282381 0.022857 0.031429
0 0.382143 0.140000 0.011429 0.028571
3 0.347500 0.195238 0.067857 0.083810
3 0.305000 0.247143 0.065714 0.086667
3 0.267857 0.293333 0.067143 0.087619
3 0.217143 0.339524 0.091429 0.090476
3 0.180357 0.402381 0.099286 0.113333
3 0.124286 0.448095 0.085714 0.105714
3 0.070357 0.500000 0.067857 0.091429
3 0.032857 0.721429 0.065714 0.119048
3 0.432143 0.137619 0.071429 0.082857
4 0.515714 0.085714 0.061429 0.085714
3 0.599643 0.017619 0.060714 0.035238
5 0.790000 0.285238 0.102857 0.176190
5 0.672143 0.452381 0.092857 0.165714
0 0.853929 0.603810 0.025000 0.030476
4 0.463571 0.694762 0.102857 0.147619
5 0.195714 0.957619 0.077143 0.084762
