3 0.098214 0.025238 0.009286 0.010476
3 0.105714 0.040000 0.010000 0.011429
3 0.096071 0.049048 0.009286 0.012381
3 0.113929 0.067619 0.010714 0.013333
3 0.109643 0.110476 0.013571 0.020952
3 0.140357 0.162381 0.015000 0.021905
3 0.051429 0.042857 0.008571 0.013333
3 0.052857 0.021429 0.014286 0.010476
3 0.054643 0.030952 0.010714 0.008571
3 0.052857 0.070952 0.017143 0.012381
3 0.048929 0.096667 0.016429 0.010476
3 0.054643 0.120952 0.012143 0.019048
3 0.056071 0.144762 0.007857 0.011429
3 0.058214 0.160476 0.012143 0.016190
3 0.056429 0.172857 0.011429 0.018095
3 0.060000 0.234762 0.018571 0.023810
3 0.061786 0.263810 0.019286 0.030476
3 0.166071 0.276667 0.019286 0.027619
3 0.172143 0.040000 0.010000 0.013333
3 0.180357 0.053333 0.009286 0.009524
3 0.186786 0.066190 0.007857 0.010476
3 0.209643 0.102381 0.012143 0.016190
3 0.247500 0.167619 0.015000 0.019048
3 0.254286 0.186190 0.012857 0.018095
4 0.280714 0.228571 0.017143 0.026667
0 0.168571 0.106667 0.004286 0.013333
3 0.210357 0.452857 0.029286 0.050476
3 0.225000 0.512857 0.034286 0.058095
3 0.247857 0.580952 0.037143 0.066667
0 0.086071 0.462857 0.005000 0.020952
0 0.079643 0.457143 0.006429 0.019048
9 0.105000 0.557619 0.012857 0.033333
2 0.236071 0.647619 0.013571 0.030476
3 0.137500 0.787619 0.082143 0.102857
3 0.406071 0.896190 0.109286 0.085714
9 0.670357 0.639048 0.023571 0.030476
9 0.662500 0.610000 0.023571 0.025714
3 0.827857 0.752857 0.077143 0.071429
1 0.103929 0.547143 0.012143 0.021905
1 0.234643 0.637619 0.009286 0.025714
1 0.661071 0.606190 0.016429 0.021905
1 0.670357 0.635238 0.012143 0.017143
