3 0.357500 0.034762 0.015000 0.039048
3 0.361071 0.072857 0.012143 0.035238
3 0.252857 0.160476 0.027143 0.020000
4 0.251786 0.179524 0.025000 0.020000
9 0.325357 0.018571 0.009286 0.010476
9 0.336786 0.013333 0.009286 0.013333
9 0.336429 0.034286 0.010000 0.013333
9 0.312143 0.022857 0.014286 0.011429
0 0.387143 0.048095 0.005714 0.012381
0 0.394286 0.047143 0.005714 0.012381
0 0.418571 0.040000 0.004286 0.011429
9 0.411429 0.514286 0.004286 0.015238
2 0.427143 0.635238 0.005714 0.013333
1 0.427143 0.634762 0.005714 0.008571
0 0.433214 0.637619 0.003571 0.006667
0 0.457143 0.772381 0.004286 0.013333
0 0.465000 0.773333 0.004286 0.009524
0 0.461429 0.738095 0.004286 0.007619
0 0.645000 0.974286 0.005714 0.011429
9 0.654643 0.866667 0.006429 0.020952
3 0.929286 0.740476 0.028571 0.021905
4 0.960357 0.750952 0.030714 0.020000
5 0.931071 0.652857 0.043571 0.029524
4 0.913929 0.491429 0.029286 0.019048
3 0.953571 0.506667 0.030000 0.026667
0 0.603571 0.664762 0.004286 0.007619
0 0.526429 0.593333 0.004286 0.005714
0 0.582857 0.589048 0.005714 0.006667
0 0.541786 0.612857 0.005000 0.006667
0 0.547500 0.613333 0.003571 0.005714
