3 0.488929 0.824762 0.095000 0.161905
3 0.676786 0.742857 0.116429 0.135238
3 0.416071 0.646667 0.067857 0.093333
3 0.228214 0.720952 0.060714 0.120000
3 0.803214 0.679048 0.112143 0.135238
3 0.657143 0.612381 0.100000 0.091429
3 0.854643 0.659048 0.117857 0.125714
3 0.905357 0.636190 0.112143 0.114286
3 0.945000 0.609524 0.107143 0.106667
3 0.623929 0.578571 0.102143 0.080952
3 0.586786 0.549048 0.099286 0.071429
3 0.560357 0.512381 0.080714 0.072381
3 0.532500 0.492857 0.066429 0.054286
3 0.525714 0.463333 0.071429 0.050476
3 0.213214 0.617143 0.055000 0.080000
3 0.211786 0.471905 0.033571 0.063810
3 0.220714 0.326667 0.028571 0.047619
3 0.306429 0.373333 0.060000 0.038095
3 0.320357 0.437143 0.072143 0.040000
3 0.333214 0.475238 0.082143 0.038095
3 0.345714 0.535238 0.097143 0.062857
3 0.298929 0.320952 0.057857 0.032381
4 0.396071 0.787619 0.079286 0.154286
3 0.403929 0.290000 0.045000 0.031429
4 0.389286 0.276190 0.042857 0.030476
3 0.379286 0.269524 0.041429 0.030476
3 0.201429 0.919524 0.102857 0.160952
3 0.021071 0.387619 0.042143 0.043810
3 0.057500 0.330476 0.030714 0.034286
3 0.182857 0.210000 0.014286 0.014286
3 0.145000 0.223333 0.017143 0.020000
3 0.109643 0.230476 0.019286 0.026667
3 0.156786 0.174762 0.012143 0.016190
3 0.123214 0.215714 0.017857 0.014286
4 0.320714 0.413810 0.060000 0.052381
3 0.316071 0.397143 0.063571 0.041905
3 0.280000 0.288571 0.052857 0.030476
0 0.357857 0.634286 0.020000 0.047619
0 0.389286 0.410952 0.012857 0.033333
3 0.125357 0.204286 0.015000 0.016190
3 0.129643 0.200000 0.012143 0.015238
3 0.133214 0.193810 0.012143 0.014286
3 0.136429 0.187143 0.011429 0.012381
3 0.140000 0.180952 0.011429 0.013333
3 0.143571 0.174286 0.011429 0.013333
3 0.150357 0.167619 0.010714 0.013333
3 0.152500 0.161905 0.010714 0.013333
3 0.153929 0.158571 0.010714 0.012381
3 0.156786 0.154762 0.010714 0.012381
3 0.158214 0.150476 0.009286 0.009524
0 0.176429 0.188095 0.004286 0.012381
0 0.171786 0.180952 0.005000 0.013333
0 0.193571 0.182857 0.005714 0.013333
0 0.182143 0.183333 0.005714 0.012381
0 0.183929 0.175714 0.005000 0.012381
0 0.190714 0.179048 0.005714 0.009524
0 0.191429 0.174286 0.005714 0.011429
0 0.178214 0.180952 0.005000 0.011429
0 0.202500 0.179048 0.006429 0.015238
0 0.197143 0.172381 0.004286 0.015238
0 0.199643 0.170952 0.005000 0.012381
3 0.307500 0.154762 0.022143 0.016190
3 0.299643 0.146667 0.020714 0.013333
3 0.297143 0.137619 0.021429 0.012381
3 0.290357 0.135714 0.023571 0.012381
3 0.087857 0.270476 0.022857 0.022857
3 0.077857 0.284286 0.024286 0.027619
3 0.068214 0.305714 0.029286 0.030476
3 0.013571 0.318571 0.027143 0.033333
3 0.047500 0.265714 0.026429 0.028571
3 0.060000 0.251429 0.022857 0.022857
2 0.708571 0.556667 0.018571 0.042857
2 0.694286 0.549524 0.018571 0.038095
9 0.678929 0.547143 0.020714 0.035238
0 0.585714 0.465714 0.011429 0.038095
2 0.934286 0.910476 0.061429 0.055238
