0 0.523500 0.977000 0.014000 0.035333
0 0.537750 0.973000 0.012500 0.036667
0 0.528750 0.929667 0.018500 0.034000
0 0.545000 0.905333 0.011000 0.034667
0 0.544250 0.899000 0.010500 0.022000
0 0.588000 0.898333 0.011000 0.035333
0 0.532500 0.873000 0.017000 0.036667
0 0.544250 0.852667 0.009500 0.037333
1 0.584250 0.963333 0.020500 0.040000
9 0.585750 0.966333 0.016500 0.067333
9 0.636000 0.833000 0.020000 0.058000
1 0.775500 0.830667 0.021000 0.036000
9 0.771500 0.830333 0.037000 0.032667
0 0.760000 0.791333 0.015000 0.030667
0 0.769250 0.776000 0.014500 0.032000
0 0.776750 0.772000 0.018500 0.033333
2 0.752500 0.761667 0.013000 0.043333
0 0.735000 0.726333 0.013000 0.044667
0 0.749000 0.723000 0.012000 0.051333
9 0.842250 0.807333 0.017500 0.040000
9 0.862750 0.788000 0.025500 0.040000
9 0.899000 0.806333 0.019000 0.048667
9 0.876000 0.816000 0.029000 0.041333
1 0.876000 0.816000 0.028000 0.036000
6 0.979250 0.823667 0.040500 0.062000
4 0.937000 0.930000 0.126000 0.101333
1 0.471250 0.821333 0.014500 0.029333
1 0.480000 0.823667 0.014000 0.028667
9 0.472250 0.823333 0.034500 0.030667
0 0.404750 0.872667 0.012500 0.030667
0 0.361750 0.855000 0.018500 0.040667
0 0.566750 0.744667 0.014500 0.033333
0 0.616250 0.731333 0.014500 0.041333
0 0.604750 0.680667 0.009500 0.036000
1 0.605000 0.675667 0.006000 0.014000
1 0.566250 0.659000 0.011500 0.015333
1 0.569750 0.634667 0.011500 0.032000
1 0.556250 0.646000 0.010500 0.028000
2 0.559000 0.652667 0.012000 0.036000
9 0.569750 0.639333 0.012500 0.037333
0 0.538250 0.696333 0.010500 0.032667
3 0.470750 0.774333 0.101500 0.080667
2 0.624250 0.623333 0.011500 0.036000
1 0.619250 0.607667 0.011500 0.019333
1 0.614000 0.594000 0.010000 0.016000
0 0.593250 0.501333 0.008500 0.026667
9 0.587500 0.475667 0.019000 0.020667
1 0.636250 0.472333 0.010500 0.022000
9 0.636750 0.476333 0.009500 0.026000
9 0.611750 0.459000 0.023500 0.020667
1 0.383250 0.967000 0.018500 0.038000
0 0.283750 0.916667 0.013500 0.037333
0 0.264000 0.875000 0.017000 0.030000
0 0.284000 0.858667 0.018000 0.024000
9 0.271000 0.861667 0.042000 0.030000
9 0.281000 0.881667 0.042000 0.028667
4 0.193500 0.812667 0.107000 0.073333
0 0.133500 0.825333 0.020000 0.034667
1 0.097000 0.868000 0.018000 0.036000
9 0.103000 0.865667 0.037000 0.032667
1 0.130750 0.769000 0.015500 0.030000
2 0.135500 0.773000 0.044000 0.034000
0 0.090500 0.739000 0.020000 0.034000
0 0.101000 0.720000 0.019000 0.034667
0 0.215500 0.744333 0.013000 0.027333
0 0.227500 0.725000 0.017000 0.034000
1 0.224000 0.720667 0.010000 0.016000
0 0.205000 0.662333 0.016000 0.027333
0 0.213500 0.644667 0.014000 0.033333
0 0.195250 0.623333 0.014500 0.032000
0 0.206000 0.607000 0.014000 0.032667
0 0.161000 0.615000 0.026000 0.032667
0 0.140750 0.641000 0.017500 0.031333
0 0.182750 0.588333 0.016500 0.030000
0 0.213500 0.572667 0.011000 0.028000
0 0.279250 0.622000 0.013500 0.030667
0 0.289750 0.629000 0.013500 0.030000
0 0.270250 0.568000 0.013500 0.030667
0 0.235000 0.571000 0.012000 0.030000
0 0.105750 0.648667 0.020500 0.029333
0 0.130500 0.619000 0.014000 0.036667
0 0.141750 0.618667 0.015500 0.032000
0 0.178750 0.567667 0.014500 0.023333
0 0.185750 0.559333 0.012500 0.028000
0 0.195250 0.583333 0.015500 0.032000
0 0.196250 0.574000 0.014500 0.029333
0 0.195250 0.563000 0.010500 0.026000
0 0.217750 0.527667 0.010500 0.031333
1 0.200750 0.550667 0.011500 0.018667
1 0.213500 0.541333 0.014000 0.021333
1 0.241250 0.570667 0.010500 0.020000
1 0.173750 0.577333 0.012500 0.024000
1 0.154000 0.606000 0.014000 0.021333
4 0.289000 0.704000 0.091000 0.076000
2 0.243500 0.577000 0.011000 0.027333
9 0.032250 0.722333 0.040500 0.036667
4 0.068250 0.653333 0.074500 0.068000
5 0.056750 0.534000 0.075500 0.073333
4 0.117250 0.521000 0.066500 0.051333
4 0.174500 0.542333 0.072000 0.051333
1 0.267750 0.483000 0.011500 0.023333
1 0.301500 0.433000 0.008000 0.015333
1 0.311750 0.423333 0.008500 0.017333
0 0.353000 0.421000 0.008000 0.026000
1 0.348000 0.380333 0.007000 0.016667
0 0.363750 0.438667 0.006500 0.024000
0 0.362750 0.361000 0.007500 0.023333
3 0.313000 0.487667 0.052000 0.050000
4 0.376000 0.549000 0.068000 0.039333
4 0.416750 0.582333 0.053500 0.066000
4 0.454000 0.587333 0.055000 0.062667
4 0.417250 0.486000 0.068500 0.042667
9 0.498500 0.521667 0.008000 0.027333
4 0.536500 0.485667 0.075000 0.042000
4 0.538000 0.459000 0.055000 0.034000
0 0.530500 0.447000 0.007000 0.019333
4 0.549500 0.440000 0.048000 0.037333
4 0.602000 0.431333 0.024000 0.044000
6 0.558750 0.426667 0.027500 0.017333
4 0.549250 0.405667 0.048500 0.040667
1 0.541750 0.340667 0.009500 0.016000
1 0.514500 0.336667 0.007000 0.012000
0 0.503750 0.373000 0.007500 0.020667
0 0.474750 0.331333 0.006500 0.021333
1 0.443250 0.440667 0.007500 0.014667
0 0.484250 0.435333 0.009500 0.024000
9 0.453250 0.450333 0.016500 0.019333
6 0.499500 0.423000 0.020000 0.026000
4 0.448750 0.407667 0.048500 0.038000
4 0.445250 0.387333 0.047500 0.034667
4 0.407500 0.381667 0.036000 0.039333
1 0.391000 0.364333 0.008000 0.016667
9 0.390500 0.369333 0.009000 0.021333
0 0.383750 0.339667 0.006500 0.019333
0 0.382500 0.334000 0.005000 0.020000
4 0.447500 0.327333 0.026000 0.034667
6 0.148250 0.486000 0.030500 0.028000
6 0.175250 0.395667 0.025500 0.027333
9 0.016500 0.445333 0.012000 0.022667
9 0.049000 0.445333 0.021000 0.017333
6 0.043000 0.433667 0.026000 0.026000
1 0.057250 0.423333 0.012500 0.017333
1 0.069750 0.411667 0.012500 0.018000
1 0.089000 0.416667 0.009000 0.020000
9 0.119750 0.438333 0.020500 0.022000
9 0.125500 0.440333 0.020000 0.020667
9 0.132000 0.441000 0.018000 0.020667
9 0.138500 0.445000 0.023000 0.020667
9 0.144000 0.446333 0.023000 0.022000
9 0.150000 0.448667 0.022000 0.022667
9 0.116750 0.418000 0.017500 0.022667
9 0.157000 0.395333 0.016000 0.025333
9 0.121250 0.380333 0.016500 0.019333
6 0.128000 0.404667 0.021000 0.024000
9 0.110750 0.413333 0.025500 0.020000
2 0.316250 0.323667 0.009500 0.020667
4 0.367000 0.326333 0.048000 0.031333
3 0.395250 0.290333 0.038500 0.023333
4 0.398000 0.277333 0.038000 0.022667
4 0.413250 0.269333 0.037500 0.025333
3 0.426500 0.261667 0.037000 0.022000
0 0.441250 0.271333 0.005500 0.020000
0 0.445750 0.275333 0.003500 0.014667
4 0.494250 0.272000 0.022500 0.034667
3 0.505250 0.253333 0.018500 0.026667
4 0.523750 0.231667 0.017500 0.022000
3 0.550000 0.226667 0.031000 0.022667
4 0.583000 0.227333 0.028000 0.026667
4 0.568000 0.219000 0.024000 0.019333
3 0.595250 0.209333 0.032500 0.021333
5 0.637000 0.175667 0.060000 0.035333
4 0.527750 0.191333 0.030500 0.017333
4 0.526250 0.178000 0.030500 0.018667
3 0.528500 0.185333 0.028000 0.012000
3 0.482750 0.167667 0.024500 0.014000
3 0.444750 0.163333 0.025500 0.013333
0 0.468750 0.165333 0.003500 0.013333
5 0.432250 0.246667 0.038500 0.029333
4 0.440000 0.240333 0.029000 0.022000
4 0.447000 0.231333 0.043000 0.026667
4 0.459250 0.223667 0.026500 0.020667
3 0.461750 0.217667 0.026500 0.015333
3 0.463000 0.208667 0.033000 0.018667
4 0.431250 0.208000 0.028500 0.022667
4 0.416500 0.189000 0.028000 0.018000
3 0.394250 0.202333 0.029500 0.018000
3 0.373000 0.155333 0.024000 0.013333
1 0.355250 0.189667 0.004500 0.011333
9 0.356250 0.193333 0.009500 0.010667
3 0.348250 0.200333 0.025500 0.019333
3 0.457000 0.102333 0.019000 0.011333
3 0.331250 0.086000 0.015500 0.009333
3 0.312000 0.084667 0.016000 0.009333
3 0.294000 0.083333 0.016000 0.008000
3 0.251000 0.080000 0.018000 0.009333
3 0.256500 0.188000 0.030000 0.014667
3 0.157500 0.160667 0.031000 0.017333
4 0.124250 0.136333 0.019500 0.014000
0 0.114000 0.118333 0.004000 0.010000
0 0.116500 0.116333 0.005000 0.011333
3 0.108000 0.087333 0.016000 0.009333
4 0.084750 0.151000 0.027500 0.022000
4 0.060500 0.129667 0.025000 0.015333
3 0.010500 0.103000 0.021000 0.010000
4 0.043750 0.101333 0.020500 0.012000
4 0.063500 0.098000 0.017000 0.010667
3 0.032250 0.097333 0.021500 0.012000
4 0.054000 0.089667 0.019000 0.010000
4 0.074500 0.086667 0.018000 0.012000
