2 0.334000 0.925000 0.037000 0.120667
2 0.372250 0.841667 0.028500 0.076667
6 0.573000 0.788333 0.049000 0.148667
0 0.276750 0.725333 0.019500 0.074667
0 0.331000 0.741667 0.021000 0.062000
0 0.306500 0.644667 0.037000 0.044000
0 0.369250 0.635000 0.022500 0.047333
0 0.493250 0.666667 0.018500 0.065333
0 0.526250 0.683333 0.018500 0.058667
0 0.557500 0.609667 0.022000 0.054000
0 0.374250 0.495333 0.014500 0.045333
0 0.466000 0.525000 0.020000 0.047333
9 0.465000 0.542000 0.021000 0.037333
0 0.403000 0.499000 0.013000 0.050000
0 0.584750 0.512333 0.010500 0.051333
0 0.544750 0.467667 0.010500 0.048667
0 0.547000 0.453667 0.007000 0.023333
0 0.371750 0.434333 0.012500 0.038000
0 0.405250 0.448000 0.009500 0.042667
0 0.409000 0.439000 0.009000 0.046000
0 0.415500 0.433000 0.010000 0.048667
0 0.701750 0.428000 0.018500 0.036000
2 0.699250 0.435667 0.033500 0.026000
0 0.453000 0.405333 0.016000 0.038667
9 0.446500 0.411667 0.013000 0.035333
0 0.473750 0.392667 0.010500 0.040000
0 0.534750 0.405667 0.006500 0.024667
0 0.547000 0.402667 0.009000 0.042667
6 0.579750 0.398000 0.036500 0.069333
6 0.642000 0.401667 0.033000 0.050000
9 0.629000 0.446333 0.030000 0.028667
0 0.429500 0.385000 0.011000 0.026000
0 0.450250 0.377333 0.007500 0.033333
0 0.446500 0.370000 0.007000 0.014667
0 0.469500 0.351000 0.009000 0.035333
0 0.459000 0.340333 0.008000 0.039333
0 0.423250 0.369333 0.012500 0.022667
0 0.427500 0.362333 0.011000 0.028667
0 0.433000 0.363333 0.006000 0.022667
0 0.400250 0.356667 0.007500 0.028000
0 0.410250 0.347333 0.009500 0.030667
0 0.430500 0.349667 0.007000 0.024667
0 0.433250 0.336000 0.007500 0.038667
0 0.443250 0.331667 0.008500 0.035333
0 0.443000 0.353000 0.009000 0.030000
9 0.449750 0.371667 0.019500 0.024667
0 0.515750 0.359333 0.008500 0.036000
0 0.535000 0.367333 0.010000 0.037333
0 0.547250 0.343333 0.008500 0.034667
0 0.543750 0.333667 0.006500 0.032667
0 0.512250 0.315000 0.007500 0.032667
0 0.500500 0.315333 0.007000 0.030667
6 0.515250 0.290000 0.021500 0.045333
0 0.455000 0.318667 0.010000 0.033333
0 0.443250 0.301333 0.007500 0.030667
0 0.409500 0.320000 0.008000 0.026667
0 0.420250 0.304000 0.005500 0.026667
0 0.416500 0.296667 0.006000 0.024000
0 0.435750 0.295667 0.009500 0.027333
0 0.425000 0.280000 0.006000 0.022667
0 0.449250 0.281667 0.005500 0.028667
0 0.457750 0.291000 0.006500 0.030000
0 0.469500 0.270667 0.010000 0.028000
1 0.457250 0.268333 0.008500 0.023333
0 0.449250 0.268333 0.004500 0.022000
0 0.442500 0.242333 0.005000 0.027333
0 0.467250 0.254000 0.004500 0.021333
1 0.467000 0.294000 0.011000 0.025333
9 0.466500 0.301667 0.006000 0.016667
9 0.456750 0.275333 0.005500 0.014667
9 0.451250 0.302333 0.019500 0.015333
9 0.529250 0.277667 0.007500 0.022000
9 0.545250 0.279667 0.004500 0.023333
9 0.526500 0.261667 0.007000 0.016667
9 0.537750 0.258333 0.015500 0.012667
2 0.528500 0.227667 0.010000 0.011333
0 0.480750 0.287000 0.007500 0.030000
0 0.506500 0.233667 0.005000 0.026000
0 0.505500 0.225667 0.003000 0.008667
0 0.511500 0.232000 0.006000 0.025333
0 0.515750 0.236667 0.003500 0.013333
0 0.519500 0.232667 0.007000 0.025333
0 0.530000 0.233333 0.004000 0.024000
1 0.528000 0.220000 0.007000 0.020000
0 0.537500 0.227000 0.005000 0.026000
3 0.493250 0.228667 0.020500 0.029333
1 0.472000 0.229333 0.006000 0.016000
1 0.479250 0.219000 0.005500 0.018000
1 0.474750 0.168667 0.005500 0.012000
9 0.471750 0.236333 0.005500 0.014000
9 0.479000 0.224333 0.004000 0.014000
9 0.475250 0.172333 0.008500 0.008667
2 0.457250 0.226000 0.003500 0.016000
9 0.528000 0.192667 0.016000 0.012000
9 0.457750 0.258667 0.006500 0.013333
1 0.457500 0.249000 0.007000 0.015333
0 0.460500 0.221333 0.006000 0.020000
0 0.520000 0.213333 0.004000 0.018667
0 0.514250 0.220000 0.003500 0.018667
0 0.493250 0.202000 0.004500 0.020000
0 0.498000 0.202333 0.005000 0.016667
1 0.484500 0.199333 0.005000 0.017333
9 0.429250 0.245333 0.016500 0.012000
0 0.448000 0.203000 0.004000 0.022000
0 0.454500 0.204000 0.005000 0.020000
0 0.463000 0.205000 0.005000 0.020667
0 0.469000 0.208667 0.005000 0.022667
0 0.470000 0.203333 0.006000 0.020000
0 0.444750 0.194667 0.004500 0.017333
0 0.446500 0.185667 0.006000 0.015333
0 0.460500 0.183333 0.004000 0.018667
0 0.459000 0.178667 0.004000 0.016000
9 0.454250 0.188333 0.006500 0.012667
0 0.475750 0.190667 0.004500 0.021333
0 0.470750 0.191000 0.005500 0.015333
0 0.481750 0.188000 0.004500 0.020000
0 0.493500 0.188333 0.004000 0.012667
0 0.495000 0.180667 0.003000 0.010667
0 0.500500 0.183667 0.005000 0.011333
0 0.516750 0.188000 0.006500 0.016000
0 0.512750 0.184000 0.003500 0.010667
0 0.515250 0.180000 0.002500 0.010667
0 0.514000 0.173667 0.006000 0.012667
0 0.528250 0.190000 0.004500 0.014667
0 0.527750 0.188000 0.004500 0.016000
0 0.491250 0.168333 0.005500 0.016667
0 0.469000 0.178667 0.005000 0.016000
0 0.468250 0.171000 0.004500 0.012667
1 0.458000 0.166000 0.004000 0.006667
0 0.463250 0.160333 0.002500 0.015333
0 0.473500 0.157000 0.003000 0.014000
0 0.476750 0.160000 0.004500 0.016000
0 0.468000 0.155333 0.004000 0.016000
0 0.486000 0.151000 0.003000 0.014000
0 0.488500 0.151333 0.003000 0.017333
0 0.491250 0.151333 0.002500 0.013333
0 0.494250 0.148333 0.004500 0.011333
0 0.466500 0.141667 0.003000 0.011333
0 0.469750 0.138667 0.003500 0.009333
0 0.477500 0.137333 0.003000 0.010667
0 0.480250 0.135667 0.003500 0.011333
0 0.499250 0.140667 0.004500 0.010667
4 0.505250 0.152333 0.012500 0.020667
3 0.505000 0.167000 0.013000 0.016667
0 0.502250 0.173667 0.005500 0.008667
3 0.507250 0.201667 0.021500 0.024667
4 0.385750 0.093667 0.007500 0.010000
3 0.421000 0.109333 0.007000 0.010667
3 0.423000 0.107667 0.006000 0.007333
3 0.426500 0.105000 0.006000 0.007333
3 0.431500 0.103000 0.006000 0.006000
3 0.433000 0.099667 0.005000 0.008667
3 0.437750 0.096667 0.005500 0.008000
3 0.441750 0.092000 0.005500 0.005333
3 0.446000 0.090000 0.004000 0.005333
3 0.448000 0.087000 0.005000 0.004667
3 0.452250 0.082667 0.005500 0.004000
3 0.550500 0.087667 0.016000 0.006000
3 0.548750 0.082000 0.012500 0.006667
3 0.546000 0.077667 0.012000 0.004667
3 0.559000 0.078000 0.012000 0.005333
3 0.559750 0.080667 0.009500 0.005333
3 0.580250 0.079333 0.004500 0.005333
5 0.082750 0.894000 0.165500 0.198667
2 0.634250 0.939333 0.024500 0.110667
1 0.218250 0.250000 0.012500 0.029333
0 0.541000 0.251000 0.006000 0.023333
0 0.545000 0.250333 0.007000 0.023333
9 0.687000 0.414667 0.025000 0.025333
