3 0.618929 0.666244 0.032143 0.137056
3 0.588214 0.380076 0.053571 0.102792
3 0.657500 0.381980 0.062143 0.098985
3 0.380000 0.205584 0.064286 0.058376
8 0.691071 0.224619 0.102143 0.078680
8 0.045714 0.288071 0.091429 0.119289
8 0.803571 0.282995 0.102857 0.078680
4 0.545714 0.676396 0.034286 0.144670
4 0.739643 0.617386 0.045000 0.140863
4 0.201071 0.034264 0.073571 0.060914
0 0.706429 0.878173 0.020000 0.035533
0 0.475357 0.645939 0.010714 0.032995
0 0.477857 0.615482 0.011429 0.027919
0 0.493929 0.574239 0.010714 0.036802
0 0.477143 0.542513 0.010000 0.034264
0 0.498929 0.506345 0.010714 0.030457
0 0.485714 0.487944 0.010000 0.034264
0 0.310357 0.340736 0.009286 0.031726
0 0.259286 0.608503 0.012857 0.036802
3 0.953214 0.209391 0.075000 0.068528
