3 0.096294 0.373840 0.037056 0.025974
3 0.101253 0.361317 0.033403 0.017625
3 0.435282 0.745826 0.052192 0.061224
3 0.622129 0.728200 0.042797 0.063080
3 0.718946 0.679963 0.046451 0.046382
3 0.783142 0.652134 0.050626 0.042672
3 0.874217 0.599722 0.046973 0.038033
3 0.432150 0.469388 0.017745 0.046382
3 0.410230 0.455009 0.020877 0.043599
3 0.399530 0.425325 0.015136 0.038033
4 0.418841 0.416512 0.019311 0.042672
5 0.410491 0.371985 0.018267 0.044527
3 0.388570 0.367347 0.013048 0.031540
3 0.406054 0.290353 0.013570 0.025974
3 0.353340 0.229128 0.012526 0.022263
3 0.369781 0.224026 0.009916 0.019481
3 0.361691 0.180427 0.010438 0.017625
3 0.363518 0.160019 0.008873 0.017625
3 0.349165 0.115028 0.009395 0.014842
3 0.326983 0.125232 0.007829 0.016698
3 0.335334 0.112709 0.007829 0.015770
3 0.342380 0.096011 0.005219 0.012059
3 0.324635 0.061688 0.007307 0.012059
3 0.329332 0.083952 0.007307 0.012059
3 0.315762 0.057978 0.005219 0.012059
3 0.378392 0.327458 0.012526 0.027829
1 0.564979 0.672078 0.006785 0.015770
1 0.607777 0.594156 0.004697 0.015770
1 0.661013 0.600649 0.006785 0.017625
1 0.320720 0.528293 0.004697 0.015770
1 0.317067 0.361781 0.005741 0.012987
1 0.292797 0.103432 0.002088 0.008349
9 0.317850 0.371521 0.006263 0.013915
9 0.292797 0.109462 0.003132 0.007421
9 0.320720 0.539425 0.007829 0.008349
9 0.605689 0.605288 0.010960 0.012059
9 0.566023 0.680427 0.013048 0.026902
9 0.660230 0.612245 0.010438 0.014842
