3 0.106733 0.047310 0.016180 0.018553
3 0.062891 0.064935 0.018267 0.016698
4 0.190762 0.094620 0.013048 0.024119
3 0.210073 0.102041 0.015136 0.024119
7 0.186848 0.086735 0.011482 0.021336
9 0.198330 0.121058 0.005219 0.012059
9 0.205637 0.125232 0.006263 0.018553
3 0.236952 0.094156 0.027140 0.017625
9 0.274008 0.172078 0.007307 0.015770
6 0.301931 0.240724 0.029749 0.039889
9 0.381002 0.261132 0.019833 0.021336
0 0.099426 0.328850 0.012004 0.034323
1 0.136221 0.361781 0.014614 0.027829
1 0.140397 0.401206 0.013570 0.028757
1 0.198330 0.450371 0.011482 0.032468
1 0.223904 0.482839 0.013570 0.030612
1 0.238779 0.500928 0.013048 0.033395
1 0.258612 0.517625 0.014092 0.037106
1 0.279228 0.539889 0.015658 0.031540
0 0.303236 0.522727 0.013570 0.052876
1 0.399269 0.583488 0.014614 0.046382
1 0.342119 0.565399 0.014092 0.038033
1 0.533142 0.678108 0.018267 0.038961
0 0.607777 0.683210 0.016180 0.060297
0 0.824113 0.719852 0.027140 0.063080
0 0.859081 0.738868 0.015658 0.076994
0 0.973643 0.774119 0.021399 0.058442
9 0.699896 0.443878 0.024008 0.032468
9 0.649530 0.426716 0.026618 0.037106
