0 0.608929 0.892381 0.013571 0.047619
2 0.593929 0.910952 0.019286 0.035238
0 0.520000 0.708095 0.005714 0.021905
0 0.523214 0.712857 0.003571 0.016190
0 0.627500 0.717143 0.005000 0.020952
0 0.631429 0.718571 0.005714 0.021905
0 0.524286 0.596190 0.002857 0.013333
0 0.528571 0.594762 0.002857 0.014286
3 0.731429 0.842381 0.072857 0.039048
3 0.742500 0.747143 0.050714 0.025714
3 0.723214 0.737143 0.043571 0.026667
3 0.708929 0.727143 0.042143 0.027619
3 0.697143 0.716667 0.042857 0.021905
3 0.679643 0.703810 0.046429 0.026667
3 0.663571 0.690952 0.038571 0.023810
3 0.646429 0.684286 0.038571 0.023810
3 0.637857 0.674762 0.038571 0.023810
3 0.625714 0.664286 0.038571 0.023810
3 0.617500 0.657619 0.037857 0.020000
3 0.611071 0.651905 0.037857 0.020000
3 0.601786 0.643333 0.037857 0.020000
3 0.596786 0.640476 0.037857 0.020000
3 0.591786 0.635714 0.037857 0.020000
0 0.609643 0.776190 0.010714 0.017143
3 0.636786 0.773810 0.057857 0.033333
3 0.622500 0.757619 0.052143 0.025714
3 0.610714 0.744286 0.048571 0.027619
3 0.596786 0.730476 0.049286 0.026667
3 0.590714 0.719048 0.042857 0.022857
3 0.586786 0.707619 0.040714 0.020952
3 0.582500 0.699524 0.040714 0.020000
3 0.504286 0.669524 0.034286 0.019048
3 0.497500 0.662857 0.032143 0.017143
3 0.496429 0.658571 0.031429 0.016190
3 0.498571 0.651429 0.031429 0.017143
3 0.517143 0.643810 0.030000 0.015238
3 0.513571 0.637619 0.030000 0.014286
3 0.510000 0.633333 0.030000 0.015238
3 0.510357 0.630000 0.030714 0.014286
3 0.505357 0.627619 0.027857 0.013333
3 0.505000 0.623810 0.027143 0.013333
3 0.499643 0.620000 0.027857 0.013333
3 0.495714 0.617143 0.027143 0.013333
3 0.493929 0.613333 0.022143 0.013333
3 0.488929 0.610000 0.022143 0.012381
3 0.463929 0.618095 0.025000 0.011429
3 0.464286 0.612381 0.022857 0.009524
3 0.555000 0.616667 0.025714 0.012381
3 0.546429 0.607143 0.018571 0.012381
3 0.460357 0.580476 0.016429 0.006667
0 0.450357 0.576667 0.002143 0.008571
0 0.450357 0.555714 0.002143 0.006667
0 0.458214 0.552381 0.002143 0.005714
3 0.507857 0.583810 0.014286 0.007619
3 0.504643 0.580952 0.016429 0.007619
3 0.502500 0.578095 0.016429 0.007619
3 0.441429 0.582857 0.015714 0.007619
3 0.440000 0.577143 0.012857 0.007619
3 0.440714 0.576667 0.015714 0.008571
3 0.500000 0.576190 0.015714 0.007619
3 0.497857 0.574286 0.015714 0.007619
3 0.496071 0.573333 0.016429 0.007619
3 0.494286 0.572381 0.015714 0.007619
3 0.490714 0.570476 0.015714 0.007619
3 0.487857 0.568095 0.015714 0.008571
3 0.483929 0.566190 0.016429 0.008571
3 0.485357 0.563333 0.016429 0.008571
3 0.481429 0.560476 0.015714 0.008571
3 0.478571 0.559524 0.015714 0.008571
3 0.476786 0.558095 0.016429 0.007619
3 0.474286 0.556667 0.015714 0.008571
3 0.474286 0.554762 0.015714 0.008571
3 0.471786 0.553810 0.016429 0.008571
3 0.468214 0.551429 0.016429 0.007619
3 0.459286 0.575238 0.012857 0.007619
3 0.457143 0.572857 0.012857 0.008571
3 0.455000 0.571429 0.012857 0.007619
3 0.450000 0.566667 0.012857 0.007619
3 0.451429 0.568095 0.012857 0.008571
3 0.446429 0.563333 0.012857 0.008571
3 0.447857 0.563810 0.012857 0.007619
3 0.443571 0.558095 0.012857 0.007619
3 0.443571 0.555714 0.012857 0.008571
3 0.442857 0.557143 0.012857 0.007619
3 0.442857 0.553333 0.012857 0.007619
3 0.425714 0.555238 0.012857 0.007619
3 0.427143 0.558095 0.012857 0.009524
3 0.427857 0.560000 0.012857 0.009524
3 0.428571 0.561905 0.012857 0.009524
3 0.430000 0.564286 0.012857 0.008571
3 0.431429 0.565238 0.012857 0.008571
3 0.432143 0.566667 0.012857 0.009524
3 0.432857 0.569048 0.012857 0.008571
3 0.434286 0.570952 0.012857 0.008571
3 0.426786 0.595238 0.009286 0.009524
3 0.395000 0.527619 0.002857 0.003810
3 0.402857 0.531429 0.002857 0.003810
3 0.401429 0.530000 0.002857 0.004762
3 0.407500 0.542381 0.003571 0.004762
3 0.409643 0.549048 0.005000 0.004762
3 0.409643 0.550952 0.005000 0.004762
3 0.409643 0.552857 0.005000 0.004762
3 0.410714 0.556667 0.004286 0.004762
3 0.406786 0.583810 0.007857 0.009524
3 0.400357 0.555714 0.005000 0.006667
3 0.399286 0.547143 0.004286 0.004762
8 0.389286 0.524762 0.002857 0.003810
3 0.385000 0.525238 0.002857 0.004762
3 0.388214 0.531429 0.003571 0.003810
3 0.390000 0.533333 0.002857 0.003810
3 0.384643 0.539524 0.003571 0.004762
8 0.388571 0.542381 0.004286 0.006667
3 0.378214 0.547143 0.003571 0.004762
8 0.378214 0.544762 0.003571 0.005714
3 0.386071 0.551905 0.005000 0.006667
0 0.355714 0.597143 0.002857 0.011429
0 0.354286 0.594762 0.002857 0.012381
3 0.365714 0.548095 0.011429 0.006667
3 0.361429 0.555714 0.010000 0.006667
3 0.366429 0.550952 0.011429 0.006667
3 0.329643 0.563333 0.007857 0.008571
8 0.333214 0.571429 0.010714 0.015238
3 0.327857 0.641905 0.015714 0.017143
3 0.417857 0.645238 0.014286 0.018095
3 0.345714 0.698095 0.018571 0.026667
