4 0.431786 0.198604 0.120714 0.143401
4 0.711786 0.844543 0.126429 0.145939
4 0.739643 0.410533 0.079286 0.214467
4 0.687500 0.927665 0.135000 0.142132
4 0.328571 0.817893 0.122857 0.151015
3 0.454643 0.115482 0.117857 0.131980
3 0.772857 0.203046 0.071429 0.200508
3 0.870000 0.298223 0.080000 0.213198
3 0.927500 0.322970 0.073571 0.222081
3 0.826429 0.493020 0.081429 0.206853
3 0.881429 0.550127 0.068571 0.171320
3 0.936786 0.568528 0.076429 0.190355
3 0.626429 0.343909 0.072857 0.190355
3 0.681071 0.376904 0.065000 0.177665
3 0.830714 0.916878 0.118571 0.133249
3 0.496071 0.686548 0.123571 0.144670
3 0.481071 0.802665 0.120714 0.145939
3 0.453571 0.902919 0.121429 0.128173
3 0.433214 0.965736 0.115000 0.065990
3 0.294643 0.968274 0.116429 0.060914
3 0.055357 0.964467 0.110714 0.063452
3 0.314643 0.916244 0.116429 0.124365
3 0.363214 0.715736 0.115000 0.131980
3 0.375357 0.607868 0.117857 0.139594
3 0.150714 0.460025 0.100000 0.118020
3 0.135357 0.581853 0.129286 0.135787
3 0.111429 0.688452 0.134286 0.135787
3 0.090714 0.800761 0.148571 0.134518
3 0.065357 0.887056 0.129286 0.093909
0 0.375000 0.357868 0.018571 0.030457
3 0.977500 0.357868 0.045000 0.210660
