9 0.068571 0.420476 0.044286 0.080952
9 0.247857 0.412381 0.018571 0.064762
9 0.270357 0.407619 0.026429 0.062857
9 0.298929 0.396190 0.023571 0.055238
9 0.356071 0.394762 0.027857 0.058095
9 0.373929 0.429048 0.020714 0.060000
9 0.390000 0.383810 0.018571 0.059048
2 0.406071 0.409524 0.019286 0.051429
4 0.068214 0.858095 0.136429 0.280000
4 0.426429 0.840476 0.171429 0.319048
0 0.622500 0.697619 0.037857 0.092381
0 0.780000 0.831905 0.035714 0.086667
0 0.500357 0.115238 0.012143 0.038095
9 0.504286 0.249524 0.018571 0.036190
0 0.502857 0.236190 0.012857 0.041905
9 0.549286 0.313333 0.017143 0.047619
1 0.548571 0.290476 0.018571 0.036190
0 0.428214 0.010476 0.006429 0.020952
0 0.432500 0.012857 0.009286 0.025714
8 0.502857 0.017619 0.027143 0.035238
3 0.553929 0.013810 0.023571 0.023810
3 0.537143 0.070952 0.027143 0.037143
3 0.612143 0.070952 0.034286 0.040952
3 0.656071 0.068571 0.033571 0.040000
3 0.619643 0.147143 0.043571 0.048571
4 0.418214 0.103333 0.060714 0.044762
0 0.432143 0.137143 0.010000 0.024762
4 0.780357 0.496667 0.100714 0.176190
3 0.837500 0.053810 0.053571 0.031429
5 0.916786 0.306190 0.166429 0.284762
2 0.453571 0.462381 0.018571 0.067619
3 0.724643 0.191905 0.056429 0.058095
