7 0.398250 0.883333 0.061500 0.233333
0 0.665250 0.969333 0.040500 0.061333
1 0.746750 0.777667 0.058500 0.043333
5 0.928500 0.585000 0.143000 0.183333
2 0.670000 0.646000 0.038000 0.093333
2 0.348250 0.665667 0.030500 0.112667
9 0.319250 0.420667 0.047500 0.041333
2 0.658750 0.421000 0.029500 0.098000
0 0.708500 0.413000 0.032000 0.051333
0 0.802250 0.464667 0.046500 0.058667
3 0.441500 0.345000 0.083000 0.230000
0 0.675500 0.345000 0.034000 0.060667
1 0.653000 0.265333 0.023000 0.054667
9 0.649750 0.258333 0.025500 0.090000
1 0.675250 0.195000 0.038500 0.047333
0 0.746250 0.188000 0.042500 0.061333
9 0.351750 0.041667 0.047500 0.052667
9 0.682000 0.018667 0.046000 0.037333
