3 0.228214 0.943333 0.037857 0.033333
4 0.296071 0.978095 0.040714 0.034286
3 0.405357 0.980476 0.020714 0.039048
0 0.430714 0.986667 0.007143 0.009524
0 0.439286 0.936190 0.007143 0.007619
0 0.445714 0.937619 0.005714 0.008571
0 0.449286 0.944286 0.005714 0.008571
3 0.441786 0.965238 0.042143 0.037143
3 0.418571 0.925714 0.025714 0.062857
3 0.456071 0.927619 0.036429 0.049524
3 0.475357 0.840476 0.042143 0.035238
3 0.485000 0.778095 0.045714 0.038095
3 0.485357 0.750952 0.043571 0.039048
3 0.497857 0.703810 0.038571 0.034286
3 0.502143 0.679048 0.038571 0.034286
3 0.513214 0.651429 0.042143 0.040000
0 0.450000 0.644286 0.007143 0.012381
0 0.460714 0.652857 0.007143 0.008571
3 0.515357 0.550952 0.039286 0.031429
3 0.534286 0.525714 0.040000 0.034286
3 0.517500 0.450476 0.042143 0.036190
3 0.516786 0.418571 0.033571 0.033333
3 0.516786 0.389048 0.035000 0.039048
4 0.519643 0.357619 0.033571 0.048571
3 0.519643 0.321429 0.030714 0.042857
0 0.496429 0.291429 0.007143 0.013333
0 0.506071 0.273333 0.006429 0.013333
0 0.501071 0.252381 0.005000 0.015238
0 0.501071 0.242857 0.006429 0.013333
0 0.518571 0.208095 0.008571 0.020000
0 0.503929 0.163333 0.006429 0.021905
0 0.526786 0.167619 0.009286 0.015238
0 0.557500 0.020000 0.006429 0.017143
3 0.467857 0.081429 0.041429 0.031429
3 0.460000 0.111429 0.041429 0.026667
3 0.457143 0.137619 0.040000 0.029524
3 0.448214 0.273810 0.040714 0.029524
3 0.442500 0.300476 0.040714 0.031429
3 0.437143 0.326667 0.041429 0.032381
4 0.435000 0.350476 0.038571 0.028571
3 0.419643 0.380000 0.040714 0.034286
3 0.416429 0.409524 0.041429 0.030476
9 0.424643 0.433810 0.020714 0.010476
3 0.407143 0.466667 0.041429 0.028571
3 0.401786 0.495238 0.043571 0.032381
3 0.399286 0.519524 0.042857 0.033333
3 0.390000 0.544762 0.040000 0.030476
3 0.371071 0.618571 0.042143 0.033333
3 0.366071 0.646667 0.040714 0.028571
3 0.358929 0.678095 0.046429 0.032381
3 0.357143 0.706190 0.042857 0.029524
3 0.352857 0.736190 0.047143 0.036190
3 0.345357 0.766667 0.043571 0.034286
4 0.337857 0.795714 0.045714 0.029524
3 0.331786 0.823333 0.045000 0.027619
3 0.329286 0.854286 0.044286 0.032381
