6 0.339770 0.934137 0.062630 0.064935
9 0.399008 0.974490 0.036013 0.041744
9 0.441806 0.982375 0.022443 0.033395
6 0.378653 0.579777 0.020355 0.055659
0 0.399269 0.608071 0.009395 0.043599
0 0.396399 0.602041 0.008873 0.038961
9 0.424322 0.630798 0.022965 0.027829
6 0.390919 0.655844 0.040710 0.053803
1 0.417015 0.661410 0.007307 0.022263
1 0.449113 0.674861 0.017223 0.025046
0 0.482255 0.696197 0.014614 0.038033
0 0.476253 0.678108 0.010960 0.033395
5 0.427975 0.583488 0.031315 0.079777
7 0.455898 0.565863 0.022443 0.068646
5 0.463205 0.513915 0.024530 0.074212
0 0.436587 0.480056 0.009916 0.038033
1 0.437630 0.519481 0.012004 0.022263
9 0.481733 0.439703 0.006263 0.025974
9 0.488257 0.441558 0.007829 0.025974
3 0.554280 0.524119 0.029228 0.070501
0 0.500261 0.423006 0.008873 0.031540
3 0.568633 0.392857 0.030793 0.045455
0 0.708768 0.788961 0.013570 0.051020
0 0.662578 0.563544 0.010960 0.023191
6 0.670146 0.567254 0.014614 0.041744
7 0.624478 0.527829 0.018267 0.063080
1 0.603601 0.547774 0.009916 0.021336
1 0.603862 0.543135 0.010438 0.028757
9 0.603862 0.546846 0.008351 0.032468
1 0.586639 0.442022 0.007307 0.028757
1 0.669885 0.427644 0.008873 0.029685
1 0.651096 0.406308 0.009916 0.029685
1 0.589248 0.383117 0.009395 0.025974
9 0.670407 0.433210 0.016180 0.022263
9 0.650835 0.410946 0.017745 0.020408
9 0.586639 0.443414 0.010438 0.025974
9 0.589248 0.386364 0.009395 0.026902
2 0.720772 0.384045 0.006263 0.025974
6 0.693372 0.382653 0.020355 0.047310
9 0.673539 0.340909 0.006785 0.023191
6 0.577244 0.350186 0.015658 0.038033
7 0.590031 0.345547 0.017223 0.045455
6 0.596033 0.329777 0.010438 0.032468
0 0.520877 0.299629 0.007307 0.025974
2 0.603079 0.319109 0.012004 0.016698
9 0.602035 0.311224 0.007829 0.019481
9 0.607255 0.352505 0.010960 0.020408
1 0.612213 0.356215 0.007307 0.018553
0 0.611169 0.341837 0.006263 0.023191
1 0.617954 0.342764 0.007307 0.017625
1 0.624739 0.340909 0.007307 0.021336
9 0.618998 0.336271 0.007307 0.015770
9 0.602557 0.275510 0.009916 0.020408
7 0.590292 0.243506 0.008351 0.026902
7 0.600209 0.244434 0.010438 0.023191
0 0.594990 0.224954 0.004175 0.023191
9 0.611691 0.213822 0.007307 0.017625
4 0.534186 0.232839 0.015136 0.035250
0 0.526879 0.193414 0.004697 0.019481
0 0.520616 0.192022 0.003653 0.018553
7 0.513309 0.184137 0.008873 0.023191
3 0.531315 0.196660 0.016701 0.024119
6 0.638831 0.359462 0.025052 0.025046
7 0.562891 0.185065 0.009916 0.021336
7 0.580115 0.183673 0.007829 0.022263
6 0.574113 0.191095 0.007307 0.016698
6 0.561065 0.164193 0.008351 0.020408
9 0.548017 0.170223 0.005219 0.013915
9 0.588205 0.189239 0.005219 0.012987
9 0.594207 0.188776 0.005741 0.013915
9 0.592641 0.195733 0.004697 0.012987
9 0.618998 0.168367 0.009395 0.012059
1 0.595251 0.186456 0.004697 0.016698
1 0.589248 0.187384 0.004175 0.016698
1 0.572286 0.186920 0.004697 0.017625
1 0.548017 0.167440 0.004175 0.015770
0 0.584029 0.185529 0.004175 0.016698
0 0.594729 0.150278 0.004697 0.018553
7 0.591336 0.151206 0.011482 0.024119
4 0.541493 0.137755 0.010960 0.025046
8 0.508351 0.140538 0.048017 0.043599
3 0.454332 0.228200 0.028706 0.027829
6 0.473643 0.208720 0.014092 0.016698
9 0.460856 0.208720 0.009395 0.011132
9 0.461117 0.204082 0.009916 0.011132
9 0.461900 0.202226 0.009395 0.014842
9 0.462161 0.198980 0.007829 0.017625
9 0.465031 0.196660 0.006263 0.011132
9 0.468163 0.180891 0.011482 0.012987
2 0.468163 0.184601 0.009395 0.012987
0 0.474687 0.185529 0.004697 0.018553
0 0.471555 0.153525 0.003653 0.013915
0 0.480428 0.148423 0.003653 0.016698
0 0.489301 0.179963 0.003653 0.016698
1 0.489562 0.173933 0.002088 0.010204
7 0.497912 0.179035 0.013570 0.020408
4 0.488518 0.266698 0.029228 0.030612
3 0.491127 0.257885 0.036534 0.029685
6 0.535752 0.132189 0.007829 0.019481
5 0.521921 0.125696 0.015658 0.023191
6 0.561065 0.103432 0.009395 0.015770
6 0.597338 0.121058 0.006785 0.015770
0 0.604123 0.119666 0.003653 0.011132
0 0.550626 0.101577 0.004175 0.010204
9 0.550626 0.106679 0.005219 0.012987
6 0.541232 0.099722 0.005219 0.010204
9 0.524530 0.104360 0.007307 0.008349
4 0.508090 0.101577 0.010960 0.019481
6 0.483820 0.095083 0.007307 0.015770
0 0.512526 0.088590 0.004175 0.013915
9 0.524269 0.092764 0.003653 0.011132
1 0.518267 0.089518 0.003132 0.008349
9 0.516441 0.093228 0.003653 0.010204
6 0.544102 0.090909 0.008873 0.016698
6 0.579854 0.097866 0.008351 0.017625
9 0.604384 0.136827 0.006263 0.010204
9 0.605167 0.127551 0.005741 0.006494
9 0.603601 0.097866 0.003653 0.010204
7 0.587422 0.097403 0.008873 0.020408
3 0.519311 0.065863 0.007307 0.014842
8 0.559760 0.056122 0.009916 0.023191
3 0.576200 0.056586 0.007307 0.014842
3 0.540710 0.044063 0.007307 0.010204
3 0.552453 0.029685 0.005741 0.009276
3 0.550887 0.038961 0.007829 0.011132
4 0.558194 0.025046 0.005741 0.012987
3 0.554280 0.020872 0.005219 0.008349
3 0.553497 0.019481 0.005741 0.009276
9 0.524269 0.054267 0.004697 0.008349
1 0.531837 0.049629 0.003132 0.008349
9 0.531576 0.051020 0.004697 0.007421
0 0.591858 0.073284 0.002088 0.011132
0 0.590553 0.068182 0.002610 0.010204
0 0.593685 0.070965 0.002610 0.012059
0 0.601514 0.069109 0.002610 0.013915
7 0.580115 0.077458 0.009916 0.013915
1 0.572808 0.046382 0.002610 0.005566
9 0.572808 0.047310 0.002610 0.005566
1 0.574374 0.030148 0.002610 0.006494
1 0.563152 0.025510 0.002088 0.006494
9 0.574113 0.031540 0.003132 0.007421
9 0.563152 0.026438 0.003132 0.006494
7 0.544885 0.025046 0.006263 0.012987
7 0.545407 0.014842 0.005219 0.011132
7 0.570459 0.015770 0.004175 0.011132
4 0.575939 0.012059 0.005741 0.011132
4 0.556106 0.011596 0.006785 0.008349
9 0.860386 0.373377 0.010960 0.025046
9 0.896660 0.377087 0.016701 0.026902
9 0.969990 0.408627 0.012004 0.025046
