3 0.982857 0.937619 0.034286 0.044762
3 0.918929 0.949048 0.065000 0.044762
3 0.857500 0.958571 0.060714 0.040952
3 0.875714 0.921429 0.060000 0.039048
1 0.754286 0.950952 0.010000 0.029524
9 0.753929 0.958095 0.022143 0.020952
3 0.781071 0.616190 0.012143 0.009524
3 0.765357 0.611429 0.010714 0.007619
3 0.753214 0.608095 0.012143 0.008571
3 0.778929 0.605238 0.006429 0.006667
3 0.991786 0.679048 0.015000 0.013333
3 0.981429 0.655714 0.017143 0.008571
3 0.970714 0.652381 0.015714 0.009524
3 0.959286 0.650952 0.014286 0.010476
3 0.921786 0.657619 0.017857 0.014286
3 0.474286 0.707619 0.012857 0.015238
1 0.513571 0.666667 0.002857 0.005714
2 0.512857 0.670476 0.004286 0.009524
3 0.460357 0.676190 0.010714 0.013333
3 0.463571 0.641905 0.007143 0.009524
3 0.447143 0.633810 0.008571 0.010476
3 0.449643 0.619048 0.007857 0.009524
3 0.452857 0.611905 0.005714 0.008571
3 0.435357 0.618571 0.006429 0.008571
3 0.432500 0.596667 0.005000 0.006667
3 0.426786 0.588571 0.005000 0.007619
3 0.424286 0.579524 0.004286 0.004762
0 0.462500 0.593810 0.002143 0.006667
0 0.459286 0.591429 0.001429 0.005714
3 0.456071 0.576667 0.007857 0.004762
5 0.462500 0.569524 0.010714 0.007619
5 0.467857 0.570952 0.011429 0.006667
3 0.418571 0.552857 0.002857 0.002857
3 0.440000 0.570000 0.005714 0.004762
3 0.391071 0.538571 0.002143 0.002857
3 0.386429 0.540476 0.002857 0.002857
3 0.385000 0.549048 0.002857 0.002857
3 0.385000 0.551905 0.002857 0.002857
3 0.392857 0.554762 0.002857 0.002857
3 0.379643 0.575714 0.005000 0.004762
1 0.393571 0.577619 0.001429 0.002857
9 0.393571 0.578571 0.001429 0.006667
5 0.369286 0.580952 0.005714 0.007619
3 0.379286 0.595714 0.005714 0.006667
3 0.361071 0.593810 0.006429 0.006667
8 0.349643 0.609524 0.009286 0.015238
3 0.346071 0.631429 0.009286 0.009524
5 0.375714 0.639048 0.008571 0.011429
3 0.339643 0.652381 0.010714 0.011429
3 0.332857 0.665238 0.012857 0.014286
3 0.320000 0.636190 0.010000 0.009524
3 0.315357 0.697619 0.015000 0.016190
3 0.372857 0.685714 0.011429 0.015238
3 0.373571 0.699048 0.011429 0.015238
3 0.360357 0.741905 0.015000 0.022857
3 0.367857 0.715238 0.014286 0.022857
3 0.359643 0.764762 0.015000 0.022857
3 0.351429 0.785238 0.021429 0.031429
3 0.341786 0.824286 0.020714 0.035238
3 0.333571 0.865714 0.025714 0.045714
3 0.322500 0.920476 0.029286 0.054286
3 0.280357 0.930000 0.035000 0.056190
