3 0.790357 0.942259 0.053571 0.112944
5 0.718214 0.607234 0.063571 0.133249
3 0.561071 0.437817 0.019286 0.025381
4 0.485357 0.428934 0.019286 0.035533
3 0.602143 0.439721 0.021429 0.031726
3 0.623929 0.436548 0.022143 0.032995
3 0.565000 0.364213 0.017143 0.030457
3 0.598929 0.383883 0.019286 0.026650
3 0.620714 0.376904 0.018571 0.027919
3 0.596071 0.315355 0.016429 0.021574
3 0.560357 0.291878 0.015000 0.020305
3 0.535714 0.313452 0.015714 0.020305
3 0.500000 0.267766 0.014286 0.017766
3 0.473929 0.223350 0.013571 0.020305
5 0.496429 0.208122 0.017143 0.030457
3 0.440357 0.210025 0.012143 0.013959
3 0.447143 0.203680 0.011429 0.016497
3 0.422500 0.194797 0.012143 0.016497
3 0.416429 0.179569 0.012857 0.016497
3 0.383929 0.132614 0.010714 0.011421
