0 0.042857 0.600000 0.007143 0.019048
0 0.041429 0.591905 0.008571 0.016190
9 0.043929 0.547143 0.007857 0.021905
9 0.055000 0.542857 0.008571 0.020952
9 0.066429 0.539048 0.008571 0.019048
0 0.270000 0.761429 0.007143 0.008571
1 0.278571 0.770476 0.008571 0.009524
3 0.550357 0.754286 0.045000 0.060952
0 0.377143 0.471905 0.007143 0.020000
0 0.460714 0.450000 0.004286 0.016190
0 0.529286 0.406190 0.004286 0.012381
0 0.521786 0.408571 0.005000 0.015238
0 0.488571 0.353333 0.004286 0.015238
0 0.476071 0.369524 0.003571 0.013333
0 0.541071 0.354762 0.003571 0.010476
9 0.517500 0.379048 0.015000 0.011429
3 0.605000 0.092857 0.017143 0.027619
4 0.648571 0.190476 0.020000 0.032381
0 0.638929 0.262857 0.002143 0.011429
0 0.637143 0.260000 0.004286 0.013333
0 0.612857 0.017619 0.002857 0.008571
0 0.609643 0.017619 0.003571 0.008571
3 0.631429 0.012857 0.014286 0.021905
9 0.702143 0.029048 0.005714 0.012381
1 0.703929 0.024762 0.003571 0.007619
1 0.701429 0.025714 0.002857 0.007619
4 0.621071 0.433810 0.033571 0.044762
9 0.605357 0.529524 0.009286 0.013333
9 0.723571 0.490952 0.011429 0.012381
3 0.638571 0.557619 0.032857 0.052381
3 0.607143 0.722857 0.035714 0.060952
4 0.754643 0.004762 0.020714 0.009524
4 0.820000 0.026667 0.020000 0.022857
3 0.775000 0.111429 0.020000 0.022857
3 0.842500 0.116667 0.023571 0.018095
3 0.825000 0.090952 0.018571 0.016190
3 0.793214 0.045714 0.010714 0.009524
3 0.811429 0.066190 0.012857 0.012381
3 0.872500 0.094762 0.020714 0.020000
3 0.884643 0.173810 0.025000 0.018095
3 0.937500 0.162381 0.030714 0.020000
3 0.892500 0.119524 0.025000 0.023810
3 0.856429 0.131429 0.024286 0.019048
3 0.834286 0.103810 0.022857 0.011429
9 0.771071 0.129048 0.005000 0.012381
0 0.920000 0.193810 0.004286 0.016190
0 0.923214 0.235714 0.009286 0.016190
0 0.962500 0.221905 0.006429 0.015238
0 0.912500 0.196667 0.003571 0.010476
1 0.771429 0.127143 0.004286 0.006667
1 0.722143 0.490000 0.005714 0.008571
1 0.605357 0.523810 0.006429 0.009524
