4 0.422500 0.705238 0.052143 0.117143
3 0.576071 0.555238 0.067857 0.120000
3 0.331429 0.733810 0.098571 0.153333
3 0.278929 0.704286 0.113571 0.151429
3 0.815000 0.392381 0.038571 0.078095
3 0.817500 0.295714 0.032143 0.060000
3 0.817500 0.219048 0.029286 0.045714
3 0.837500 0.159048 0.025000 0.032381
3 0.842857 0.134762 0.021429 0.029524
3 0.836071 0.104762 0.023571 0.038095
3 0.864643 0.020000 0.016429 0.024762
3 0.990000 0.024286 0.020000 0.021905
3 0.993929 0.205714 0.012143 0.032381
3 0.608214 0.448571 0.057857 0.081905
3 0.494643 0.320476 0.066429 0.052381
3 0.491786 0.285238 0.066429 0.042857
3 0.514643 0.260476 0.063571 0.044762
3 0.437857 0.242857 0.050000 0.045714
3 0.402500 0.926190 0.119286 0.145714
3 0.044286 0.563810 0.088571 0.104762
3 0.018214 0.533810 0.036429 0.080952
0 0.053214 0.813810 0.046429 0.054286
2 0.239643 0.583333 0.033571 0.042857
9 0.281786 0.608095 0.040714 0.037143
6 0.208571 0.572381 0.030000 0.034286
0 0.598571 0.799524 0.018571 0.061905
0 0.662500 0.697143 0.022143 0.051429
0 0.597143 0.732381 0.022857 0.049524
0 0.623571 0.750476 0.018571 0.053333
0 0.629286 0.718095 0.015714 0.055238
1 0.643929 0.753810 0.020714 0.044762
3 0.655714 0.089048 0.047143 0.037143
