3 0.617143 0.946701 0.097143 0.104061
4 0.718571 0.802665 0.091429 0.151015
8 0.531786 0.882614 0.153571 0.232234
3 0.668214 0.712563 0.093571 0.145939
0 0.009643 0.883249 0.019286 0.017766
0 0.016071 0.894036 0.025000 0.021574
0 0.011071 0.863579 0.020714 0.019036
0 0.031429 0.880076 0.024286 0.016497
0 0.058571 0.838198 0.024286 0.026650
0 0.108571 0.762690 0.022857 0.030457
0 0.116071 0.779188 0.020714 0.027919
0 0.142857 0.659898 0.015714 0.040609
0 0.150357 0.647843 0.019286 0.029188
0 0.190000 0.594543 0.024286 0.039340
0 0.196071 0.689721 0.020714 0.034264
0 0.190357 0.675127 0.017857 0.030457
0 0.188214 0.671954 0.019286 0.039340
0 0.203571 0.635152 0.017143 0.031726
0 0.217143 0.657995 0.012857 0.031726
0 0.226071 0.673223 0.017857 0.031726
0 0.231429 0.614848 0.017143 0.031726
0 0.277143 0.625000 0.021429 0.031726
0 0.247857 0.562817 0.021429 0.036802
0 0.285357 0.555838 0.019286 0.040609
0 0.293214 0.567893 0.020714 0.039340
0 0.295714 0.597081 0.015714 0.039340
0 0.318929 0.615482 0.016429 0.032995
0 0.318929 0.626904 0.012143 0.043147
0 0.328929 0.491117 0.012143 0.035533
0 0.345357 0.586929 0.013571 0.034264
0 0.347500 0.592005 0.013571 0.036802
1 0.362857 0.574239 0.010000 0.016497
0 0.356429 0.493655 0.012857 0.040609
0 0.359643 0.512690 0.012143 0.035533
0 0.370714 0.496193 0.015714 0.035533
0 0.370000 0.451777 0.012857 0.035533
0 0.375357 0.477157 0.010714 0.030457
0 0.383214 0.513325 0.013571 0.041878
0 0.391071 0.512690 0.010714 0.035533
0 0.402143 0.522208 0.014286 0.034264
0 0.305357 0.465102 0.012143 0.034264
0 0.367857 0.406091 0.008571 0.048223
0 0.393571 0.444162 0.010000 0.035533
0 0.408571 0.451777 0.008571 0.032995
0 0.416786 0.472716 0.015000 0.039340
0 0.435000 0.484772 0.017143 0.043147
0 0.444643 0.389594 0.012143 0.027919
0 0.447500 0.398477 0.010714 0.038071
0 0.537500 0.422589 0.009286 0.048223
1 0.568571 0.443528 0.010000 0.026650
0 0.555357 0.341371 0.012143 0.027919
0 0.581786 0.349619 0.013571 0.036802
0 0.672500 0.413071 0.010714 0.036802
0 0.641071 0.379442 0.013571 0.043147
0 0.689286 0.406091 0.014286 0.035533
0 0.696071 0.387056 0.013571 0.040609
0 0.707143 0.378807 0.014286 0.034264
0 0.624643 0.243020 0.009286 0.039340
0 0.632143 0.251269 0.011429 0.043147
0 0.675357 0.321701 0.009286 0.031726
0 0.681071 0.322335 0.007857 0.027919
0 0.686071 0.311548 0.009286 0.041878
0 0.688571 0.324873 0.008571 0.025381
0 0.837500 0.073604 0.016429 0.038071
4 0.878214 0.073604 0.069286 0.104061
0 0.728214 0.133883 0.010714 0.036802
0 0.730714 0.336929 0.014286 0.034264
0 0.730000 0.318528 0.015714 0.035533
0 0.733214 0.308376 0.012143 0.035533
1 0.732143 0.258249 0.015714 0.031726
0 0.656071 0.175127 0.013571 0.035533
0 0.668214 0.169416 0.012143 0.036802
0 0.713929 0.107868 0.010714 0.040609
0 0.716786 0.117386 0.009286 0.036802
0 0.705000 0.168147 0.011429 0.049492
0 0.714643 0.176396 0.013571 0.035533
0 0.703214 0.193528 0.013571 0.039340
0 0.885357 0.706853 0.023571 0.035533
0 0.985714 0.864848 0.028571 0.041878
