0 0.976429 0.503810 0.027143 0.038095
0 0.973214 0.495714 0.017857 0.037143
0 0.979286 0.484762 0.015714 0.030476
0 0.958929 0.468571 0.023571 0.038095
0 0.979643 0.467619 0.022143 0.032381
0 0.977857 0.463810 0.018571 0.034286
0 0.921429 0.450476 0.021429 0.034286
0 0.852143 0.480000 0.022857 0.034286
0 0.985000 0.440952 0.020000 0.036190
0 0.967857 0.424286 0.017143 0.033333
0 0.989286 0.400952 0.020000 0.036190
0 0.973571 0.387143 0.014286 0.033333
0 0.963214 0.390952 0.012143 0.027619
0 0.967143 0.367619 0.011429 0.028571
0 0.986429 0.380000 0.017143 0.030476
0 0.819286 0.449048 0.022857 0.035238
0 0.806429 0.437619 0.017143 0.033333
0 0.761429 0.462857 0.018571 0.036190
0 0.756786 0.455238 0.019286 0.032381
0 0.731071 0.471905 0.017857 0.037143
0 0.730000 0.459524 0.021429 0.037143
0 0.725714 0.445238 0.012857 0.037143
0 0.685000 0.465714 0.014286 0.032381
0 0.681071 0.459048 0.015000 0.030476
0 0.636071 0.447143 0.016429 0.033333
0 0.620357 0.440476 0.015000 0.035238
0 0.613214 0.414286 0.010714 0.034286
0 0.829286 0.290000 0.008571 0.020000
0 0.824286 0.289048 0.008571 0.021905
0 0.796429 0.300000 0.011429 0.030476
0 0.780357 0.317619 0.010714 0.027619
0 0.770714 0.307619 0.012857 0.028571
0 0.785714 0.310000 0.011429 0.029524
0 0.787143 0.301905 0.011429 0.024762
0 0.784643 0.294762 0.010714 0.027619
3 0.578214 0.291429 0.049286 0.038095
9 0.562857 0.566190 0.030000 0.040952
1 0.560714 0.563333 0.012857 0.039048
1 0.564286 0.558571 0.012857 0.040952
1 0.570357 0.556190 0.010714 0.041905
0 0.548214 0.535714 0.006429 0.035238
0 0.542857 0.530476 0.010000 0.043810
0 0.553571 0.492381 0.014286 0.034286
0 0.550357 0.477619 0.010714 0.037143
0 0.539643 0.471429 0.010714 0.038095
0 0.483214 0.539524 0.016429 0.039048
0 0.482857 0.531905 0.010000 0.037143
0 0.459643 0.575238 0.015000 0.032381
0 0.463929 0.569048 0.015000 0.033333
0 0.435000 0.563810 0.015714 0.034286
0 0.428571 0.546667 0.012857 0.030476
0 0.443214 0.546190 0.009286 0.037143
0 0.440357 0.539524 0.010714 0.033333
0 0.459643 0.519048 0.017857 0.034286
0 0.426071 0.530000 0.010714 0.035238
0 0.377500 0.552381 0.019286 0.041905
0 0.390357 0.541905 0.016429 0.040000
0 0.392143 0.518095 0.015714 0.041905
0 0.413571 0.517143 0.017143 0.038095
0 0.409286 0.503333 0.011429 0.035238
0 0.392857 0.510476 0.012857 0.040000
0 0.349643 0.576667 0.023571 0.037143
0 0.345000 0.560476 0.015714 0.040952
0 0.335714 0.519048 0.017143 0.036190
0 0.340714 0.503333 0.012857 0.035238
0 0.341429 0.486190 0.017143 0.035238
0 0.306071 0.546667 0.013571 0.038095
0 0.311071 0.541905 0.017857 0.036190
0 0.279643 0.517619 0.019286 0.035238
0 0.286786 0.509524 0.019286 0.038095
0 0.235714 0.471429 0.011429 0.028571
0 0.252500 0.460952 0.016429 0.032381
0 0.249643 0.609524 0.025000 0.038095
0 0.263214 0.598571 0.025000 0.035238
0 0.261071 0.587619 0.019286 0.040000
0 0.261071 0.576190 0.020714 0.040000
0 0.223571 0.577619 0.017143 0.033333
0 0.226786 0.568095 0.023571 0.031429
0 0.225000 0.557143 0.018571 0.038095
0 0.247500 0.700000 0.030714 0.043810
0 0.229286 0.686190 0.017143 0.037143
0 0.228929 0.676667 0.017857 0.035238
0 0.443571 0.653810 0.025714 0.040952
0 0.143214 0.700000 0.035000 0.043810
0 0.163214 0.571905 0.019286 0.035238
0 0.119286 0.582381 0.021429 0.035238
0 0.103214 0.610000 0.026429 0.035238
0 0.109643 0.594286 0.023571 0.036190
0 0.061786 0.576190 0.032143 0.040000
0 0.065357 0.563333 0.025000 0.035238
0 0.037500 0.567143 0.029286 0.039048
0 0.055714 0.453810 0.020000 0.037143
0 0.066429 0.443810 0.024286 0.034286
0 0.122143 0.471429 0.017143 0.036190
0 0.130000 0.463810 0.017143 0.034286
0 0.220714 0.366190 0.010000 0.025714
0 0.224286 0.361905 0.010000 0.024762
0 0.200714 0.347143 0.011429 0.023810
0 0.185000 0.355238 0.011429 0.024762
0 0.061071 0.400952 0.023571 0.032381
0 0.090000 0.371905 0.018571 0.027619
0 0.067500 0.366190 0.015000 0.023810
0 0.040714 0.409048 0.018571 0.033333
0 0.024286 0.394286 0.017143 0.028571
0 0.032500 0.383333 0.019286 0.031429
0 0.043571 0.375714 0.018571 0.029524
0 0.034643 0.366190 0.017857 0.033333
0 0.035000 0.355238 0.020000 0.032381
0 0.019286 0.372381 0.015714 0.030476
0 0.017143 0.347143 0.014286 0.029524
0 0.008929 0.359524 0.015000 0.033333
0 0.236429 0.268095 0.008571 0.021905
0 0.245357 0.264286 0.007857 0.021905
0 0.263571 0.226667 0.008571 0.024762
0 0.269643 0.226190 0.009286 0.021905
0 0.286429 0.218571 0.007143 0.021905
0 0.291071 0.225714 0.007857 0.022857
0 0.231429 0.212857 0.010000 0.021905
0 0.244286 0.214762 0.010000 0.020000
0 0.345714 0.199524 0.008571 0.020000
0 0.377857 0.191429 0.010000 0.019048
0 0.396786 0.185714 0.006429 0.019048
0 0.402143 0.187143 0.007143 0.020000
0 0.420714 0.180000 0.008571 0.019048
9 0.450357 0.196667 0.007857 0.018095
1 0.450714 0.190952 0.005714 0.014286
0 0.478571 0.185238 0.007143 0.020000
0 0.484286 0.194286 0.008571 0.022857
9 0.445000 0.170476 0.008571 0.013333
1 0.446071 0.165714 0.005000 0.013333
1 0.444286 0.161429 0.004286 0.012381
0 0.494286 0.191429 0.008571 0.022857
0 0.505714 0.198095 0.007143 0.024762
0 0.510000 0.196190 0.005714 0.024762
0 0.518929 0.185714 0.006429 0.022857
0 0.527143 0.188095 0.007143 0.020000
0 0.532500 0.176190 0.007857 0.022857
0 0.416071 0.161905 0.005000 0.017143
0 0.419643 0.162381 0.005000 0.018095
0 0.428571 0.145238 0.005714 0.020000
0 0.423929 0.145714 0.005000 0.020952
0 0.420357 0.145714 0.005000 0.022857
0 0.414643 0.148095 0.005000 0.018095
0 0.409643 0.149524 0.005000 0.019048
0 0.367857 0.117143 0.005714 0.019048
0 0.372500 0.118095 0.005000 0.019048
3 0.372857 0.040000 0.010000 0.011429
1 0.383214 0.086667 0.005000 0.011429
2 0.383214 0.090000 0.005000 0.010476
0 0.386786 0.065714 0.005000 0.011429
0 0.382143 0.066667 0.004286 0.011429
2 0.160357 0.285238 0.019286 0.016190
9 0.150357 0.290476 0.013571 0.017143
