3 0.397500 0.588198 0.012143 0.026650
3 0.404643 0.519670 0.009286 0.021574
3 0.414643 0.421954 0.006429 0.013959
3 0.408571 0.403553 0.007143 0.012690
3 0.452143 0.340736 0.005714 0.011421
3 0.450357 0.297589 0.005000 0.011421
3 0.442500 0.288706 0.003571 0.008883
3 0.451786 0.273477 0.005000 0.011421
3 0.426429 0.232868 0.004286 0.008883
3 0.452500 0.223350 0.003571 0.010152
4 0.443929 0.419416 0.007857 0.019036
4 0.422143 0.576142 0.011429 0.032995
3 0.479643 0.590102 0.013571 0.025381
8 0.462500 0.523477 0.009286 0.039340
4 0.425714 0.503807 0.008571 0.027919
8 0.391786 0.382614 0.010714 0.041878
4 0.575000 0.597716 0.025714 0.022843
4 0.622857 0.591371 0.025714 0.022843
4 0.754286 0.577411 0.027143 0.022843
4 0.806786 0.575508 0.026429 0.026650
4 0.777857 0.575508 0.024286 0.019036
5 0.380357 0.581218 0.019286 0.045685
3 0.395000 0.430838 0.008571 0.016497
