1 0.425250 0.975333 0.033500 0.049333
9 0.424500 0.979000 0.039000 0.042000
9 0.290750 0.967000 0.043500 0.066000
0 0.300250 0.960333 0.034500 0.063333
1 0.212750 0.929667 0.038500 0.046000
2 0.141750 0.848333 0.021500 0.058000
1 0.117750 0.779667 0.030500 0.028667
1 0.124500 0.740333 0.032000 0.042000
0 0.259250 0.578000 0.017500 0.048000
4 0.711500 0.709667 0.161000 0.120667
4 0.734750 0.667333 0.133500 0.106667
4 0.489750 0.605000 0.090500 0.060667
4 0.229500 0.533333 0.056000 0.086667
4 0.351500 0.508000 0.089000 0.085333
4 0.307250 0.499667 0.088500 0.075333
9 0.618250 0.569667 0.036500 0.044667
0 0.878750 0.531333 0.017500 0.042667
0 0.900750 0.572000 0.012500 0.017333
0 0.897500 0.585667 0.026000 0.048667
0 0.889250 0.544000 0.021500 0.048000
2 0.832000 0.536333 0.039000 0.039333
0 0.786000 0.512000 0.015000 0.025333
0 0.696500 0.460667 0.009000 0.034667
0 0.666500 0.448333 0.011000 0.038000
0 0.647250 0.434667 0.012500 0.037333
0 0.605750 0.450000 0.013500 0.029333
0 0.592500 0.438000 0.011000 0.038667
0 0.584500 0.454667 0.011000 0.034667
9 0.598250 0.457333 0.026500 0.020000
0 0.508000 0.397333 0.013000 0.040000
4 0.589000 0.500000 0.093000 0.102667
4 0.550750 0.480333 0.081500 0.082000
4 0.538250 0.411000 0.059500 0.055333
4 0.520250 0.452000 0.067500 0.069333
4 0.458750 0.428667 0.070500 0.060000
6 0.501000 0.442000 0.041000 0.033333
6 0.437000 0.479667 0.031000 0.046000
1 0.330500 0.384333 0.011000 0.019333
1 0.343250 0.433333 0.011500 0.034667
0 0.312750 0.462333 0.012500 0.031333
1 0.315000 0.450333 0.010000 0.036667
1 0.273750 0.419333 0.014500 0.017333
1 0.277000 0.404000 0.013000 0.020000
1 0.097750 0.613000 0.025500 0.032667
3 0.291250 0.231000 0.033500 0.020667
0 0.294000 0.284667 0.007000 0.025333
3 0.281500 0.255667 0.040000 0.022000
3 0.247750 0.262667 0.036500 0.024000
5 0.194000 0.210333 0.081000 0.051333
4 0.203750 0.270667 0.048500 0.032000
3 0.165250 0.269667 0.041500 0.023333
3 0.149250 0.283333 0.056500 0.026667
3 0.119500 0.299000 0.031000 0.031333
3 0.128250 0.329333 0.042500 0.041333
4 0.149750 0.349667 0.037500 0.052667
3 0.172000 0.391333 0.064000 0.042667
4 0.178250 0.436333 0.050500 0.062000
0 0.136750 0.579000 0.019500 0.054000
0 0.166750 0.562333 0.020500 0.048667
0 0.140750 0.555667 0.019500 0.044667
0 0.173000 0.488667 0.018000 0.044000
0 0.081000 0.572333 0.028000 0.050000
0 0.120000 0.533667 0.023000 0.046000
0 0.045750 0.537000 0.018500 0.044667
0 0.079250 0.503667 0.018500 0.043333
0 0.047750 0.494000 0.010500 0.033333
0 0.118000 0.464000 0.020000 0.045333
0 0.104250 0.461333 0.019500 0.045333
4 0.036000 0.510000 0.072000 0.086667
0 0.081000 0.405667 0.014000 0.034000
2 0.083750 0.409333 0.019500 0.026667
9 0.124250 0.406667 0.017500 0.029333
1 0.127000 0.401333 0.020000 0.037333
3 0.014250 0.396333 0.028500 0.040667
3 0.019250 0.383667 0.038500 0.031333
3 0.025250 0.312667 0.050500 0.028000
4 0.015000 0.331000 0.030000 0.047333
