3 0.335000 0.457000 0.065000 0.031333
3 0.497250 0.473000 0.062500 0.031333
3 0.579500 0.469333 0.062000 0.030667
3 0.662750 0.471667 0.065500 0.031333
3 0.888250 0.473333 0.069500 0.032000
3 0.643250 0.591000 0.062500 0.031333
3 0.717000 0.588333 0.062000 0.031333
3 0.803500 0.590667 0.067000 0.033333
3 0.875000 0.596333 0.060000 0.031333
3 0.560500 0.592333 0.060000 0.032667
3 0.523500 0.527000 0.062000 0.031333
3 0.481000 0.587000 0.062000 0.038000
3 0.260500 0.586667 0.064000 0.038667
3 0.184750 0.587000 0.067500 0.050000
3 0.105500 0.589333 0.069000 0.036000
3 0.059750 0.464333 0.062500 0.031333
3 0.139750 0.467667 0.062500 0.034000
3 0.148500 0.420000 0.058000 0.040000
3 0.701750 0.276000 0.029500 0.089333
4 0.456500 0.129000 0.050000 0.068667
4 0.127500 0.530000 0.072000 0.036000
4 0.397750 0.593667 0.059500 0.043333
4 0.327000 0.591667 0.051000 0.031333
3 0.965750 0.470667 0.057500 0.030667
4 0.804500 0.469333 0.052000 0.029333
4 0.739750 0.469667 0.057500 0.031333
3 0.027500 0.591667 0.055000 0.034000
0 0.429250 0.103667 0.006500 0.016667
0 0.428250 0.091333 0.004500 0.010667
0 0.379250 0.273333 0.008500 0.016000
0 0.617750 0.079667 0.008500 0.024667
