3 0.421071 0.364848 0.013571 0.021574
3 0.422143 0.562817 0.017143 0.039340
3 0.429286 0.649112 0.018571 0.044416
3 0.373571 0.862944 0.027143 0.065990
3 0.460714 0.369289 0.012857 0.025381
3 0.413214 0.408629 0.013571 0.025381
3 0.399286 0.460660 0.014286 0.027919
3 0.431429 0.324873 0.011429 0.020305
3 0.439286 0.298858 0.011429 0.019036
3 0.485000 0.271574 0.010000 0.017766
3 0.508214 0.205584 0.007857 0.017766
3 0.462143 0.208122 0.008571 0.012690
3 0.476071 0.195431 0.007857 0.015228
3 0.477500 0.162437 0.006429 0.015228
3 0.526071 0.166878 0.012143 0.016497
3 0.465000 0.240482 0.008571 0.019036
3 0.466071 0.142766 0.006429 0.013959
3 0.479286 0.130711 0.005714 0.012690
3 0.446786 0.048223 0.006429 0.007614
3 0.449286 0.064086 0.007143 0.008883
3 0.424643 0.018401 0.006429 0.006345
4 0.405357 0.014594 0.007857 0.008883
4 0.518571 0.149746 0.008571 0.020305
4 0.488571 0.322970 0.011429 0.026650
4 0.435000 0.493020 0.014286 0.041878
4 0.394286 0.645305 0.024286 0.052030
4 0.255714 0.962563 0.034286 0.072335
8 0.305714 0.758883 0.058571 0.164975
0 0.243214 0.793782 0.007857 0.026650
0 0.238571 0.792513 0.005714 0.021574
0 0.391071 0.406091 0.003571 0.015228
0 0.385357 0.404822 0.005000 0.015228
0 0.381429 0.406726 0.002857 0.016497
0 0.387143 0.402919 0.005714 0.021574
8 0.382500 0.507614 0.022143 0.055838
