1 0.272182 0.808442 0.015136 0.032468
9 0.297495 0.892857 0.031315 0.036178
3 0.281576 0.934601 0.086117 0.078850
9 0.290188 0.980056 0.038622 0.038033
0 0.334029 0.796382 0.010438 0.039889
9 0.303497 0.758813 0.024530 0.035250
9 0.304280 0.730983 0.026096 0.031540
9 0.306367 0.719852 0.021921 0.025974
9 0.307150 0.710111 0.021399 0.036178
9 0.339770 0.685065 0.021921 0.030612
1 0.335073 0.678571 0.009395 0.026902
1 0.339770 0.675325 0.012526 0.040816
9 0.318894 0.631262 0.020877 0.025046
9 0.321503 0.619202 0.021921 0.028757
0 0.437891 0.657236 0.010438 0.045455
7 0.382307 0.598330 0.031837 0.044527
7 0.416754 0.619666 0.020355 0.051948
3 0.386482 0.567718 0.024530 0.048237
3 0.460856 0.665584 0.025052 0.073284
1 0.486430 0.536642 0.008351 0.025046
9 0.486691 0.545455 0.009916 0.029685
8 0.392484 0.453154 0.085595 0.071429
3 0.384916 0.420686 0.020355 0.051020
5 0.411273 0.404917 0.025052 0.054731
6 0.433716 0.408163 0.012526 0.031540
4 0.446764 0.431818 0.017745 0.052876
7 0.446503 0.408627 0.013048 0.036178
9 0.470772 0.443878 0.008351 0.026902
1 0.469990 0.440631 0.005741 0.020408
6 0.406315 0.318182 0.013048 0.020408
3 0.378392 0.316790 0.016701 0.030612
6 0.338205 0.303803 0.013570 0.030612
9 0.389092 0.289889 0.007829 0.013915
9 0.402140 0.290816 0.003653 0.013915
6 0.429541 0.300557 0.008351 0.016698
6 0.431889 0.278757 0.010960 0.017625
0 0.396138 0.279221 0.005219 0.020408
0 0.393006 0.276438 0.004175 0.020408
9 0.388831 0.275046 0.007307 0.019481
9 0.426409 0.277829 0.007307 0.015770
9 0.445981 0.291744 0.006785 0.017625
1 0.445720 0.287106 0.003132 0.015770
9 0.424843 0.258349 0.005219 0.017625
3 0.459812 0.248609 0.012526 0.022263
1 0.476775 0.282468 0.003653 0.013915
6 0.476775 0.286178 0.004697 0.015770
9 0.372912 0.255566 0.008873 0.010204
9 0.372651 0.243043 0.009395 0.012987
3 0.386221 0.223098 0.011482 0.021336
6 0.442328 0.224954 0.004697 0.012059
1 0.441545 0.219852 0.004175 0.009276
9 0.377088 0.197124 0.007829 0.012059
9 0.385438 0.196197 0.003653 0.012059
9 0.390919 0.196197 0.006263 0.012059
9 0.385960 0.186456 0.009916 0.009276
9 0.387526 0.188776 0.004697 0.010204
9 0.382829 0.176252 0.007829 0.009276
9 0.386743 0.170223 0.006263 0.013915
6 0.389875 0.155844 0.006263 0.014842
0 0.420407 0.201763 0.003653 0.013915
7 0.424322 0.202690 0.007307 0.015770
3 0.412578 0.177180 0.008873 0.016698
7 0.423278 0.183210 0.005219 0.012059
7 0.421190 0.172078 0.005219 0.012059
3 0.424061 0.162801 0.008873 0.015770
3 0.463727 0.199443 0.009916 0.014842
0 0.432411 0.152597 0.003653 0.010204
0 0.434499 0.137291 0.003653 0.011132
1 0.439979 0.148887 0.002088 0.008349
1 0.449374 0.135900 0.003132 0.008349
1 0.450418 0.144712 0.003132 0.009276
1 0.433977 0.161874 0.003653 0.008349
1 0.454071 0.185065 0.003132 0.010204
9 0.454593 0.187384 0.004175 0.011132
9 0.434499 0.163729 0.003653 0.010204
9 0.439979 0.150278 0.003132 0.009276
9 0.450939 0.146104 0.004175 0.010204
9 0.449113 0.136827 0.003653 0.008349
9 0.433194 0.131262 0.003132 0.006494
1 0.432933 0.128942 0.002610 0.005566
9 0.461639 0.148887 0.006785 0.008349
9 0.465553 0.153061 0.004175 0.011132
7 0.468424 0.160946 0.005741 0.013915
7 0.463466 0.161874 0.009395 0.010204
7 0.462683 0.166048 0.007829 0.011132
7 0.461378 0.173933 0.006263 0.015770
7 0.469207 0.170223 0.009395 0.015770
7 0.471555 0.179499 0.008873 0.019481
4 0.465814 0.182282 0.008873 0.019481
0 0.474426 0.173006 0.003132 0.008349
0 0.477296 0.169759 0.004697 0.012987
0 0.501827 0.192022 0.002610 0.014842
0 0.475209 0.194805 0.003653 0.009276
7 0.477296 0.210111 0.008873 0.021336
7 0.476514 0.205009 0.012526 0.018553
0 0.489040 0.222635 0.003132 0.014842
0 0.495303 0.226345 0.003132 0.014842
0 0.490866 0.233766 0.003653 0.014842
7 0.483038 0.233766 0.009916 0.024119
7 0.487474 0.253247 0.011482 0.022263
0 0.490344 0.285250 0.006785 0.023191
0 0.500261 0.280148 0.004697 0.014842
9 0.510438 0.274583 0.005219 0.012987
9 0.524791 0.291744 0.004697 0.015770
7 0.490084 0.301484 0.014614 0.029685
7 0.500783 0.294063 0.012004 0.022263
7 0.493737 0.279685 0.024008 0.028757
6 0.504175 0.304267 0.007307 0.016698
9 0.504697 0.314935 0.010438 0.010204
9 0.506263 0.320501 0.010438 0.013915
6 0.530271 0.358534 0.013570 0.030612
0 0.523747 0.368738 0.004697 0.017625
2 0.560282 0.368738 0.009916 0.013915
9 0.549582 0.377551 0.014614 0.016698
9 0.546190 0.328386 0.010960 0.012987
1 0.504697 0.428108 0.006263 0.021336
0 0.500522 0.425325 0.006263 0.025046
9 0.504175 0.435065 0.006263 0.024119
9 0.503392 0.429499 0.013048 0.020408
7 0.539666 0.459184 0.019833 0.050093
9 0.552192 0.403061 0.008351 0.013915
9 0.584290 0.469388 0.008873 0.025974
9 0.603079 0.512059 0.017223 0.022263
7 0.551409 0.594620 0.019311 0.057514
2 0.625000 0.597403 0.022443 0.024119
0 0.646399 0.603896 0.006785 0.033395
1 0.597338 0.608071 0.008873 0.025046
1 0.581681 0.599258 0.012004 0.037106
1 0.569937 0.603432 0.010438 0.034323
9 0.568633 0.607607 0.010960 0.031540
9 0.580115 0.602505 0.010960 0.036178
9 0.581942 0.633581 0.013570 0.029685
9 0.645355 0.722635 0.010960 0.027829
9 0.649791 0.736085 0.012526 0.032468
0 0.633090 0.801020 0.010438 0.043599
9 0.629697 0.811224 0.027662 0.032468
4 0.498434 0.890074 0.037578 0.127087
7 0.588466 0.869666 0.033925 0.099258
7 0.643267 0.914657 0.027662 0.081633
7 0.662056 0.909091 0.029749 0.085343
2 0.721294 0.918367 0.013570 0.050093
0 0.652401 0.236549 0.006263 0.027829
9 0.385960 0.145176 0.005741 0.008349
9 0.385960 0.141929 0.006785 0.009276
3 0.398747 0.129406 0.008351 0.013915
0 0.399008 0.129870 0.002610 0.011132
7 0.408403 0.116883 0.004697 0.012987
7 0.411795 0.136827 0.006263 0.013915
3 0.421973 0.145640 0.007829 0.014842
4 0.427192 0.135900 0.007829 0.015770
3 0.422756 0.129870 0.008351 0.012987
3 0.420407 0.123840 0.007829 0.012059
3 0.421712 0.113636 0.007307 0.012059
3 0.419885 0.104824 0.005741 0.011132
4 0.446503 0.111781 0.006785 0.015770
7 0.440501 0.114100 0.004175 0.014842
4 0.442589 0.099258 0.005219 0.014842
0 0.430585 0.107607 0.002088 0.009276
0 0.429541 0.108534 0.002088 0.009276
0 0.427975 0.108071 0.002088 0.008349
0 0.426931 0.108998 0.003132 0.008349
3 0.415710 0.078386 0.006785 0.010204
7 0.441806 0.085807 0.004697 0.010204
4 0.422234 0.058905 0.008351 0.012059
4 0.413100 0.058905 0.008873 0.010204
4 0.410752 0.053803 0.005219 0.009276
7 0.437370 0.058442 0.004175 0.009276
6 0.431367 0.060297 0.004697 0.007421
8 0.451722 0.064471 0.015136 0.013915
0 0.432933 0.080241 0.002610 0.008349
7 0.432150 0.075603 0.005219 0.010204
7 0.424843 0.072356 0.007307 0.011132
3 0.420929 0.074212 0.005741 0.009276
7 0.419624 0.101113 0.009395 0.011132
4 0.421712 0.098330 0.005219 0.012987
4 0.424322 0.096011 0.005219 0.012059
1 0.426670 0.090445 0.001566 0.006494
1 0.427714 0.089981 0.002610 0.007421
9 0.427975 0.091373 0.005219 0.006494
