3 0.544102 0.871985 0.047495 0.194805
3 0.534186 0.644249 0.053758 0.156772
7 0.583507 0.380334 0.021921 0.064935
7 0.517484 0.364100 0.024530 0.067718
1 0.561065 0.283859 0.008351 0.035250
6 0.558716 0.297310 0.014092 0.043599
3 0.636743 0.089981 0.061587 0.053803
9 0.634134 0.149814 0.013570 0.047310
9 0.675626 0.156308 0.022443 0.025046
9 0.688152 0.165121 0.023486 0.024119
9 0.688152 0.307050 0.030793 0.029685
9 0.677975 0.376160 0.025052 0.030612
9 0.693111 0.449907 0.030271 0.027829
9 0.666232 0.628942 0.029749 0.050093
9 0.332463 0.814007 0.028184 0.058442
3 0.341075 0.274583 0.066284 0.064935
9 0.341858 0.199907 0.024008 0.030612
0 0.336117 0.169759 0.010438 0.033395
0 0.451200 0.105288 0.006785 0.032468
0 0.441284 0.101113 0.005741 0.038961
7 0.456681 0.069109 0.022965 0.071429
9 0.426148 0.374304 0.008873 0.041744
1 0.426409 0.361317 0.009395 0.030612
1 0.401618 0.872449 0.017223 0.039889
1 0.405793 0.840445 0.017223 0.029685
6 0.407359 0.859926 0.027662 0.113173
1 0.471555 0.709184 0.014092 0.030612
9 0.471033 0.706401 0.013048 0.056586
0 0.678497 0.489332 0.013570 0.026902
0 0.691545 0.523655 0.012526 0.038033
0 0.682150 0.568182 0.009395 0.038033
1 0.692067 0.540816 0.007307 0.027829
9 0.685021 0.065399 0.022443 0.034323
9 0.686065 0.056122 0.022443 0.025046
