4 0.076750 0.489333 0.030500 0.020000
5 0.106750 0.468333 0.038500 0.019333
5 0.138250 0.458333 0.030500 0.020667
5 0.168000 0.458000 0.027000 0.026667
3 0.566750 0.439333 0.008500 0.008000
3 0.566750 0.453000 0.012500 0.014000
3 0.564250 0.482333 0.015500 0.016667
3 0.599250 0.443000 0.008500 0.015333
3 0.603750 0.458333 0.011500 0.018000
3 0.606250 0.468333 0.010500 0.016667
3 0.607000 0.481000 0.009000 0.011333
3 0.558000 0.530333 0.018000 0.020667
3 0.557500 0.548333 0.019000 0.026000
3 0.556000 0.571333 0.018000 0.030667
3 0.558500 0.603333 0.029000 0.038667
3 0.555000 0.633667 0.026000 0.047333
3 0.611250 0.495667 0.011500 0.018000
3 0.613250 0.520667 0.017500 0.029333
4 0.620000 0.533333 0.017000 0.034667
4 0.550500 0.665000 0.024000 0.048667
4 0.544250 0.715667 0.038500 0.060667
3 0.626250 0.564333 0.018500 0.022000
3 0.631000 0.588667 0.022000 0.029333
3 0.660500 0.591333 0.021000 0.029333
3 0.660750 0.681667 0.035500 0.059333
3 0.542250 0.799667 0.038500 0.090000
3 0.530500 0.911000 0.046000 0.126000
3 0.676250 0.831667 0.047500 0.087333
3 0.625750 0.831667 0.042500 0.090000
3 0.708500 0.950333 0.069000 0.099333
3 0.847500 0.466333 0.020000 0.012667
0 0.978750 0.651000 0.013500 0.015333
0 0.032500 0.531667 0.004000 0.015333
0 0.240250 0.523667 0.005500 0.015333
0 0.246500 0.525667 0.007000 0.019333
0 0.291250 0.536333 0.005500 0.019333
0 0.264750 0.525667 0.002500 0.014000
0 0.251750 0.526333 0.005500 0.015333
0 0.342500 0.549000 0.005000 0.019333
0 0.458000 0.546333 0.007000 0.016667
0 0.473500 0.515667 0.003000 0.022000
0 0.417000 0.554667 0.004000 0.020000
0 0.423000 0.557000 0.004000 0.015333
0 0.660750 0.647000 0.008500 0.023333
0 0.569250 0.849667 0.013500 0.040667
0 0.574750 0.847667 0.007500 0.019333
0 0.524000 0.575333 0.004000 0.025333
0 0.131500 0.494333 0.006000 0.018000
5 0.042250 0.467667 0.034500 0.023333
4 0.078250 0.459000 0.027500 0.014000
4 0.046000 0.478333 0.021000 0.011333
4 0.073000 0.476333 0.025000 0.015333
4 0.199000 0.443667 0.021000 0.011333
4 0.233000 0.441000 0.028000 0.014000
4 0.249750 0.435667 0.017500 0.012667
4 0.292500 0.411000 0.026000 0.015333
3 0.316250 0.420667 0.009500 0.012000
3 0.338750 0.413667 0.016500 0.007333
3 0.324750 0.406667 0.009500 0.006667
3 0.360500 0.404667 0.019000 0.010667
3 0.340750 0.402333 0.010500 0.012667
3 0.312750 0.404000 0.010500 0.009333
3 0.567750 0.425667 0.008500 0.016667
3 0.597500 0.424333 0.007000 0.014000
3 0.594500 0.408667 0.007000 0.005333
3 0.570500 0.405333 0.007000 0.014667
3 0.571500 0.388000 0.009000 0.008000
0 0.245750 0.456333 0.005500 0.012667
0 0.262500 0.446667 0.007000 0.010667
0 0.437000 0.580667 0.008000 0.024000
0 0.491500 0.545000 0.007000 0.016667
1 0.527000 0.549333 0.010000 0.013333
