1 0.637500 0.010000 0.006429 0.012381
1 0.653571 0.074762 0.007143 0.016190
1 0.658214 0.154286 0.009286 0.013333
1 0.667143 0.189524 0.007143 0.017143
1 0.595000 0.240952 0.007143 0.019048
1 0.627857 0.405238 0.012857 0.016190
1 0.560000 0.403810 0.010000 0.020952
1 0.476429 0.320476 0.010000 0.021905
1 0.508214 0.177619 0.007857 0.021905
1 0.678571 0.506667 0.012857 0.020952
1 0.719286 0.671905 0.011429 0.029524
1 0.677857 0.718095 0.012857 0.022857
1 0.678571 0.729048 0.014286 0.023810
1 0.435714 0.824286 0.015714 0.033333
1 0.430714 0.837143 0.014286 0.030476
1 0.308214 0.694286 0.013571 0.024762
1 0.335000 0.830952 0.024286 0.027619
1 0.310357 0.819524 0.019286 0.023810
1 0.313214 0.803810 0.017857 0.024762
0 0.183214 0.901905 0.020714 0.041905
0 0.135000 0.900476 0.025714 0.033333
0 0.091786 0.815714 0.017857 0.029524
3 0.022857 0.887143 0.045714 0.065714
7 0.311786 0.941429 0.056429 0.117143
9 0.112500 0.775714 0.029286 0.040952
9 0.086071 0.792857 0.033571 0.054286
9 0.333214 0.832381 0.015000 0.060952
9 0.311429 0.822381 0.021429 0.071429
9 0.432857 0.840952 0.021429 0.076190
9 0.310357 0.700952 0.026429 0.047619
0 0.350357 0.588571 0.012143 0.036190
7 0.367143 0.807619 0.038571 0.110476
3 0.436071 0.673333 0.046429 0.125714
3 0.497857 0.691429 0.048571 0.127619
3 0.390714 0.604286 0.058571 0.098095
3 0.605357 0.834286 0.045000 0.133333
9 0.678929 0.731905 0.015000 0.052381
9 0.717500 0.680952 0.016429 0.045714
3 0.516429 0.572857 0.035714 0.082857
3 0.586071 0.547619 0.042143 0.106667
3 0.523929 0.474762 0.039286 0.084762
7 0.459286 0.542381 0.028571 0.069524
9 0.392857 0.473810 0.014286 0.035238
9 0.678214 0.514286 0.012143 0.038095
9 0.628214 0.411429 0.012143 0.036190
9 0.560000 0.414762 0.012857 0.035238
9 0.585000 0.371429 0.011429 0.043810
9 0.477143 0.326667 0.011429 0.034286
0 0.440714 0.403810 0.010000 0.036190
0 0.433571 0.396667 0.007143 0.031429
0 0.427143 0.397143 0.008571 0.024762
4 0.494643 0.375714 0.032143 0.079048
3 0.539643 0.381429 0.032143 0.075238
3 0.548929 0.310952 0.029286 0.065714
3 0.551786 0.234286 0.027857 0.057143
3 0.706429 0.327619 0.031429 0.062857
3 0.702857 0.266190 0.030000 0.054286
9 0.753571 0.255714 0.022857 0.025714
8 0.648214 0.299048 0.049286 0.139048
3 0.616429 0.201905 0.025714 0.049524
9 0.595000 0.250000 0.010000 0.029524
9 0.667143 0.196190 0.008571 0.030476
9 0.658571 0.162381 0.008571 0.027619
2 0.507857 0.182857 0.010000 0.030476
3 0.456429 0.255238 0.031429 0.055238
0 0.327143 0.210952 0.011429 0.018095
9 0.697500 0.151429 0.015000 0.026667
9 0.685000 0.086190 0.012857 0.027619
5 0.692857 0.120000 0.024286 0.047619
3 0.503929 0.054286 0.019286 0.032381
3 0.496071 0.086667 0.022143 0.032381
7 0.540357 0.049524 0.016429 0.045714
0 0.517500 0.062857 0.007857 0.026667
3 0.582143 0.056190 0.022857 0.043810
9 0.654643 0.081429 0.007857 0.021905
9 0.637500 0.016190 0.007857 0.022857
9 0.723929 0.108571 0.020714 0.019048
3 0.542143 0.117143 0.025714 0.047619
