3 0.642857 0.890476 0.045714 0.053333
3 0.667143 0.921905 0.042857 0.057143
9 0.621786 0.928095 0.022143 0.021905
9 0.669286 0.963333 0.017143 0.021905
3 0.561071 0.656190 0.030714 0.036190
3 0.590357 0.624286 0.027857 0.031429
3 0.607500 0.610952 0.027857 0.027619
3 0.580714 0.578571 0.030000 0.021905
5 0.569286 0.562857 0.032857 0.024762
3 0.440357 0.570000 0.030714 0.020000
3 0.401429 0.497619 0.028571 0.018095
3 0.395357 0.485238 0.026429 0.018095
5 0.399286 0.467143 0.032857 0.025714
5 0.385000 0.450952 0.024286 0.014286
5 0.381786 0.431905 0.022143 0.014286
5 0.384286 0.425238 0.022857 0.010476
5 0.371071 0.393333 0.020714 0.011429
5 0.372500 0.379048 0.019286 0.013333
5 0.329643 0.391429 0.010714 0.019048
4 0.383571 0.342857 0.015714 0.011429
4 0.391429 0.326667 0.007143 0.011429
4 0.297500 0.493333 0.012143 0.015238
9 0.374643 0.591429 0.005000 0.017143
5 0.380357 0.228571 0.005000 0.011429
4 0.386071 0.212381 0.005000 0.007619
3 0.321429 0.649048 0.040000 0.033333
