3 0.300750 0.960667 0.142500 0.076000
0 0.439000 0.772333 0.019000 0.059333
3 0.460000 0.816333 0.111000 0.150000
3 0.545250 0.702333 0.078500 0.096667
3 0.609000 0.629333 0.092000 0.080000
3 0.657000 0.569000 0.070000 0.075333
1 0.648750 0.505000 0.015500 0.028667
4 0.648250 0.425333 0.080500 0.057333
2 0.704750 0.427333 0.012500 0.026667
2 0.728250 0.428000 0.025500 0.026667
3 0.753000 0.445000 0.047000 0.044667
0 0.765000 0.467333 0.012000 0.037333
4 0.770250 0.403000 0.039500 0.056667
3 0.791750 0.382333 0.035500 0.040667
4 0.810000 0.346000 0.028000 0.042667
4 0.827000 0.325667 0.028000 0.042000
4 0.839500 0.306000 0.025000 0.036000
0 0.919250 0.533667 0.012500 0.042000
0 0.925000 0.529667 0.017000 0.043333
0 0.968750 0.533333 0.019500 0.038667
1 0.911750 0.227667 0.005500 0.014000
9 0.912500 0.232000 0.008000 0.014667
3 0.797500 0.200667 0.033000 0.017333
3 0.687750 0.188000 0.030500 0.018667
4 0.925000 0.191333 0.016000 0.018667
3 0.943250 0.194333 0.014500 0.014000
4 0.974750 0.182333 0.020500 0.016667
4 0.964750 0.193333 0.013500 0.021333
3 0.944500 0.163000 0.012000 0.012667
3 0.948250 0.159333 0.010500 0.012000
1 0.977750 0.156667 0.004500 0.012000
2 0.978000 0.158667 0.003000 0.009333
3 0.987500 0.165000 0.013000 0.011333
3 0.989750 0.156000 0.012500 0.010667
3 0.995250 0.140000 0.009500 0.009333
4 0.994750 0.137333 0.009500 0.009333
3 0.961750 0.129667 0.008500 0.008667
3 0.962750 0.125333 0.008500 0.008000
3 0.976500 0.123000 0.009000 0.010000
4 0.989000 0.121667 0.009000 0.012667
4 0.985750 0.118000 0.008500 0.009333
