3 0.947025 0.610390 0.032881 0.025974
3 0.918058 0.553803 0.031315 0.016698
3 0.960073 0.491651 0.027662 0.022263
3 0.972599 0.483302 0.023486 0.020408
3 0.978079 0.477273 0.024008 0.025046
3 0.990084 0.465213 0.018789 0.025046
4 0.877610 0.460111 0.014092 0.020408
3 0.985386 0.352968 0.018789 0.013915
3 0.824635 0.296382 0.010438 0.012059
3 0.814457 0.290816 0.009916 0.010204
3 0.821503 0.275510 0.009395 0.012987
3 0.838987 0.287106 0.012004 0.012059
3 0.767223 0.290816 0.012526 0.010204
3 0.746868 0.307050 0.010438 0.012987
3 0.752349 0.304267 0.009916 0.012987
3 0.758090 0.301020 0.010960 0.013915
3 0.764875 0.298701 0.012004 0.011132
3 0.724687 0.285714 0.013048 0.011132
3 0.716336 0.281076 0.012004 0.011132
4 0.801931 0.216141 0.009916 0.011132
5 0.819415 0.204545 0.014614 0.013915
4 0.792276 0.228200 0.009395 0.009276
5 0.802453 0.236085 0.015136 0.015770
3 0.715031 0.570037 0.030271 0.021336
3 0.719468 0.539425 0.026618 0.021336
3 0.722338 0.523655 0.027140 0.019481
3 0.726514 0.505566 0.026096 0.018553
0 0.692328 0.467996 0.003653 0.013915
3 0.728079 0.447124 0.020877 0.016698
3 0.724426 0.437848 0.017745 0.016698
3 0.647443 0.449907 0.021399 0.016698
3 0.641701 0.484694 0.021399 0.017625
3 0.638048 0.475881 0.020355 0.018553
3 0.585856 0.658627 0.028706 0.025974
3 0.571764 0.629406 0.028706 0.021336
3 0.559499 0.544063 0.018789 0.025046
3 0.540971 0.544527 0.013048 0.020408
3 0.530532 0.605751 0.026618 0.025974
3 0.503132 0.691558 0.026096 0.025046
3 0.543841 0.739796 0.022965 0.028757
3 0.378653 0.397959 0.009916 0.014842
3 0.372912 0.384045 0.009916 0.016698
0 0.367171 0.398887 0.003653 0.011132
0 0.370303 0.362245 0.002610 0.010204
3 0.257568 0.884972 0.044363 0.044527
3 0.260438 0.813080 0.039666 0.034323
3 0.176148 0.734694 0.019311 0.042672
3 0.155532 0.741187 0.018789 0.040816
5 0.160752 0.696660 0.050104 0.040816
3 0.135960 0.415121 0.022443 0.015770
3 0.149530 0.372449 0.017223 0.013915
3 0.151879 0.364564 0.016701 0.011132
3 0.156315 0.349722 0.018267 0.014842
3 0.157881 0.338590 0.020355 0.012987
3 0.103862 0.528293 0.010438 0.023191
3 0.080376 0.624304 0.018789 0.018553
3 0.079593 0.639147 0.021399 0.020408
5 0.049582 0.694341 0.034447 0.056586
3 0.266180 0.987477 0.046973 0.023191
