4 0.387500 0.909048 0.046429 0.084762
4 0.432500 0.819048 0.045000 0.078095
4 0.659643 0.349048 0.039286 0.063810
4 0.696786 0.272381 0.037857 0.068571
4 0.256429 0.229048 0.045714 0.060000
4 0.357500 0.249524 0.052143 0.055238
3 0.471071 0.729524 0.039286 0.064762
3 0.375714 0.674286 0.040000 0.070476
3 0.502500 0.663333 0.037857 0.063810
3 0.411429 0.597619 0.040000 0.071429
3 0.441429 0.526190 0.038571 0.071429
3 0.537857 0.606190 0.038571 0.067619
3 0.621786 0.421905 0.037857 0.066667
3 0.531429 0.384762 0.050000 0.055238
3 0.631786 0.331429 0.036429 0.064762
3 0.395357 0.327619 0.050714 0.055238
3 0.316071 0.332857 0.046429 0.048571
3 0.319643 0.290476 0.050714 0.060952
3 0.244286 0.273810 0.048571 0.050476
3 0.201429 0.120476 0.051429 0.056190
3 0.043571 0.088571 0.058571 0.059048
3 0.145000 0.070476 0.054286 0.057143
3 0.100714 0.031905 0.048571 0.052381
3 0.010357 0.053810 0.020714 0.042857
3 0.830714 0.740952 0.055714 0.055238
5 0.191429 0.193333 0.062857 0.064762
5 0.411071 0.413810 0.055000 0.060000
5 0.583571 0.508095 0.047143 0.077143
6 0.561429 0.473810 0.024286 0.042857
6 0.360357 0.376190 0.032143 0.032381
6 0.766071 0.122857 0.029286 0.060952
6 0.800357 0.067143 0.030714 0.052381
6 0.532857 0.331905 0.032857 0.046667
9 0.128571 0.176667 0.021429 0.018095
9 0.170000 0.213333 0.015714 0.026667
9 0.183571 0.139048 0.021429 0.020952
9 0.281786 0.283333 0.023571 0.023810
9 0.436071 0.319048 0.015000 0.022857
9 0.423929 0.306667 0.017857 0.022857
9 0.411071 0.293333 0.007857 0.028571
9 0.400000 0.286667 0.017143 0.028571
9 0.292143 0.232381 0.018571 0.022857
9 0.322143 0.261905 0.018571 0.019048
9 0.363214 0.288571 0.012143 0.020952
9 0.383214 0.347143 0.020714 0.020000
9 0.579643 0.352381 0.016429 0.030476
9 0.574286 0.254286 0.011429 0.028571
9 0.582500 0.294762 0.015000 0.029524
9 0.629286 0.264286 0.015714 0.033333
9 0.622143 0.220952 0.015714 0.026667
9 0.585357 0.232857 0.023571 0.014286
9 0.643214 0.212857 0.016429 0.033333
9 0.704643 0.065238 0.019286 0.035238
9 0.690000 0.121905 0.020000 0.032381
9 0.625714 0.158095 0.018571 0.034286
9 0.595714 0.206667 0.020000 0.015238
9 0.351429 0.440000 0.010000 0.032381
9 0.318214 0.239524 0.017857 0.023810
9 0.101429 0.089524 0.022857 0.024762
0 0.150357 0.141429 0.016429 0.018095
0 0.238571 0.092381 0.014286 0.019048
0 0.201429 0.294762 0.014286 0.016190
0 0.385000 0.571429 0.008571 0.015238
9 0.439286 0.617143 0.012857 0.026667
9 0.122500 0.240000 0.017857 0.032381
9 0.175000 0.253333 0.025714 0.028571
9 0.192500 0.245238 0.026429 0.031429
9 0.200714 0.232857 0.030000 0.027619
