3 0.342119 0.778293 0.033925 0.070501
3 0.258612 0.730056 0.027662 0.063080
3 0.425626 0.714286 0.026618 0.053803
3 0.758612 0.944341 0.061065 0.081633
3 0.319415 0.596011 0.025052 0.049165
3 0.177453 0.374768 0.018789 0.031540
3 0.220251 0.359926 0.016701 0.025974
3 0.247912 0.397959 0.013570 0.027829
3 0.453810 0.477273 0.033925 0.034323
3 0.356472 0.980519 0.030271 0.037106
7 0.056628 0.826994 0.022443 0.058442
3 0.224687 0.293135 0.014092 0.024119
3 0.182933 0.210575 0.010960 0.014842
3 0.199635 0.194341 0.012004 0.017625
3 0.180585 0.150278 0.009395 0.012987
3 0.133612 0.128479 0.009395 0.017625
3 0.175887 0.122913 0.008351 0.010204
4 0.160230 0.120594 0.009395 0.020408
3 0.128132 0.078850 0.007829 0.011132
3 0.165449 0.076531 0.007307 0.012059
3 0.157881 0.052876 0.007829 0.014842
3 0.121868 0.054731 0.007829 0.011132
3 0.131002 0.043599 0.007307 0.011132
3 0.146921 0.030612 0.005741 0.009276
3 0.151879 0.013915 0.005219 0.009276
3 0.117432 0.022263 0.005219 0.011132
3 0.297495 0.301484 0.013570 0.024119
3 0.344468 0.314471 0.026096 0.018553
3 0.311326 0.256957 0.024530 0.020408
3 0.307411 0.245362 0.028184 0.013915
3 0.302453 0.238404 0.022443 0.018553
3 0.265397 0.205009 0.010960 0.016698
3 0.292015 0.157699 0.019311 0.012987
3 0.269050 0.162801 0.020355 0.012059
3 0.394572 0.432746 0.032359 0.026902
4 0.386221 0.402597 0.025052 0.031540
4 0.366649 0.357143 0.032881 0.029685
4 0.350209 0.332096 0.025052 0.025974
4 0.303497 0.216605 0.019311 0.019481
3 0.295668 0.214286 0.017223 0.016698
3 0.278706 0.181818 0.021921 0.012987
3 0.277923 0.176716 0.020355 0.012059
4 0.231994 0.126623 0.006785 0.017625
4 0.244259 0.117347 0.014614 0.013915
3 0.206942 0.057514 0.006785 0.011132
3 0.195981 0.032931 0.006785 0.010204
3 0.183977 0.028757 0.005741 0.009276
5 0.499217 0.558905 0.031837 0.038033
9 0.323330 0.197124 0.008873 0.012059
1 0.314196 0.377551 0.003132 0.011132
1 0.425626 0.627551 0.003653 0.015770
1 0.396660 0.570501 0.003132 0.014842
1 0.095251 0.827922 0.014092 0.026902
1 0.108299 0.826994 0.014092 0.028757
1 0.062891 0.610390 0.006785 0.016698
1 0.078810 0.247217 0.004175 0.012059
1 0.084029 0.240260 0.004175 0.011132
1 0.079071 0.083952 0.002610 0.006494
9 0.396138 0.576994 0.007307 0.018553
9 0.425365 0.636827 0.009395 0.019481
9 0.093163 0.839518 0.013048 0.025974
9 0.107255 0.840909 0.010960 0.023191
9 0.313152 0.382653 0.006263 0.012059
9 0.079593 0.253711 0.004697 0.006494
9 0.084290 0.245362 0.004697 0.008349
9 0.328549 0.210111 0.009916 0.012059
0 0.223904 0.125232 0.003132 0.009276
1 0.226253 0.140074 0.002610 0.007421
9 0.226775 0.144712 0.003653 0.007421
0 0.202505 0.079777 0.003132 0.011132
9 0.064196 0.621985 0.008351 0.015770
9 0.079593 0.087662 0.002610 0.004638
