5 0.152923 0.071892 0.017745 0.030612
5 0.157881 0.081169 0.020355 0.030612
5 0.181106 0.141002 0.020877 0.024119
0 0.284969 0.258813 0.004175 0.022263
0 0.307672 0.278757 0.006785 0.025046
6 0.340553 0.276438 0.013048 0.018553
1 0.402401 0.334416 0.006263 0.017625
3 0.290188 0.402597 0.042797 0.042672
4 0.286013 0.389610 0.036534 0.037106
4 0.282881 0.376160 0.034447 0.034323
5 0.323591 0.448052 0.064718 0.055659
9 0.325939 0.534787 0.016180 0.023191
7 0.351253 0.747681 0.033403 0.061224
6 0.350209 0.935529 0.033403 0.080705
9 0.298800 0.978200 0.017223 0.041744
9 0.244520 0.919759 0.015136 0.047310
9 0.246347 0.879406 0.022965 0.053803
9 0.233820 0.884508 0.016701 0.049165
9 0.233038 0.927180 0.016180 0.062152
1 0.400052 0.468460 0.008873 0.018553
6 0.403967 0.477273 0.018789 0.036178
3 0.454593 0.492579 0.029228 0.046382
0 0.496347 0.576531 0.008351 0.034323
9 0.491649 0.459184 0.011482 0.022263
9 0.484603 0.409555 0.013048 0.015770
9 0.511482 0.394712 0.010438 0.019481
8 0.539666 0.914193 0.107516 0.169759
1 0.661534 0.967996 0.016180 0.041744
9 0.661273 0.971243 0.036534 0.044527
1 0.602557 0.801020 0.013048 0.039889
1 0.612996 0.823748 0.010960 0.042672
1 0.621868 0.823748 0.009916 0.033395
9 0.602035 0.805659 0.019311 0.032468
9 0.613779 0.825603 0.028184 0.035250
5 0.930324 0.654917 0.066284 0.137291
5 0.946503 0.532004 0.033925 0.060297
0 0.903184 0.507885 0.012004 0.028757
9 0.932672 0.457328 0.019833 0.024119
9 0.924843 0.436456 0.017745 0.023191
6 0.936326 0.424397 0.022965 0.023191
7 0.959029 0.420223 0.028706 0.037106
7 0.968424 0.415121 0.022443 0.039889
7 0.974687 0.411410 0.024530 0.036178
7 0.984864 0.405844 0.029228 0.041744
9 0.899008 0.397032 0.018267 0.024119
9 0.870564 0.422078 0.015658 0.018553
2 0.867954 0.409555 0.012526 0.013915
9 0.859864 0.423469 0.013048 0.021336
9 0.854384 0.429035 0.015658 0.025046
9 0.848643 0.431818 0.018789 0.023191
9 0.856211 0.448516 0.010960 0.026902
1 0.841858 0.455009 0.010438 0.019481
1 0.834290 0.456401 0.008873 0.020408
9 0.823852 0.483302 0.010960 0.018553
9 0.826200 0.479128 0.010438 0.023191
2 0.879175 0.470779 0.010960 0.023191
9 0.902662 0.461039 0.015136 0.022263
6 0.895094 0.468460 0.030271 0.033395
4 0.666754 0.610390 0.055846 0.081633
3 0.680846 0.578850 0.050626 0.057514
6 0.716336 0.495826 0.027662 0.026902
7 0.691545 0.497217 0.021921 0.044527
1 0.696242 0.480983 0.008351 0.021336
0 0.668841 0.469388 0.005741 0.029685
6 0.763570 0.542208 0.031315 0.041744
9 0.552192 0.452226 0.009395 0.028757
3 0.496086 0.487013 0.036013 0.046382
