4 0.082500 0.570476 0.052143 0.030476
5 0.100714 0.550952 0.052857 0.031429
4 0.146786 0.627619 0.060714 0.040000
3 0.158571 0.606190 0.051429 0.031429
3 0.200714 0.550000 0.042857 0.023810
3 0.216429 0.533333 0.045714 0.024762
3 0.236786 0.511429 0.043571 0.026667
3 0.246071 0.499524 0.040714 0.023810
3 0.129643 0.519524 0.046429 0.023810
3 0.144643 0.502381 0.040714 0.021905
5 0.164286 0.486190 0.047143 0.025714
3 0.139643 0.430000 0.036429 0.023810
9 0.207857 0.446190 0.018571 0.012381
3 0.368571 0.432857 0.035714 0.025714
5 0.409643 0.869524 0.066429 0.194286
5 0.449286 0.697619 0.067143 0.218095
3 0.475357 0.578095 0.023571 0.038095
5 0.566429 0.872857 0.041429 0.134286
5 0.661786 0.924286 0.045000 0.128571
3 0.578571 0.719524 0.025714 0.056190
5 0.658571 0.700952 0.035714 0.110476
9 0.634286 0.598095 0.021429 0.017143
9 0.630714 0.583333 0.020000 0.010476
9 0.632143 0.572381 0.021429 0.013333
9 0.631429 0.561905 0.018571 0.011429
9 0.631429 0.554286 0.018571 0.015238
9 0.824286 0.987619 0.032857 0.024762
9 0.829286 0.972857 0.034286 0.027619
3 0.787500 0.847143 0.053571 0.061905
7 0.773214 0.780000 0.026429 0.057143
0 0.765714 0.753333 0.011429 0.020952
5 0.736786 0.694762 0.056429 0.044762
5 0.726071 0.656667 0.072143 0.056190
0 0.768214 0.656190 0.009286 0.020952
7 0.732857 0.632857 0.038571 0.029524
9 0.758571 0.615238 0.007143 0.022857
5 0.722500 0.601905 0.043571 0.034286
7 0.708571 0.592857 0.030000 0.025714
3 0.692143 0.446190 0.037143 0.020000
3 0.684643 0.414286 0.032143 0.017143
0 0.664643 0.410952 0.006429 0.014286
9 0.676071 0.359048 0.012143 0.013333
3 0.612857 0.387143 0.028571 0.018095
9 0.586786 0.393810 0.007857 0.014286
5 0.577857 0.529524 0.027143 0.108571
5 0.584286 0.446667 0.024286 0.062857
0 0.565000 0.446190 0.005714 0.014286
3 0.550714 0.414286 0.014286 0.019048
5 0.510000 0.433333 0.030000 0.078095
3 0.517857 0.385714 0.014286 0.020952
0 0.584286 0.343810 0.004286 0.011429
3 0.575714 0.302381 0.010000 0.012381
5 0.531071 0.329048 0.022143 0.060000
9 0.648929 0.327143 0.009286 0.008571
9 0.663929 0.337619 0.010714 0.010476
9 0.652143 0.300952 0.010000 0.009524
3 0.625357 0.296190 0.013571 0.013333
0 0.622857 0.267143 0.004286 0.010476
0 0.568929 0.248571 0.003571 0.009524
0 0.588214 0.227619 0.005000 0.009524
3 0.552500 0.226190 0.009286 0.012381
3 0.522500 0.255714 0.007857 0.014286
3 0.525000 0.246190 0.010000 0.016190
3 0.488214 0.270952 0.017857 0.012381
3 0.489286 0.266667 0.020000 0.011429
0 0.508929 0.257143 0.003571 0.011429
3 0.490714 0.254286 0.017143 0.011429
4 0.494643 0.250952 0.016429 0.014286
3 0.497500 0.244762 0.017857 0.009524
3 0.500714 0.238095 0.018571 0.009524
0 0.524286 0.234762 0.002857 0.008571
3 0.523929 0.226667 0.007857 0.009524
4 0.514286 0.227619 0.007143 0.011429
4 0.492500 0.226190 0.009286 0.012381
3 0.478214 0.227143 0.009286 0.010476
3 0.468214 0.226190 0.010714 0.010476
3 0.458571 0.225714 0.008571 0.009524
3 0.447857 0.225238 0.010000 0.010476
3 0.437857 0.224762 0.008571 0.011429
3 0.451071 0.254762 0.022143 0.014286
3 0.452857 0.250952 0.020000 0.010476
3 0.451786 0.246667 0.020714 0.009524
3 0.453929 0.244286 0.017857 0.010476
3 0.455714 0.239524 0.018571 0.010476
3 0.459643 0.236667 0.017857 0.010476
4 0.420000 0.222381 0.010000 0.012381
3 0.429286 0.244762 0.017143 0.011429
3 0.432857 0.241429 0.017143 0.010476
3 0.434286 0.237619 0.018571 0.010476
3 0.436786 0.233810 0.017857 0.010476
