5 0.544363 0.698052 0.114823 0.125232
3 0.646138 0.570037 0.042797 0.051020
3 0.661273 0.885900 0.060543 0.076067
3 0.720511 0.919295 0.073591 0.092764
3 0.728340 0.837199 0.070459 0.075139
5 0.892484 0.488404 0.091858 0.088126
3 0.101514 0.218460 0.017223 0.017625
3 0.176931 0.186920 0.016701 0.017625
5 0.219207 0.151670 0.022965 0.026902
0 0.246608 0.179035 0.003653 0.012987
5 0.274530 0.095547 0.024008 0.035250
4 0.426148 0.117347 0.005741 0.013915
4 0.418580 0.106215 0.006263 0.012059
5 0.405532 0.099722 0.010438 0.021336
7 0.419102 0.134508 0.006263 0.011132
5 0.401096 0.148887 0.014092 0.013915
7 0.390658 0.147495 0.009916 0.014842
4 0.380741 0.150278 0.010960 0.014842
3 0.372912 0.153525 0.015136 0.013915
3 0.364040 0.157699 0.010960 0.012987
3 0.383090 0.160946 0.017745 0.012059
5 0.628653 0.108071 0.031837 0.023191
5 0.618476 0.101113 0.027140 0.022263
5 0.638831 0.116419 0.041754 0.026902
5 0.671712 0.128015 0.031315 0.020408
5 0.694676 0.140074 0.025052 0.018553
5 0.690240 0.107143 0.041232 0.028757
5 0.643789 0.077922 0.036013 0.025974
5 0.652401 0.076067 0.028184 0.025974
5 0.658403 0.076531 0.023486 0.026902
5 0.667537 0.074212 0.027140 0.020408
5 0.698852 0.092764 0.040710 0.022263
5 0.705376 0.092301 0.042276 0.019481
5 0.730428 0.084416 0.043319 0.027829
5 0.718424 0.065399 0.038100 0.021336
5 0.725992 0.117811 0.030271 0.027829
5 0.735125 0.111781 0.038100 0.028757
9 0.957203 0.211503 0.010438 0.009276
7 0.935543 0.229592 0.018267 0.023191
9 0.954593 0.266234 0.012526 0.012987
9 0.921973 0.233302 0.009916 0.012059
9 0.883612 0.233302 0.006263 0.010204
9 0.894311 0.241651 0.007829 0.010204
6 0.894050 0.236085 0.015658 0.013915
3 0.875261 0.245826 0.022965 0.016698
3 0.867954 0.250000 0.020877 0.019481
3 0.858820 0.254638 0.021399 0.019481
0 0.830898 0.258349 0.004175 0.013915
0 0.805063 0.255102 0.004697 0.016698
3 0.739823 0.296846 0.027662 0.020408
3 0.671190 0.335343 0.029228 0.025046
6 0.671973 0.304267 0.013048 0.009276
9 0.656576 0.300557 0.008351 0.011132
0 0.691545 0.287106 0.004175 0.015770
9 0.714248 0.288497 0.005741 0.009276
6 0.775313 0.360390 0.012004 0.015770
1 0.776879 0.355751 0.006785 0.013915
5 0.608820 0.449443 0.060021 0.052876
5 0.570720 0.417904 0.046451 0.036178
1 0.581159 0.426716 0.004697 0.018553
2 0.580115 0.431818 0.012004 0.015770
9 0.540971 0.412801 0.013048 0.016698
5 0.518006 0.435993 0.052714 0.042672
5 0.419102 0.538033 0.089770 0.070501
5 0.340553 0.482839 0.030793 0.080705
5 0.292015 0.497217 0.045407 0.100186
0 0.362213 0.508813 0.006263 0.028757
0 0.366127 0.503711 0.006785 0.027829
0 0.352818 0.565863 0.007307 0.029685
5 0.226253 0.525510 0.070459 0.112245
5 0.162317 0.560297 0.029228 0.077922
5 0.127088 0.553803 0.054802 0.102041
5 0.087944 0.577458 0.056889 0.123377
5 0.271921 0.575139 0.054280 0.038961
5 0.294624 0.601577 0.105950 0.089981
1 0.637265 0.404453 0.008351 0.020408
9 0.635960 0.410946 0.012004 0.014842
