3 0.486429 0.911429 0.088571 0.177143
3 0.385000 0.932381 0.095714 0.135238
3 0.734286 0.891429 0.185714 0.120000
4 0.762500 0.980952 0.185000 0.038095
4 0.706786 0.773810 0.153571 0.109524
3 0.175357 0.796667 0.112143 0.252381
3 0.390000 0.716190 0.072857 0.215238
3 0.051786 0.714286 0.103571 0.211429
3 0.703929 0.666190 0.159286 0.092381
0 0.524286 0.504286 0.018571 0.052381
0 0.565714 0.434286 0.011429 0.049524
0 0.521786 0.409524 0.013571 0.064762
0 0.541786 0.406190 0.016429 0.054286
0 0.675357 0.382381 0.019286 0.044762
1 0.651429 0.390952 0.015714 0.044762
4 0.625714 0.339524 0.105714 0.086667
3 0.606071 0.296190 0.112143 0.064762
0 0.507143 0.178095 0.011429 0.040000
0 0.504643 0.081429 0.012143 0.039048
3 0.562857 0.073810 0.074286 0.054286
3 0.555000 0.035238 0.068571 0.049524
3 0.552500 0.019524 0.065000 0.039048
3 0.428571 0.053810 0.032857 0.060000
3 0.425357 0.107143 0.035000 0.063810
3 0.467857 0.230952 0.035714 0.105714
3 0.422500 0.189048 0.040714 0.079048
3 0.416071 0.281429 0.045000 0.098095
3 0.331429 0.097143 0.034286 0.066667
3 0.281429 0.029048 0.035714 0.050476
3 0.266786 0.072857 0.040714 0.065714
3 0.226071 0.195238 0.053571 0.080000
3 0.195000 0.272857 0.062857 0.113333
0 0.211429 0.225714 0.015714 0.038095
0 0.232857 0.260952 0.015714 0.045714
4 0.283214 0.393810 0.063571 0.138095
4 0.165714 0.376667 0.075714 0.115238
3 0.111429 0.516667 0.095714 0.149524
