3 0.051071 0.176190 0.102143 0.087619
0 0.222143 0.020952 0.022857 0.041905
3 0.344643 0.023810 0.029286 0.045714
3 0.334286 0.134762 0.084286 0.130476
3 0.263571 0.188571 0.091429 0.144762
0 0.265357 0.116667 0.023571 0.061905
0 0.299643 0.138571 0.026429 0.044762
0 0.286786 0.141905 0.012143 0.041905
3 0.140357 0.465714 0.157857 0.104762
6 0.294286 0.469524 0.077143 0.059048
3 0.293214 0.601429 0.147857 0.143810
3 0.022857 0.444286 0.045714 0.080952
3 0.512143 0.055714 0.051429 0.111429
3 0.650714 0.012857 0.052857 0.025714
0 0.450357 0.213333 0.013571 0.040000
9 0.472143 0.237619 0.018571 0.060000
2 0.498571 0.334762 0.041429 0.029524
0 0.487143 0.318095 0.017143 0.036190
3 0.739286 0.229524 0.060000 0.150476
3 0.837857 0.054286 0.054286 0.100952
3 0.843571 0.255714 0.070000 0.141905
0 0.923929 0.486190 0.033571 0.050476
0 0.914643 0.451429 0.049286 0.041905
0 0.942857 0.569048 0.040000 0.046667
3 0.872500 0.615714 0.156429 0.160952
3 0.792857 0.890952 0.187143 0.094286
9 0.493214 0.622857 0.060714 0.051429
1 0.487500 0.604762 0.032143 0.038095
