8 0.657857 0.928299 0.082857 0.140863
0 0.976786 0.953046 0.025000 0.050761
4 0.566071 0.814086 0.063571 0.161168
3 0.043929 0.670685 0.087857 0.118020
0 0.075000 0.477792 0.021429 0.034264
0 0.072143 0.461929 0.020000 0.032995
0 0.069643 0.453046 0.016429 0.032995
0 0.059286 0.517132 0.021429 0.039340
0 0.059643 0.531726 0.012143 0.027919
0 0.060357 0.508883 0.012143 0.025381
0 0.208929 0.597081 0.017857 0.039340
0 0.291429 0.583122 0.011429 0.036802
0 0.243214 0.739213 0.012143 0.039340
0 0.260714 0.710025 0.012857 0.034264
0 0.259643 0.743020 0.009286 0.026650
0 0.267857 0.762690 0.014286 0.040609
0 0.301429 0.717640 0.015714 0.039340
1 0.299643 0.717005 0.009286 0.022843
0 0.402857 0.680203 0.011429 0.038071
0 0.416429 0.708756 0.008571 0.034264
0 0.421071 0.692259 0.012143 0.031726
0 0.413214 0.646574 0.009286 0.041878
0 0.418929 0.627538 0.010714 0.036802
0 0.432857 0.650381 0.011429 0.039340
0 0.467857 0.642766 0.008571 0.036802
0 0.472857 0.632614 0.014286 0.041878
0 0.452857 0.673223 0.012857 0.046954
3 0.716071 0.121193 0.037857 0.087563
