3 0.871786 0.730476 0.139286 0.089524
3 0.875714 0.610476 0.127143 0.068571
3 0.563214 0.647143 0.027857 0.071429
3 0.933214 0.510000 0.129286 0.071429
3 0.910357 0.451429 0.112143 0.070476
3 0.926786 0.386667 0.109286 0.074286
3 0.900714 0.351429 0.092857 0.068571
5 0.830714 0.043333 0.084286 0.086667
5 0.785000 0.039524 0.025714 0.027619
3 0.742500 0.092381 0.029286 0.030476
5 0.779643 0.084762 0.030714 0.057143
4 0.770714 0.136667 0.030000 0.050476
3 0.749643 0.150476 0.026429 0.034286
5 0.736429 0.206190 0.048571 0.084762
3 0.683214 0.279048 0.033571 0.051429
5 0.650000 0.294286 0.044286 0.072381
5 0.675000 0.324286 0.034286 0.048571
3 0.620714 0.420952 0.031429 0.055238
3 0.612500 0.391429 0.030714 0.047619
5 0.582500 0.404286 0.030714 0.054286
3 0.535357 0.514286 0.036429 0.062857
3 0.472143 0.599048 0.035714 0.059048
5 0.564286 0.220000 0.031429 0.047619
5 0.529286 0.269048 0.048571 0.073333
3 0.646429 0.190952 0.025714 0.031429
4 0.763571 0.012857 0.015714 0.025714
0 0.659643 0.125238 0.006429 0.008571
3 0.665357 0.131905 0.019286 0.027619
3 0.654286 0.165714 0.022857 0.026667
0 0.658571 0.158571 0.004286 0.010476
3 0.615714 0.197619 0.020000 0.021905
0 0.623214 0.168571 0.005000 0.007619
3 0.615714 0.180000 0.017143 0.022857
3 0.631071 0.172857 0.019286 0.021905
3 0.651786 0.142381 0.017857 0.025714
3 0.641429 0.142381 0.015714 0.023810
1 0.376786 0.731429 0.012143 0.015238
9 0.380000 0.733810 0.015714 0.031429
4 0.174643 0.900000 0.026429 0.051429
3 0.252857 0.817143 0.020000 0.024762
3 0.265000 0.788095 0.021429 0.027619
3 0.286429 0.759048 0.020000 0.024762
3 0.298929 0.731429 0.023571 0.030476
1 0.327500 0.701905 0.009286 0.009524
7 0.325000 0.700952 0.022857 0.026667
3 0.339643 0.673333 0.022143 0.022857
3 0.322857 0.668095 0.021429 0.021905
3 0.285357 0.721429 0.016429 0.023810
3 0.277143 0.720000 0.014286 0.019048
3 0.265000 0.714762 0.015714 0.018095
3 0.257857 0.710952 0.014286 0.016190
3 0.249286 0.708095 0.010000 0.014286
3 0.245357 0.703810 0.012143 0.013333
3 0.272857 0.749048 0.020000 0.020000
3 0.261429 0.743810 0.011429 0.020952
3 0.253571 0.739524 0.012857 0.020000
3 0.247143 0.734286 0.014286 0.019048
3 0.239643 0.730476 0.009286 0.015238
3 0.234643 0.724286 0.010714 0.018095
3 0.227857 0.722381 0.012857 0.018095
3 0.220000 0.714762 0.012857 0.014286
3 0.212500 0.709048 0.009286 0.014286
3 0.227857 0.697619 0.011429 0.018095
3 0.247857 0.682857 0.014286 0.017143
3 0.296429 0.667619 0.018571 0.020952
3 0.219286 0.694286 0.011429 0.013333
3 0.244643 0.804286 0.020714 0.023810
3 0.254643 0.775714 0.015000 0.020000
3 0.237857 0.787143 0.018571 0.018095
3 0.246786 0.768095 0.019286 0.016190
3 0.240000 0.760476 0.012857 0.018095
3 0.232500 0.757619 0.013571 0.018095
3 0.222143 0.777143 0.014286 0.017143
3 0.215357 0.769524 0.013571 0.017143
3 0.223571 0.744762 0.012857 0.019048
5 0.208929 0.737619 0.020714 0.025714
3 0.201071 0.734286 0.015000 0.020952
3 0.188929 0.785714 0.010714 0.017143
3 0.177143 0.762857 0.011429 0.015238
3 0.170357 0.752381 0.006429 0.015238
3 0.191429 0.717619 0.010000 0.008571
3 0.347143 0.600476 0.018571 0.018095
3 0.317857 0.594286 0.012857 0.017143
5 0.293214 0.588571 0.015000 0.017143
3 0.270357 0.608095 0.009286 0.012381
3 0.267143 0.590476 0.007143 0.009524
3 0.249643 0.593333 0.007857 0.007619
3 0.238929 0.612857 0.007857 0.008571
3 0.219643 0.613810 0.005000 0.006667
3 0.212500 0.621905 0.005000 0.007619
3 0.208571 0.630476 0.005714 0.007619
3 0.197857 0.637619 0.004286 0.006667
3 0.203571 0.628095 0.004286 0.004762
3 0.199643 0.628095 0.003571 0.006667
3 0.207500 0.615714 0.003571 0.004762
5 0.150357 0.683810 0.007857 0.007619
9 0.151071 0.687143 0.003571 0.002857
1 0.150357 0.686190 0.002143 0.004762
3 0.165357 0.734286 0.007857 0.011429
3 0.185714 0.708571 0.008571 0.009524
3 0.198214 0.700476 0.007857 0.008571
3 0.195714 0.685714 0.007143 0.009524
3 0.186429 0.692857 0.007143 0.008571
3 0.176429 0.702381 0.007143 0.008571
3 0.162143 0.724762 0.007143 0.009524
8 0.156071 0.712857 0.006429 0.008571
3 0.171071 0.699048 0.005000 0.007619
3 0.180357 0.690000 0.005000 0.008571
3 0.186071 0.676190 0.006429 0.007619
3 0.178214 0.676667 0.005000 0.006667
3 0.175357 0.673333 0.005000 0.005714
3 0.168571 0.677619 0.005714 0.008571
3 0.161429 0.686190 0.004286 0.006667
3 0.192143 0.626667 0.004286 0.005714
3 0.193929 0.633810 0.003571 0.002857
5 0.186786 0.643333 0.006429 0.006667
3 0.181429 0.639524 0.002857 0.004762
3 0.186429 0.631429 0.004286 0.003810
3 0.173929 0.640000 0.003571 0.003810
3 0.173929 0.636190 0.003571 0.003810
3 0.176071 0.629524 0.003571 0.003810
