3 0.018929 0.050761 0.026429 0.030457
3 0.016071 0.117386 0.030714 0.039340
4 0.041786 0.144670 0.029286 0.038071
3 0.088571 0.192893 0.031429 0.038071
3 0.079286 0.112310 0.030000 0.036802
4 0.126429 0.158629 0.031429 0.040609
4 0.154286 0.184645 0.031429 0.041878
4 0.190000 0.222716 0.032857 0.041878
3 0.205000 0.270305 0.032857 0.040609
4 0.171071 0.272843 0.033571 0.043147
3 0.202857 0.305203 0.034286 0.044416
3 0.253571 0.282360 0.028571 0.036802
4 0.290357 0.317893 0.030714 0.041878
4 0.325357 0.354061 0.037857 0.050761
3 0.331786 0.402284 0.036429 0.045685
4 0.367143 0.393401 0.037143 0.048223
3 0.403214 0.430838 0.035000 0.044416
3 0.438929 0.468909 0.037857 0.046954
3 0.500357 0.583756 0.039286 0.058376
8 0.633571 0.725254 0.034286 0.079949
9 0.686786 0.659898 0.012143 0.027919
4 0.722857 0.729061 0.028571 0.074873
4 0.702857 0.937817 0.037143 0.098985
8 0.800714 0.685279 0.075714 0.203046
4 0.803929 0.527919 0.026429 0.063452
3 0.796786 0.447970 0.026429 0.058376
8 0.875714 0.394670 0.060000 0.154822
3 0.796071 0.216371 0.023571 0.049492
3 0.765714 0.218274 0.022857 0.043147
3 0.880000 0.261421 0.025714 0.058376
0 0.263929 0.064086 0.006429 0.019036
0 0.274643 0.062817 0.005000 0.013959
0 0.242500 0.045051 0.006429 0.019036
0 0.233214 0.034264 0.005000 0.012690
0 0.254286 0.029822 0.007143 0.019036
0 0.238929 0.026650 0.005000 0.012690
0 0.238929 0.008883 0.003571 0.012690
0 0.242857 0.013325 0.005714 0.008883
0 0.242500 0.005711 0.003571 0.011421
0 0.249286 0.006345 0.004286 0.012690
0 0.318929 0.034898 0.005000 0.016497
0 0.215357 0.124365 0.005000 0.015228
0 0.322857 0.025381 0.005714 0.017766
0 0.381786 0.083122 0.005000 0.016497
0 0.341071 0.153553 0.005000 0.017766
0 0.376786 0.193528 0.006429 0.013959
0 0.372857 0.208756 0.002857 0.011421
0 0.410357 0.288706 0.006429 0.019036
0 0.428571 0.254442 0.002857 0.013959
0 0.430714 0.260787 0.002857 0.011421
0 0.450357 0.257614 0.003571 0.012690
0 0.454286 0.242386 0.002857 0.012690
0 0.439643 0.235406 0.003571 0.011421
0 0.479286 0.238579 0.002857 0.012690
0 0.453929 0.224619 0.003571 0.015228
0 0.438214 0.225888 0.006429 0.015228
0 0.443571 0.244289 0.004286 0.011421
0 0.447143 0.239213 0.004286 0.011421
0 0.450714 0.236041 0.002857 0.012690
0 0.477857 0.274112 0.002857 0.012690
0 0.488929 0.298223 0.005000 0.017766
0 0.494286 0.269670 0.007143 0.016497
0 0.492500 0.287437 0.003571 0.013959
0 0.495714 0.036802 0.004286 0.012690
0 0.501071 0.040609 0.003571 0.010152
0 0.503214 0.041878 0.003571 0.015228
0 0.508214 0.046954 0.003571 0.012690
0 0.520357 0.063452 0.005000 0.017766
0 0.508929 0.030457 0.003571 0.012690
0 0.506429 0.024746 0.002857 0.011421
0 0.513929 0.032360 0.003571 0.021574
0 0.511786 0.029188 0.005000 0.017766
0 0.586786 0.151015 0.003571 0.012690
0 0.581071 0.171320 0.003571 0.012690
0 0.574286 0.177665 0.002857 0.012690
0 0.563571 0.076777 0.005714 0.013959
0 0.567143 0.086294 0.002857 0.010152
0 0.588929 0.080584 0.005000 0.016497
0 0.592857 0.080584 0.002857 0.013959
0 0.593214 0.071066 0.003571 0.012690
0 0.623571 0.134518 0.005714 0.017766
0 0.598214 0.025381 0.006429 0.017766
0 0.608214 0.033629 0.005000 0.016497
