5 0.055714 0.160533 0.111429 0.257614
0 0.213929 0.114213 0.012143 0.035533
0 0.193571 0.121827 0.010000 0.022843
0 0.332857 0.367386 0.011429 0.039340
0 0.327857 0.326142 0.012857 0.038071
0 0.426429 0.770939 0.017143 0.039340
1 0.439286 0.765228 0.008571 0.020305
0 0.500714 0.390228 0.010000 0.034264
1 0.423929 0.521574 0.015000 0.027919
1 0.427857 0.510152 0.015714 0.027919
1 0.338571 0.455584 0.020000 0.017766
1 0.337500 0.471447 0.013571 0.024112
0 0.335000 0.225888 0.011429 0.043147
0 0.326429 0.229695 0.008571 0.035533
0 0.240357 0.366117 0.010714 0.041878
0 0.247143 0.359772 0.011429 0.034264
0 0.242500 0.341371 0.007857 0.027919
0 0.233214 0.343274 0.012143 0.039340
0 0.230714 0.356599 0.010000 0.035533
1 0.439286 0.691624 0.012857 0.030457
0 0.501786 0.807107 0.010714 0.035533
0 0.507500 0.846447 0.009286 0.048223
0 0.490714 0.095812 0.010000 0.044416
0 0.489286 0.020939 0.008571 0.034264
1 0.434643 0.214467 0.009286 0.027919
1 0.157500 0.769670 0.019286 0.036802
1 0.432857 0.343274 0.012857 0.031726
1 0.331429 0.398477 0.008571 0.015228
0 0.510000 0.839467 0.015714 0.046954
1 0.433571 0.208756 0.008571 0.031726
