5 0.216786 0.924286 0.062143 0.151429
5 0.967857 0.465714 0.064286 0.068571
5 0.955357 0.435238 0.089286 0.066667
3 0.985357 0.593810 0.029286 0.052381
3 0.584286 0.910952 0.047143 0.094286
3 0.279286 0.784286 0.031429 0.080952
3 0.782857 0.416190 0.035714 0.040000
3 0.809286 0.419524 0.030000 0.039048
3 0.014643 0.426190 0.020714 0.044762
3 0.542857 0.267619 0.020000 0.024762
3 0.398571 0.127619 0.011429 0.017143
3 0.428929 0.056190 0.019286 0.011429
3 0.431429 0.061905 0.015714 0.011429
5 0.670357 0.186667 0.033571 0.030476
5 0.312143 0.145238 0.018571 0.035238
5 0.323571 0.214762 0.020000 0.037143
4 0.646071 0.181429 0.017857 0.020000
4 0.578929 0.175714 0.022143 0.018095
4 0.088929 0.204762 0.017857 0.032381
5 0.197143 0.129048 0.020000 0.033333
3 0.182857 0.009048 0.008571 0.010476
3 0.313929 0.021429 0.010714 0.014286
4 0.335357 0.051905 0.019286 0.018095
3 0.321786 0.185714 0.015000 0.020952
3 0.122143 0.109524 0.011429 0.017143
9 0.177500 0.121429 0.006429 0.014286
9 0.141786 0.768095 0.015000 0.037143
9 0.377143 0.298571 0.010000 0.016190
9 0.404643 0.426667 0.009286 0.020952
9 0.431429 0.428571 0.008571 0.019048
1 0.139643 0.765238 0.012143 0.018095
1 0.177143 0.119048 0.005714 0.009524
1 0.376429 0.294286 0.005714 0.009524
1 0.404286 0.422857 0.007143 0.009524
1 0.431071 0.424762 0.006429 0.009524
