3 0.059499 0.270872 0.029228 0.033395
3 0.109342 0.328386 0.028706 0.042672
3 0.129958 0.352505 0.025052 0.042672
5 0.164144 0.378942 0.050626 0.069573
9 0.254436 0.510668 0.012004 0.019481
9 0.252349 0.589054 0.012004 0.025974
3 0.283403 0.437384 0.041754 0.047310
3 0.348121 0.403061 0.035491 0.052876
3 0.322286 0.487477 0.040188 0.052876
6 0.355950 0.339054 0.032359 0.034323
6 0.334551 0.393785 0.019833 0.032468
6 0.373956 0.407699 0.021399 0.039889
3 0.385177 0.438776 0.037578 0.057514
3 0.402923 0.454082 0.037578 0.052876
3 0.421973 0.471707 0.039144 0.058442
3 0.441545 0.491187 0.039666 0.060297
3 0.460856 0.506030 0.036534 0.060297
4 0.485908 0.519017 0.034447 0.064007
4 0.381785 0.553803 0.041232 0.055659
3 0.463205 0.635436 0.049582 0.064935
3 0.337422 0.602968 0.040188 0.063080
8 0.410230 0.673469 0.112735 0.166976
3 0.385177 0.797774 0.055324 0.090909
3 0.510699 0.559833 0.041232 0.067718
3 0.532881 0.581169 0.040710 0.069573
3 0.563935 0.602041 0.039144 0.074212
3 0.545407 0.725881 0.055324 0.076994
4 0.620564 0.652597 0.042797 0.078850
3 0.669624 0.709647 0.037578 0.081633
3 0.703549 0.733302 0.038622 0.084416
3 0.737213 0.764378 0.039144 0.089054
3 0.771399 0.793599 0.042797 0.091837
4 0.806889 0.820501 0.037578 0.076994
3 0.841597 0.864100 0.046451 0.097403
3 0.878653 0.901670 0.041232 0.115028
3 0.917797 0.935993 0.044363 0.107607
3 0.954332 0.957792 0.037056 0.078850
3 0.776096 0.960575 0.074113 0.076994
3 0.644833 0.832560 0.063152 0.089981
3 0.615344 0.912801 0.064718 0.090909
3 0.509134 0.794063 0.056889 0.077922
3 0.509134 0.886364 0.060021 0.089981
5 0.511221 0.272263 0.042276 0.052876
4 0.447808 0.262059 0.025052 0.030612
3 0.484864 0.105288 0.025052 0.032468
3 0.509134 0.124304 0.024530 0.025974
1 0.254175 0.496753 0.007307 0.017625
1 0.252349 0.572820 0.007829 0.017625
