3 0.157143 0.831905 0.195714 0.311429
3 0.538929 0.577143 0.085000 0.154286
3 0.478571 0.391429 0.080000 0.081905
3 0.589286 0.427143 0.074286 0.094286
3 0.638929 0.490476 0.070714 0.100952
3 0.820000 0.489524 0.070000 0.104762
3 0.841429 0.718571 0.118571 0.185714
0 0.856429 0.478095 0.030000 0.066667
0 0.705000 0.509524 0.024286 0.072381
0 0.705357 0.803810 0.030714 0.110476
3 0.667500 0.412857 0.059286 0.079048
3 0.666786 0.355238 0.062143 0.068571
3 0.544643 0.320952 0.057857 0.066667
3 0.224286 0.367143 0.090000 0.079048
3 0.171429 0.358095 0.085714 0.085714
3 0.132143 0.344286 0.084286 0.084762
3 0.581071 0.282857 0.050714 0.057143
3 0.692857 0.252857 0.041429 0.052381
3 0.834643 0.319048 0.042143 0.074286
3 0.838214 0.283333 0.042143 0.048571
3 0.926429 0.258571 0.070000 0.061905
3 0.616071 0.258571 0.033571 0.037143
3 0.637500 0.235238 0.035000 0.040000
3 0.655357 0.212857 0.026429 0.029524
3 0.667857 0.199048 0.034286 0.030476
4 0.693214 0.168571 0.023571 0.032381
3 0.726429 0.208095 0.030000 0.040952
3 0.762500 0.208095 0.026429 0.037143
3 0.741429 0.187143 0.024286 0.027619
3 0.747857 0.167143 0.020000 0.025714
3 0.757500 0.158095 0.019286 0.026667
3 0.771429 0.180952 0.028571 0.030476
3 0.780357 0.140476 0.019286 0.021905
0 0.731786 0.164286 0.007857 0.023810
0 0.810714 0.151905 0.011429 0.023810
3 0.758214 0.143810 0.017857 0.019048
3 0.755714 0.134762 0.020000 0.020000
3 0.772857 0.129048 0.017143 0.018095
3 0.770000 0.119524 0.018571 0.018095
3 0.749286 0.121429 0.018571 0.021905
3 0.745357 0.110476 0.013571 0.019048
3 0.766429 0.110476 0.015714 0.015238
0 0.731429 0.117143 0.008571 0.020952
3 0.830714 0.237143 0.024286 0.032381
3 0.836071 0.211429 0.027857 0.032381
3 0.831071 0.180952 0.020714 0.032381
3 0.810714 0.123810 0.017143 0.019048
4 0.271429 0.596667 0.128571 0.189524
3 0.188929 0.487619 0.136429 0.116190
4 0.905000 0.904762 0.180000 0.190476
