9 0.914000 0.363000 0.025000 0.023333
5 0.936500 0.239667 0.034000 0.054000
0 0.837500 0.104667 0.002000 0.005333
0 0.842750 0.104667 0.001500 0.006667
5 0.821500 0.127333 0.009000 0.014667
3 0.811750 0.145333 0.009500 0.009333
3 0.800000 0.151000 0.014000 0.008667
3 0.796500 0.157667 0.016000 0.011333
0 0.805250 0.162333 0.003500 0.010000
0 0.812000 0.163000 0.003000 0.010000
3 0.755750 0.148333 0.015500 0.008667
3 0.746250 0.171333 0.013500 0.013333
3 0.721000 0.198333 0.014000 0.018000
3 0.694750 0.225333 0.016500 0.017333
3 0.667000 0.216333 0.017000 0.014000
3 0.652000 0.215667 0.016000 0.014000
4 0.641250 0.220333 0.012500 0.018000
7 0.668750 0.247667 0.009500 0.023333
3 0.657000 0.266667 0.021000 0.018667
3 0.639000 0.285667 0.023000 0.020667
3 0.622500 0.299333 0.025000 0.021333
0 0.591750 0.321000 0.007500 0.020667
3 0.576250 0.347667 0.027500 0.024667
3 0.548500 0.378333 0.032000 0.030000
3 0.517500 0.410667 0.035000 0.046667
3 0.540500 0.434000 0.041000 0.038667
4 0.467500 0.382000 0.043000 0.036000
3 0.381500 0.409000 0.042000 0.026000
3 0.418500 0.428333 0.038000 0.032667
3 0.455250 0.477000 0.041500 0.043333
3 0.730500 0.417000 0.032000 0.039333
4 0.719250 0.486667 0.033500 0.064000
3 0.625500 0.446000 0.037000 0.040000
3 0.669250 0.605000 0.053500 0.091333
3 0.639250 0.734000 0.058500 0.108000
3 0.553250 0.897333 0.095500 0.178667
4 0.287500 0.845333 0.127000 0.140000
3 0.430000 0.780667 0.086000 0.129333
6 0.576000 0.641000 0.025000 0.052667
1 0.578500 0.631667 0.018000 0.028667
3 0.550250 0.574667 0.058500 0.085333
4 0.173000 0.713333 0.103000 0.082667
3 0.284000 0.654000 0.084000 0.081333
2 0.219500 0.575000 0.024000 0.027333
2 0.184000 0.560667 0.016000 0.029333
6 0.140250 0.591667 0.044500 0.038000
6 0.126250 0.551667 0.038500 0.035333
2 0.101750 0.544667 0.027500 0.026667
2 0.129000 0.536667 0.034000 0.030667
2 0.046000 0.524000 0.028000 0.026667
9 0.060000 0.579333 0.028000 0.042667
3 0.031750 0.580000 0.063500 0.058667
