3 0.298929 0.829524 0.150714 0.340952
3 0.545357 0.858095 0.143571 0.283810
3 0.887857 0.667619 0.167143 0.211429
3 0.780000 0.448095 0.112857 0.130476
3 0.712857 0.330476 0.077143 0.087619
4 0.385357 0.225238 0.070714 0.073333
3 0.393929 0.198095 0.079286 0.055238
3 0.423929 0.153810 0.035000 0.050476
3 0.425714 0.112381 0.031429 0.045714
1 0.490714 0.187619 0.018571 0.041905
9 0.490357 0.195238 0.016429 0.045714
9 0.119286 0.249524 0.047143 0.047619
9 0.095714 0.270476 0.054286 0.053333
9 0.213929 0.099524 0.030714 0.021905
0 0.332857 0.035238 0.010000 0.030476
0 0.344643 0.032857 0.007857 0.031429
0 0.415357 0.048571 0.007857 0.032381
3 0.512143 0.045238 0.025714 0.029524
3 0.465357 0.014762 0.023571 0.029524
3 0.502143 0.011429 0.020000 0.020952
3 0.539286 0.020476 0.018571 0.031429
0 0.539286 0.029048 0.004286 0.021905
2 0.748571 0.288095 0.038571 0.042857
4 0.677500 0.251905 0.065000 0.082857
3 0.646071 0.200000 0.052143 0.055238
3 0.623929 0.156667 0.043571 0.052381
3 0.606429 0.121905 0.037143 0.040000
2 0.592500 0.090476 0.022143 0.019048
0 0.578571 0.082857 0.008571 0.036190
3 0.585357 0.074762 0.029286 0.031429
3 0.575000 0.055238 0.025714 0.030476
3 0.565357 0.036190 0.023571 0.028571
3 0.558571 0.023810 0.018571 0.022857
3 0.549643 0.011429 0.020714 0.022857
0 0.793214 0.117143 0.012143 0.040000
0 0.810000 0.116667 0.012857 0.040952
3 0.819643 0.262381 0.083571 0.080952
0 0.716071 0.060952 0.006429 0.024762
0 0.730714 0.062381 0.007143 0.033333
5 0.780000 0.173810 0.072857 0.092381
2 0.768571 0.118095 0.017143 0.022857
9 0.887500 0.229048 0.016429 0.044762
9 0.915714 0.247619 0.022857 0.038095
9 0.937857 0.265714 0.025714 0.041905
3 0.882500 0.325238 0.062143 0.077143
4 0.917500 0.440000 0.165000 0.169524
9 0.066071 0.305238 0.040714 0.025714
