0 0.572000 0.964333 0.010000 0.018000
3 0.662750 0.948000 0.075500 0.062667
4 0.626000 0.892000 0.065000 0.054667
2 0.646000 0.804000 0.023000 0.018667
9 0.643250 0.789000 0.023500 0.018000
3 0.585000 0.768667 0.057000 0.053333
3 0.570000 0.721667 0.055000 0.047333
3 0.528500 0.615333 0.054000 0.042667
3 0.555500 0.544000 0.049000 0.038667
0 0.452250 0.819000 0.010500 0.020667
0 0.442000 0.810333 0.008000 0.023333
3 0.101250 0.809667 0.059500 0.056667
3 0.275250 0.632000 0.051500 0.044000
3 0.028750 0.624333 0.057500 0.058000
5 0.028000 0.548000 0.056000 0.086667
3 0.161750 0.533333 0.051500 0.049333
1 0.072250 0.475000 0.010500 0.015333
0 0.094000 0.472333 0.009000 0.019333
0 0.103000 0.461667 0.011000 0.018000
1 0.084750 0.468000 0.010500 0.020000
3 0.129000 0.459333 0.045000 0.040000
3 0.222500 0.428333 0.040000 0.035333
1 0.248250 0.309333 0.006500 0.013333
3 0.283500 0.321333 0.029000 0.029333
0 0.142500 0.319667 0.006000 0.018000
0 0.159500 0.205000 0.004000 0.012667
0 0.171250 0.203333 0.004500 0.013333
0 0.194500 0.203333 0.006000 0.012000
5 0.272000 0.191000 0.016000 0.027333
3 0.423250 0.548667 0.047500 0.040000
3 0.451750 0.507000 0.045500 0.035333
3 0.483500 0.451000 0.041000 0.028667
3 0.491500 0.427333 0.041000 0.030667
3 0.530750 0.371667 0.039500 0.027333
3 0.546750 0.343000 0.035500 0.028667
3 0.561750 0.309000 0.034500 0.023333
3 0.583750 0.269667 0.030500 0.020667
3 0.599000 0.244667 0.030000 0.021333
3 0.352000 0.352000 0.027000 0.026667
4 0.411250 0.275667 0.043500 0.050000
5 0.464500 0.228667 0.029000 0.029333
5 0.413750 0.198333 0.061500 0.067333
3 0.531250 0.157333 0.009500 0.012000
0 0.457750 0.096667 0.003500 0.012000
3 0.504250 0.124667 0.013500 0.014667
3 0.507500 0.092667 0.017000 0.013333
0 0.532250 0.087333 0.002500 0.009333
0 0.527500 0.087667 0.003000 0.010000
1 0.519000 0.084333 0.003000 0.008667
2 0.518500 0.086000 0.007000 0.006667
4 0.523250 0.081667 0.013500 0.012667
3 0.633000 0.351667 0.041000 0.031333
3 0.636750 0.336667 0.033500 0.024000
3 0.653500 0.298000 0.034000 0.024000
3 0.668000 0.124333 0.020000 0.014000
4 0.707250 0.165000 0.017500 0.014000
3 0.715500 0.147000 0.023000 0.015333
3 0.716500 0.141000 0.018000 0.011333
4 0.719500 0.136667 0.018000 0.013333
3 0.720000 0.129333 0.019000 0.010667
3 0.730500 0.097667 0.021000 0.011333
3 0.733000 0.090000 0.018000 0.010667
3 0.736500 0.086333 0.014000 0.010000
4 0.690750 0.081000 0.010500 0.019333
3 0.695500 0.077000 0.018000 0.011333
0 0.705750 0.064667 0.003500 0.009333
4 0.695500 0.068333 0.016000 0.011333
3 0.697750 0.061000 0.014500 0.008667
3 0.735750 0.077667 0.019500 0.011333
3 0.737500 0.073333 0.018000 0.008000
3 0.739500 0.064667 0.017000 0.010667
3 0.737000 0.057000 0.018000 0.010000
3 0.739750 0.051667 0.011500 0.007333
3 0.738250 0.049333 0.016500 0.008000
3 0.702500 0.031667 0.014000 0.008667
3 0.701250 0.010333 0.014500 0.010000
4 0.700250 0.005000 0.014500 0.010000
0 0.746750 0.023667 0.002500 0.008667
4 0.754250 0.021667 0.013500 0.012667
3 0.734500 0.022000 0.012000 0.008000
3 0.736000 0.019333 0.014000 0.008000
3 0.732000 0.008333 0.012000 0.007333
3 0.731500 0.006667 0.014000 0.008000
3 0.733250 0.006000 0.013500 0.006667
4 0.735250 0.003667 0.011500 0.007333
