3 0.064643 0.084391 0.007857 0.016497
8 0.086786 0.058376 0.013571 0.040609
3 0.106071 0.101523 0.009286 0.020305
3 0.099286 0.176396 0.008571 0.022843
5 0.078214 0.147843 0.017857 0.046954
3 0.042500 0.200508 0.009286 0.020305
3 0.023571 0.241117 0.010000 0.017766
3 0.052500 0.236675 0.010714 0.024112
4 0.032857 0.263959 0.011429 0.022843
4 0.006786 0.402919 0.013571 0.034264
3 0.025357 0.371193 0.010714 0.026650
3 0.004286 0.456218 0.008571 0.029188
4 0.016786 0.455584 0.015000 0.032995
3 0.006071 0.550761 0.012143 0.035533
3 0.011071 0.508883 0.015000 0.035533
3 0.092857 0.527284 0.011429 0.036802
5 0.050714 0.434645 0.028571 0.077411
3 0.082143 0.704315 0.017143 0.050761
4 0.039643 0.577411 0.017857 0.040609
4 0.031429 0.682107 0.018571 0.044416
8 0.194643 0.769670 0.033571 0.130711
8 0.262143 0.729695 0.031429 0.129442
3 0.301071 0.115482 0.013571 0.017766
3 0.311786 0.138959 0.015000 0.019036
3 0.322143 0.161802 0.012857 0.021574
3 0.338571 0.189086 0.012857 0.020305
3 0.328214 0.203680 0.013571 0.019036
3 0.351786 0.218909 0.015000 0.024112
3 0.366786 0.248731 0.015000 0.022843
8 0.378214 0.300127 0.037857 0.085025
4 0.353214 0.036802 0.016429 0.020305
3 0.402857 0.113579 0.022857 0.026650
4 0.407143 0.124365 0.022857 0.022843
4 0.409286 0.133883 0.024286 0.024112
4 0.420357 0.146574 0.025000 0.026650
4 0.426429 0.152284 0.028571 0.032995
4 0.433929 0.163706 0.030714 0.027919
4 0.441071 0.174492 0.030714 0.026650
4 0.458214 0.210660 0.027857 0.030457
3 0.446071 0.190990 0.029286 0.029188
3 0.392857 0.203680 0.011429 0.021574
4 0.366786 0.154188 0.016429 0.024112
4 0.378571 0.176396 0.017143 0.025381
4 0.403929 0.225888 0.016429 0.027919
4 0.419286 0.253173 0.018571 0.029188
4 0.442500 0.275381 0.023571 0.025381
4 0.452500 0.299492 0.023571 0.025381
3 0.458214 0.311548 0.022143 0.024112
3 0.465357 0.322335 0.022143 0.022843
3 0.481786 0.355964 0.023571 0.024112
4 0.473214 0.332487 0.023571 0.027919
3 0.425714 0.409898 0.018571 0.030457
3 0.508571 0.405457 0.022857 0.026650
4 0.490357 0.366751 0.025000 0.027919
4 0.496071 0.378807 0.025000 0.029188
4 0.544286 0.471447 0.027143 0.031726
4 0.531429 0.447970 0.025714 0.030457
3 0.520357 0.429569 0.023571 0.024112
4 0.362143 0.592640 0.017143 0.040609
8 0.511071 0.604695 0.027857 0.062183
8 0.598929 0.840102 0.037857 0.091371
5 0.582857 0.973350 0.035714 0.050761
3 0.935357 0.775381 0.027857 0.043147
3 0.963929 0.838198 0.029286 0.046954
0 0.941786 0.634518 0.007857 0.012690
4 0.624286 0.614848 0.030000 0.039340
4 0.673929 0.706218 0.030714 0.039340
4 0.661429 0.684010 0.030000 0.038071
4 0.652143 0.659898 0.030000 0.038071
3 0.470714 0.038071 0.018571 0.022843
4 0.505357 0.015863 0.020714 0.031726
4 0.529286 0.008883 0.018571 0.017766
3 0.472857 0.069797 0.015714 0.020305
3 0.484286 0.062183 0.017143 0.020305
4 0.528929 0.030457 0.017857 0.022843
3 0.529286 0.059645 0.018571 0.022843
3 0.548214 0.049492 0.017857 0.020305
4 0.571071 0.031726 0.016429 0.022843
4 0.590714 0.020939 0.017143 0.021574
4 0.461429 0.131980 0.020000 0.025381
3 0.476071 0.123731 0.016429 0.031726
3 0.484286 0.118655 0.020000 0.029188
4 0.493214 0.109137 0.019286 0.025381
4 0.504643 0.104695 0.022143 0.026650
4 0.526429 0.091371 0.020000 0.022843
3 0.515714 0.097081 0.017143 0.026650
3 0.536429 0.085025 0.020000 0.022843
4 0.547143 0.079949 0.017143 0.020305
3 0.557143 0.070431 0.015714 0.024112
4 0.567143 0.062183 0.018571 0.022843
3 0.580000 0.054569 0.012857 0.022843
4 0.587857 0.048858 0.015714 0.026650
4 0.597857 0.042513 0.014286 0.024112
4 0.605000 0.036168 0.021429 0.026650
4 0.615714 0.027919 0.017143 0.022843
3 0.624643 0.024112 0.020714 0.022843
3 0.632143 0.020305 0.021429 0.022843
3 0.641429 0.013325 0.022857 0.024112
4 0.653929 0.008249 0.016429 0.016497
4 0.463214 0.157360 0.017857 0.027919
4 0.474286 0.151650 0.015714 0.024112
3 0.485714 0.145939 0.015714 0.020305
4 0.497143 0.136421 0.015714 0.024112
3 0.503929 0.131345 0.015000 0.019036
3 0.516071 0.124365 0.012143 0.020305
3 0.527500 0.116751 0.016429 0.020305
4 0.534643 0.111041 0.019286 0.021574
4 0.546429 0.101523 0.017143 0.027919
4 0.557143 0.095178 0.014286 0.027919
4 0.568214 0.089467 0.015000 0.019036
3 0.577143 0.083756 0.014286 0.025381
3 0.583929 0.078680 0.020714 0.022843
3 0.595000 0.072335 0.014286 0.017766
4 0.605000 0.062183 0.017143 0.020305
4 0.613214 0.055838 0.019286 0.020305
4 0.625357 0.053299 0.012143 0.022843
4 0.633214 0.046320 0.017857 0.024112
4 0.652500 0.034898 0.016429 0.024112
3 0.464286 0.185279 0.017143 0.027919
4 0.474286 0.178934 0.014286 0.025381
4 0.486786 0.171954 0.019286 0.024112
4 0.503214 0.159264 0.020714 0.029188
4 0.515714 0.149112 0.015714 0.024112
4 0.526429 0.143401 0.017143 0.025381
4 0.546429 0.130076 0.015714 0.021574
4 0.556071 0.123096 0.015000 0.025381
4 0.576786 0.107868 0.016429 0.027919
4 0.585714 0.102792 0.015714 0.022843
4 0.596429 0.092640 0.014286 0.027919
4 0.613929 0.080584 0.015000 0.029188
4 0.620357 0.075508 0.016429 0.021574
4 0.629643 0.071701 0.016429 0.026650
4 0.639286 0.065355 0.017143 0.021574
3 0.648214 0.058376 0.017857 0.025381
3 0.603929 0.083756 0.019286 0.027919
