3 0.639643 0.804286 0.095000 0.220000
3 0.732143 0.637143 0.154286 0.095238
3 0.698571 0.560952 0.138571 0.085714
3 0.688214 0.495714 0.089286 0.071429
3 0.675714 0.367143 0.080000 0.079048
0 0.622143 0.453333 0.017143 0.057143
0 0.569643 0.410476 0.013571 0.055238
0 0.550714 0.524762 0.028571 0.060952
4 0.046786 0.889524 0.093571 0.219048
3 0.182857 0.535238 0.095714 0.146667
5 0.248929 0.328095 0.096429 0.149524
3 0.301786 0.188571 0.057857 0.049524
0 0.605000 0.129524 0.010000 0.032381
3 0.533929 0.144762 0.049286 0.036190
3 0.478929 0.125714 0.027857 0.036190
3 0.448571 0.038095 0.018571 0.022857
3 0.358214 0.032857 0.020714 0.029524
0 0.434286 0.064762 0.007143 0.024762
8 0.055000 0.156667 0.110000 0.086667
0 0.269286 0.102857 0.008571 0.032381
0 0.615714 0.221429 0.010000 0.044762
6 0.572857 0.302381 0.034286 0.052381
6 0.581071 0.258095 0.029286 0.049524
3 0.496071 0.035238 0.017857 0.028571
0 0.476429 0.031905 0.005714 0.020000
0 0.479286 0.024286 0.005714 0.020000
3 0.458571 0.012381 0.015714 0.020952
4 0.371071 0.011429 0.017857 0.022857
9 0.543214 0.050952 0.006429 0.020000
