3 0.451071 0.926190 0.049286 0.090476
3 0.351786 0.803333 0.062143 0.107619
3 0.526071 0.685238 0.035000 0.056190
3 0.545000 0.789048 0.037143 0.069524
3 0.585000 0.599524 0.025714 0.056190
3 0.577857 0.512381 0.021429 0.036190
3 0.612857 0.473333 0.020000 0.032381
3 0.580357 0.406667 0.019286 0.038095
3 0.514286 0.430476 0.022857 0.043810
4 0.457857 0.631429 0.035714 0.068571
4 0.537857 0.436667 0.022857 0.044762
3 0.136071 0.890476 0.066429 0.116190
3 0.369286 0.976190 0.038571 0.047619
9 0.420000 0.550000 0.015714 0.039048
3 0.540357 0.179048 0.022143 0.015238
0 0.592143 0.166667 0.002857 0.007619
9 0.562143 0.269048 0.005714 0.016190
0 0.517143 0.236667 0.002857 0.008571
9 0.615714 0.730000 0.008571 0.033333
9 0.601071 0.831905 0.012143 0.033333
9 0.679643 0.414286 0.006429 0.019048
9 0.730357 0.126190 0.003571 0.012381
3 0.682143 0.018095 0.005714 0.005714
3 0.683571 0.011429 0.005714 0.005714
3 0.700714 0.027143 0.007143 0.010476
3 0.713571 0.017619 0.007143 0.008571
3 0.708571 0.038571 0.007143 0.008571
3 0.697143 0.059524 0.007143 0.010476
3 0.678214 0.084286 0.010714 0.012381
3 0.654286 0.068571 0.007143 0.005714
0 0.675000 0.027143 0.001429 0.004762
0 0.741429 0.127619 0.002857 0.011429
0 0.746786 0.128095 0.002143 0.006667
3 0.655357 0.061429 0.007857 0.006667
1 0.602143 0.823333 0.008571 0.016190
1 0.615714 0.723810 0.008571 0.020952
1 0.421429 0.544286 0.010000 0.020000
1 0.561786 0.266667 0.005000 0.009524
1 0.730714 0.123810 0.002857 0.007619
1 0.679643 0.408571 0.006429 0.009524
