3 0.262250 0.892000 0.127500 0.116000
4 0.312500 0.786667 0.156000 0.144000
0 0.360000 0.921667 0.025000 0.039333
0 0.426500 0.850000 0.022000 0.045333
0 0.375750 0.847667 0.015500 0.042000
0 0.499250 0.650000 0.014500 0.044000
3 0.521750 0.706000 0.078500 0.122667
3 0.477250 0.540667 0.105500 0.065333
0 0.469000 0.495667 0.010000 0.035333
0 0.511250 0.496333 0.015500 0.032667
3 0.525500 0.480333 0.092000 0.066000
0 0.467000 0.441333 0.010000 0.040000
0 0.504250 0.399667 0.010500 0.038000
0 0.464750 0.360667 0.012500 0.036000
0 0.435000 0.373000 0.012000 0.035333
3 0.538000 0.295000 0.047000 0.068667
3 0.484000 0.276667 0.045000 0.065333
3 0.478500 0.217667 0.042000 0.060667
3 0.427750 0.218333 0.048500 0.063333
3 0.560000 0.235333 0.044000 0.064000
3 0.595750 0.253333 0.044500 0.062667
3 0.611750 0.320667 0.044500 0.068000
3 0.628750 0.415000 0.049500 0.088667
2 0.510250 0.161667 0.022500 0.018000
1 0.509750 0.156333 0.008500 0.028667
0 0.449500 0.128000 0.008000 0.029333
3 0.547000 0.118333 0.031000 0.046000
3 0.579250 0.126000 0.027500 0.042667
3 0.635500 0.094000 0.025000 0.040000
3 0.639000 0.139333 0.028000 0.038667
0 0.373000 0.117000 0.009000 0.027333
0 0.391750 0.111333 0.008500 0.025333
0 0.246500 0.080333 0.010000 0.027333
3 0.699500 0.100333 0.026000 0.042000
3 0.653750 0.039333 0.047500 0.025333
3 0.669250 0.015000 0.047500 0.027333
8 0.763500 0.277000 0.055000 0.102000
4 0.716250 0.441000 0.050500 0.107333
6 0.718250 0.573000 0.030500 0.060667
1 0.714000 0.569333 0.017000 0.030667
4 0.648500 0.732333 0.071000 0.164667
