3 0.299061 0.527365 0.015658 0.060297
3 0.320459 0.524119 0.014614 0.057514
0 0.362213 0.281540 0.004175 0.012059
9 0.378392 0.281540 0.003132 0.013915
0 0.377871 0.269944 0.004175 0.009276
0 0.451200 0.162801 0.002610 0.013915
6 0.352557 0.091837 0.023486 0.020408
5 0.324635 0.122449 0.044885 0.029685
0 0.456159 0.477273 0.004175 0.019481
3 0.313413 0.637755 0.039144 0.034323
3 0.315240 0.705937 0.038622 0.037106
3 0.063152 0.888219 0.034447 0.064007
3 0.119520 0.889610 0.045929 0.074212
5 0.579593 0.516234 0.063152 0.056586
5 0.582463 0.465213 0.062630 0.054731
5 0.579593 0.418831 0.062109 0.045455
5 0.577505 0.367811 0.062109 0.047310
5 0.582203 0.322820 0.058977 0.048237
3 0.740084 0.044063 0.026096 0.023191
3 0.847860 0.034323 0.033925 0.033395
3 0.901879 0.200371 0.026096 0.037106
3 0.939979 0.035250 0.031315 0.022263
5 0.960856 0.242115 0.024008 0.068646
5 0.879958 0.158163 0.044885 0.028757
5 0.788622 0.345547 0.031315 0.036178
5 0.879175 0.343692 0.031837 0.075139
5 0.928758 0.377087 0.020355 0.060297
3 0.894311 0.559369 0.022443 0.064935
