5 0.064718 0.484694 0.041754 0.028757
5 0.014353 0.492115 0.025574 0.023191
3 0.025052 0.498609 0.027140 0.019481
5 0.022965 0.503711 0.044885 0.033395
5 0.020094 0.519944 0.040188 0.030612
3 0.037839 0.526902 0.021399 0.025974
5 0.076983 0.499072 0.074635 0.077922
3 0.095251 0.519944 0.019311 0.021336
3 0.101253 0.509740 0.018789 0.023191
5 0.147704 0.493970 0.032359 0.023191
5 0.159969 0.486085 0.028706 0.025974
5 0.167797 0.497217 0.031837 0.025974
5 0.188413 0.491187 0.037578 0.036178
5 0.207463 0.485622 0.033925 0.032468
5 0.192067 0.510668 0.042797 0.036178
5 0.214509 0.498609 0.036534 0.036178
5 0.183455 0.517161 0.024530 0.019481
5 0.174582 0.535250 0.041232 0.035250
4 0.173539 0.525046 0.024530 0.025974
3 0.188935 0.551948 0.021921 0.027829
3 0.216075 0.537106 0.025052 0.027829
3 0.212944 0.564007 0.020877 0.022263
9 0.194676 0.569573 0.009395 0.012987
4 0.208246 0.406772 0.013570 0.015770
3 0.251827 0.741187 0.037056 0.040816
5 0.237996 0.900278 0.033403 0.043599
9 0.214248 0.901206 0.010960 0.030612
9 0.227296 0.931354 0.017223 0.024119
9 0.203027 0.905844 0.014614 0.021336
6 0.187630 0.944805 0.032881 0.039889
2 0.125261 0.973098 0.013570 0.037106
7 0.313935 0.769481 0.027662 0.036178
4 0.420668 0.589981 0.021921 0.038961
3 0.457724 0.502783 0.026096 0.018553
5 0.467380 0.485622 0.019311 0.023191
9 0.476514 0.455937 0.008351 0.010204
7 0.515658 0.449907 0.010438 0.018553
4 0.502349 0.418367 0.017223 0.016698
3 0.507829 0.414657 0.013570 0.014842
3 0.511482 0.411410 0.013570 0.013915
9 0.503132 0.437848 0.005219 0.011132
3 0.521399 0.395640 0.017745 0.013915
3 0.525835 0.391929 0.017223 0.012059
3 0.528967 0.386827 0.017223 0.011132
4 0.530532 0.382189 0.015136 0.012987
3 0.534447 0.376160 0.016701 0.012059
3 0.552975 0.398423 0.018267 0.015770
4 0.563413 0.371521 0.015136 0.013915
3 0.557672 0.359462 0.015136 0.010204
4 0.563935 0.341837 0.010960 0.012059
3 0.570720 0.341373 0.013048 0.012987
5 0.558716 0.311688 0.036013 0.027829
5 0.601775 0.321892 0.018789 0.035250
5 0.617432 0.347866 0.017745 0.037106
5 0.624739 0.303340 0.010438 0.025974
3 0.585856 0.319573 0.006785 0.010204
0 0.560282 0.342764 0.003653 0.008349
5 0.636482 0.262059 0.006785 0.012059
0 0.593163 0.251391 0.001566 0.007421
6 0.603079 0.247681 0.007829 0.009276
5 0.655271 0.235622 0.006785 0.011132
3 0.659447 0.525046 0.013048 0.025974
3 0.676148 0.360390 0.006785 0.013915
3 0.692067 0.322820 0.008351 0.009276
1 0.662317 0.363173 0.003132 0.008349
1 0.669363 0.324212 0.002610 0.006494
9 0.669102 0.326067 0.003132 0.006494
9 0.661534 0.365492 0.004697 0.009276
9 0.700678 0.259276 0.002610 0.004638
1 0.700678 0.257885 0.001566 0.007421
3 0.688152 0.196660 0.004697 0.009276
5 0.694937 0.182746 0.003653 0.009276
8 0.718946 0.174861 0.003653 0.006494
5 0.726253 0.211039 0.003653 0.006494
4 0.734342 0.219852 0.003132 0.007421
5 0.738518 0.229592 0.006263 0.015770
3 0.744781 0.249072 0.005219 0.008349
3 0.751044 0.272263 0.005219 0.006494
3 0.748173 0.265306 0.005741 0.007421
3 0.746086 0.262059 0.005741 0.006494
5 0.762004 0.266234 0.010438 0.009276
1 0.794624 0.466605 0.003653 0.011132
9 0.794885 0.469852 0.004175 0.012059
5 0.795668 0.537106 0.033925 0.096475
3 0.844990 0.555195 0.016701 0.023191
0 0.844468 0.545455 0.005219 0.016698
3 0.819154 0.669759 0.023486 0.033395
1 0.811848 0.694341 0.005741 0.015770
5 0.855689 0.751855 0.082985 0.169759
6 0.847599 0.827458 0.018789 0.033395
0 0.834812 0.873377 0.009916 0.017625
6 0.879175 0.933210 0.019311 0.046382
9 0.930846 0.811688 0.015136 0.018553
9 0.923278 0.802412 0.014614 0.018553
4 0.937891 0.841837 0.028184 0.052876
1 0.975992 0.829314 0.009395 0.022263
6 0.987474 0.819573 0.016701 0.036178
3 0.883612 0.679499 0.021921 0.041744
3 0.610386 0.968460 0.028706 0.061224
5 0.915971 0.445733 0.026096 0.034323
5 0.916493 0.435993 0.036534 0.033395
5 0.894050 0.423006 0.038622 0.035250
3 0.810804 0.269481 0.008873 0.010204
