5 0.406429 0.289524 0.005714 0.015238
5 0.391429 0.425238 0.008571 0.023810
5 0.396429 0.413810 0.005714 0.014286
3 0.399286 0.379524 0.005714 0.010476
3 0.396429 0.401429 0.005714 0.010476
3 0.363929 0.400476 0.006429 0.008571
3 0.357143 0.397143 0.005714 0.011429
3 0.353929 0.420952 0.007857 0.013333
5 0.373214 0.801429 0.022143 0.077143
5 0.383571 0.580000 0.014286 0.043810
5 0.381429 0.653333 0.010000 0.032381
3 0.385000 0.540952 0.010000 0.020952
3 0.380357 0.512857 0.009286 0.020000
3 0.390714 0.483810 0.008571 0.017143
3 0.393571 0.445714 0.007143 0.015238
4 0.357143 0.432381 0.005714 0.013333
4 0.340000 0.478571 0.007143 0.018095
0 0.479643 0.423333 0.003571 0.014286
0 0.861786 0.973333 0.009286 0.019048
9 0.923214 0.943333 0.013571 0.025714
3 0.879286 0.872381 0.044286 0.045714
3 0.869643 0.914762 0.046429 0.029524
3 0.847857 0.838571 0.041429 0.027619
0 0.496786 0.860000 0.007857 0.024762
0 0.513571 0.820476 0.007143 0.021905
0 0.576071 0.823810 0.007857 0.028571
0 0.581786 0.850000 0.007857 0.023810
0 0.588214 0.849048 0.006429 0.023810
0 0.589286 0.835714 0.008571 0.025714
0 0.559643 0.738571 0.005000 0.020000
0 0.560357 0.750952 0.005000 0.023810
0 0.567857 0.759048 0.005714 0.024762
0 0.555000 0.725238 0.005714 0.020000
1 0.362143 0.686667 0.004286 0.011429
6 0.362500 0.688571 0.009286 0.019048
5 0.749643 0.685714 0.042143 0.064762
3 0.792143 0.734286 0.032857 0.020952
3 0.723571 0.610476 0.015714 0.019048
