0 0.423017 0.806586 0.029749 0.064007
0 0.431367 0.648887 0.013048 0.049165
0 0.436065 0.615955 0.019311 0.076067
1 0.495825 0.556122 0.021921 0.043599
1 0.913883 0.851113 0.027140 0.039889
2 0.506002 0.599722 0.026618 0.065863
0 0.671712 0.396568 0.010438 0.045455
0 0.646660 0.395176 0.011482 0.040816
1 0.658142 0.387291 0.011482 0.015770
0 0.664666 0.378942 0.005741 0.021336
1 0.655010 0.389610 0.008351 0.012987
0 0.154749 0.567254 0.021399 0.082560
0 0.163622 0.649814 0.032881 0.084416
0 0.020877 0.758349 0.026096 0.071429
9 0.450418 0.361781 0.025052 0.055659
