5 0.277500 0.116751 0.032143 0.098985
5 0.256071 0.256345 0.037857 0.134518
9 0.343214 0.055203 0.005000 0.026650
9 0.337857 0.077411 0.008571 0.025381
4 0.328571 0.113579 0.021429 0.052030
3 0.323929 0.155457 0.019286 0.046954
4 0.318214 0.190355 0.020714 0.048223
4 0.313929 0.230964 0.023571 0.060914
4 0.310357 0.274112 0.022143 0.055838
4 0.303929 0.309010 0.023571 0.052030
3 0.209286 0.491751 0.014286 0.049492
3 0.242143 0.433376 0.017143 0.052030
4 0.260000 0.448604 0.018571 0.052030
4 0.276429 0.459391 0.018571 0.055838
5 0.224286 0.715102 0.024286 0.064721
4 0.287500 0.676396 0.030714 0.027919
3 0.251071 0.737310 0.017857 0.050761
3 0.387143 0.569797 0.014286 0.053299
3 0.442143 0.783629 0.012857 0.054569
3 0.440357 0.552665 0.013571 0.054569
4 0.889643 0.972716 0.026429 0.052030
4 0.853929 0.902919 0.023571 0.049492
8 0.833929 0.832487 0.036429 0.091371
3 0.808571 0.746827 0.020000 0.057107
3 0.789286 0.661802 0.020000 0.057107
4 0.772143 0.588832 0.020000 0.055838
8 0.756429 0.491751 0.030000 0.090102
9 0.866429 0.467640 0.010000 0.016497
9 0.911429 0.411802 0.012857 0.019036
3 0.735357 0.375635 0.019286 0.058376
1 0.724286 0.024112 0.007143 0.010152
4 0.403929 0.012690 0.010714 0.025381
3 0.427857 0.050127 0.012857 0.049492
3 0.433571 0.166878 0.012857 0.052030
4 0.395000 0.268401 0.012857 0.044416
8 0.557143 0.378807 0.034286 0.143401
4 0.421786 0.435279 0.012143 0.048223
4 0.440000 0.395939 0.012857 0.050761
3 0.491071 0.414975 0.012143 0.053299
