3 0.303571 0.973333 0.155714 0.053333
3 0.184643 0.569524 0.089286 0.154286
3 0.315000 0.876667 0.141429 0.115238
3 0.343929 0.770000 0.137857 0.098095
3 0.718571 0.950952 0.135714 0.098095
3 0.756429 0.844762 0.144286 0.104762
3 0.746071 0.644286 0.135000 0.094286
3 0.721071 0.444286 0.120714 0.088571
3 0.729643 0.364762 0.113571 0.089524
3 0.734643 0.145714 0.106429 0.078095
3 0.735714 0.076667 0.107143 0.079048
3 0.749286 0.027143 0.101429 0.052381
2 0.835357 0.422381 0.025000 0.042857
3 0.050000 0.540952 0.095714 0.163810
3 0.134286 0.388571 0.134286 0.087619
3 0.390714 0.169524 0.110000 0.078095
3 0.411786 0.102857 0.103571 0.089524
3 0.412143 0.035714 0.097143 0.067619
3 0.138571 0.114286 0.074286 0.114286
3 0.203929 0.111429 0.080714 0.127619
3 0.182857 0.021905 0.060000 0.043810
0 0.017500 0.975714 0.032143 0.048571
4 0.111786 0.778095 0.115000 0.205714
4 0.734286 0.737619 0.147143 0.100000
0 0.571429 0.881429 0.018571 0.039048
0 0.523929 0.917143 0.023571 0.034286
0 0.597500 0.704286 0.023571 0.029524
0 0.667500 0.535238 0.019286 0.030476
0 0.690714 0.550476 0.027143 0.024762
4 0.290000 0.119048 0.064286 0.114286
