5 0.311786 0.862857 0.029286 0.089524
3 0.164286 0.983333 0.055714 0.033333
3 0.239286 0.875714 0.031429 0.071429
3 0.237500 0.810000 0.050714 0.048571
3 0.221786 0.775714 0.056429 0.035238
3 0.242500 0.728095 0.050714 0.037143
3 0.224286 0.688571 0.055714 0.038095
3 0.211071 0.566190 0.045000 0.031429
3 0.203214 0.435714 0.047857 0.029524
3 0.257500 0.374286 0.017857 0.045714
3 0.213571 0.310476 0.037143 0.026667
3 0.244286 0.162857 0.017143 0.034286
3 0.242143 0.111905 0.015714 0.037143
3 0.248571 0.198571 0.015714 0.031429
3 0.228571 0.180952 0.018571 0.041905
3 0.332857 0.212857 0.017143 0.042857
3 0.268214 0.230476 0.017857 0.043810
3 0.315714 0.017143 0.015714 0.034286
3 0.193214 0.012381 0.035000 0.020952
5 0.264286 0.145238 0.020000 0.054286
3 0.264643 0.111429 0.016429 0.036190
4 0.268571 0.192381 0.017143 0.040000
4 0.248571 0.230000 0.015714 0.037143
4 0.250714 0.647143 0.047143 0.037143
4 0.319286 0.644762 0.031429 0.066667
3 0.413214 0.655714 0.022143 0.056190
3 0.261429 0.425714 0.021429 0.045714
3 0.252143 0.465238 0.045714 0.027619
3 0.237857 0.409524 0.020000 0.055238
3 0.205714 0.539524 0.044286 0.033333
3 0.205000 0.469048 0.044286 0.031429
3 0.213214 0.335714 0.042143 0.029524
3 0.203214 0.399524 0.036429 0.040952
3 0.200357 0.370476 0.037857 0.045714
4 0.283214 0.415238 0.022143 0.057143
4 0.277143 0.367143 0.020000 0.046667
3 0.765000 0.192381 0.034286 0.024762
4 0.915000 0.519048 0.041429 0.028571
3 0.562857 0.640952 0.045714 0.034286
9 0.519286 0.723810 0.011429 0.028571
9 0.508214 0.710952 0.009286 0.033333
1 0.530357 0.756190 0.007857 0.015238
0 0.498571 0.775714 0.005714 0.014286
1 0.332143 0.503333 0.008571 0.010476
9 0.332500 0.506667 0.009286 0.020952
9 0.529286 0.757619 0.018571 0.014286
9 0.614286 0.841905 0.021429 0.013333
2 0.521429 0.690476 0.014286 0.015238
3 0.475000 0.982381 0.020000 0.035238
2 0.572500 0.714286 0.016429 0.015238
4 0.438214 0.300476 0.017857 0.039048
3 0.412143 0.128571 0.015714 0.034286
3 0.193929 0.288095 0.037857 0.027619
4 0.191071 0.267143 0.032143 0.027619
7 0.184286 0.215238 0.015714 0.013333
0 0.275714 0.334762 0.008571 0.018095
1 0.368214 0.979524 0.010714 0.014286
7 0.370357 0.983810 0.017857 0.032381
1 0.309643 0.201429 0.006429 0.010476
1 0.310714 0.274286 0.008571 0.013333
9 0.310714 0.203810 0.005714 0.017143
9 0.311786 0.279048 0.007857 0.020952
