3 0.157857 0.430000 0.027143 0.018095
3 0.209286 0.403333 0.031429 0.018095
3 0.320357 0.427143 0.027857 0.018095
3 0.006786 0.393810 0.013571 0.016190
3 0.006071 0.415238 0.012143 0.017143
3 0.005714 0.434762 0.011429 0.016190
3 0.348929 0.485238 0.026429 0.016190
3 0.349643 0.405238 0.026429 0.016190
3 0.399286 0.486667 0.027143 0.015238
3 0.427500 0.401905 0.030714 0.020952
3 0.555357 0.139524 0.013571 0.033333
3 0.573214 0.148095 0.013571 0.035238
3 0.578214 0.409048 0.020714 0.033333
3 0.600714 0.417619 0.014286 0.039048
3 0.614286 0.400000 0.015714 0.036190
3 0.658214 0.365714 0.013571 0.034286
3 0.679286 0.363333 0.017143 0.039048
3 0.697500 0.354762 0.015000 0.037143
4 0.712500 0.348095 0.016429 0.037143
3 0.745000 0.341905 0.012857 0.036190
3 0.756786 0.326667 0.015000 0.036190
4 0.756786 0.258571 0.020714 0.029524
3 0.743214 0.221429 0.016429 0.037143
3 0.731071 0.178095 0.019286 0.034286
5 0.722143 0.132857 0.015714 0.039048
4 0.724286 0.008571 0.017143 0.017143
3 0.820714 0.292381 0.021429 0.022857
3 0.823929 0.309524 0.026429 0.022857
3 0.812143 0.332381 0.021429 0.019048
3 0.830714 0.339048 0.021429 0.032381
3 0.851429 0.344286 0.024286 0.025714
5 0.666071 0.461905 0.035000 0.024762
3 0.689643 0.450952 0.015000 0.037143
3 0.703929 0.443810 0.017857 0.036190
3 0.717857 0.443333 0.011429 0.027619
5 0.751071 0.440476 0.036429 0.027619
3 0.742857 0.420952 0.025714 0.020952
3 0.793571 0.504286 0.011429 0.035238
3 0.857143 0.403810 0.024286 0.022857
3 0.863571 0.420476 0.025714 0.021905
3 0.873929 0.456667 0.027857 0.021905
3 0.796429 0.546667 0.012857 0.032381
5 0.811786 0.644762 0.017857 0.043810
3 0.816429 0.697143 0.012857 0.038095
4 0.821071 0.744762 0.016429 0.036190
3 0.858929 0.710952 0.027857 0.021905
3 0.907500 0.740952 0.026429 0.024762
5 0.836429 0.864286 0.024286 0.052381
5 0.885357 0.860952 0.029286 0.028571
5 0.892857 0.904286 0.030000 0.021905
4 0.894286 0.926190 0.021429 0.020000
4 0.901786 0.947619 0.027857 0.024762
3 0.903571 0.970476 0.028571 0.019048
3 0.905000 0.990476 0.028571 0.019048
3 0.823214 0.188571 0.026429 0.024762
3 0.827857 0.213810 0.022857 0.023810
3 0.821429 0.161905 0.021429 0.019048
3 0.647857 0.520000 0.014286 0.040000
3 0.650000 0.562857 0.011429 0.032381
3 0.621786 0.667143 0.015000 0.039048
3 0.603571 0.681429 0.012857 0.033333
3 0.629643 0.718095 0.013571 0.038095
4 0.653214 0.724762 0.016429 0.045714
4 0.650000 0.779048 0.012857 0.036190
3 0.637143 0.796667 0.012857 0.035238
3 0.648214 0.919048 0.013571 0.038095
9 0.614643 0.333333 0.009286 0.017143
9 0.643214 0.354286 0.009286 0.015238
9 0.673571 0.399048 0.012857 0.007619
9 0.625000 0.374286 0.008571 0.017143
9 0.582500 0.280000 0.007857 0.013333
9 0.584643 0.222381 0.005000 0.014286
9 0.513214 0.401905 0.009286 0.013333
9 0.480714 0.400952 0.008571 0.015238
9 0.464643 0.438095 0.010714 0.009524
9 0.346786 0.460000 0.016429 0.013333
9 0.642857 0.853810 0.008571 0.021905
9 0.655357 0.825714 0.006429 0.017143
0 0.824643 0.801905 0.009286 0.009524
0 0.948214 0.702381 0.009286 0.010476
0 0.733214 0.153810 0.006429 0.010476
3 0.850000 0.537143 0.031429 0.024762
