8 0.031071 0.091371 0.039286 0.038071
8 0.035357 0.058376 0.065000 0.063452
5 0.092857 0.137056 0.040000 0.081218
4 0.115714 0.214467 0.020000 0.040609
9 0.129643 0.704949 0.007857 0.011421
9 0.138929 0.685914 0.007857 0.011421
9 0.141429 0.678299 0.010000 0.011421
0 0.204286 0.616751 0.007143 0.017766
0 0.213214 0.586294 0.005000 0.012690
0 0.116429 0.800761 0.010000 0.010152
1 0.146071 0.788706 0.007857 0.011421
1 0.150357 0.777284 0.006429 0.011421
1 0.153929 0.773477 0.006429 0.013959
4 0.256429 0.626269 0.027143 0.059645
5 0.285714 0.744289 0.045714 0.125635
3 0.422500 0.064721 0.015000 0.030457
3 0.346071 0.331853 0.029286 0.036802
3 0.392500 0.369924 0.027857 0.039340
3 0.367143 0.391497 0.027143 0.036802
3 0.444286 0.421320 0.028571 0.038071
3 0.310714 0.302030 0.030000 0.032995
3 0.272857 0.302030 0.024286 0.032995
4 0.278214 0.275381 0.030714 0.035533
4 0.410000 0.428934 0.032857 0.045685
8 0.320714 0.341371 0.047143 0.060914
4 0.466071 0.482868 0.030714 0.046954
8 0.531786 0.506980 0.043571 0.064721
3 0.533214 0.557741 0.033571 0.046954
3 0.482143 0.010152 0.014286 0.020305
4 0.402500 0.219543 0.025000 0.068528
4 0.427143 0.218909 0.024286 0.062183
3 0.377857 0.226523 0.017143 0.039340
0 0.522857 0.168147 0.005714 0.013959
4 0.529286 0.855964 0.024286 0.074873
3 0.570000 0.924492 0.018571 0.067259
3 0.625357 0.722716 0.027857 0.067259
3 0.619286 0.624365 0.032857 0.058376
4 0.685714 0.841371 0.021429 0.073604
3 0.657500 0.970812 0.017857 0.055838
4 0.970357 0.895939 0.047857 0.078680
3 0.788929 0.522843 0.023571 0.055838
3 0.722500 0.383249 0.012143 0.050761
3 0.717857 0.479695 0.014286 0.055838
3 0.716429 0.545685 0.017143 0.055838
3 0.678571 0.398477 0.014286 0.053299
3 0.671786 0.482234 0.016429 0.053299
3 0.699643 0.375635 0.015000 0.045685
4 0.742143 0.320431 0.017143 0.049492
5 0.697857 0.463832 0.025714 0.133249
4 0.682143 0.320431 0.014286 0.054569
5 0.703571 0.288071 0.020000 0.083756
3 0.703929 0.192259 0.010714 0.036802
3 0.703571 0.231599 0.011429 0.036802
