3 0.735714 0.897619 0.194286 0.145714
3 0.730000 0.772857 0.172857 0.124762
3 0.722500 0.683810 0.169286 0.093333
3 0.715357 0.614762 0.140714 0.079048
3 0.886786 0.564286 0.127857 0.092381
3 0.880000 0.629524 0.157143 0.112381
3 0.899643 0.727619 0.167857 0.110476
3 0.965714 0.515238 0.065714 0.076190
3 0.140357 0.530476 0.123571 0.120000
3 0.267143 0.495714 0.104286 0.132381
3 0.337143 0.528095 0.085714 0.132381
3 0.597143 0.207619 0.047143 0.034286
3 0.577857 0.182857 0.042857 0.034286
3 0.513571 0.163810 0.038571 0.034286
3 0.509643 0.196667 0.057857 0.042857
3 0.437143 0.224762 0.040000 0.049524
3 0.394286 0.139048 0.044286 0.045714
3 0.276429 0.105238 0.061429 0.029524
3 0.156071 0.100476 0.056429 0.025714
4 0.378571 0.290476 0.042857 0.064762
4 0.303571 0.336667 0.081429 0.094286
0 0.097857 0.248571 0.021429 0.049524
0 0.006429 0.214286 0.012857 0.032381
0 0.052143 0.112857 0.018571 0.025714
0 0.206071 0.098571 0.013571 0.027619
0 0.188214 0.099048 0.010714 0.026667
0 0.171071 0.074286 0.010714 0.026667
0 0.216071 0.073333 0.007857 0.028571
0 0.198214 0.084762 0.007857 0.026667
0 0.189286 0.090952 0.007143 0.025714
0 0.187143 0.085714 0.007143 0.024762
0 0.193214 0.078571 0.006429 0.023810
0 0.245357 0.070476 0.007857 0.024762
1 0.252500 0.067619 0.009286 0.020952
2 0.254286 0.075714 0.012857 0.016190
0 0.249286 0.055238 0.007143 0.020952
0 0.266429 0.085238 0.008571 0.023810
0 0.278929 0.075238 0.007857 0.024762
0 0.298214 0.080952 0.007857 0.022857
0 0.292143 0.078095 0.007143 0.026667
0 0.288571 0.065714 0.005714 0.019048
0 0.279286 0.060952 0.010000 0.020952
0 0.260357 0.052857 0.009286 0.025714
0 0.265714 0.055238 0.007143 0.026667
0 0.271071 0.058095 0.005000 0.028571
8 0.274643 0.022857 0.076429 0.045714
3 0.230714 0.011905 0.022857 0.023810
4 0.333571 0.026667 0.025714 0.026667
3 0.318929 0.030476 0.020714 0.024762
3 0.357500 0.022857 0.027857 0.028571
3 0.325714 0.010476 0.027143 0.019048
0 0.405357 0.040952 0.007857 0.028571
0 0.401071 0.044762 0.006429 0.017143
0 0.431071 0.036190 0.009286 0.019048
3 0.443214 0.093333 0.043571 0.034286
3 0.491786 0.096667 0.029286 0.027619
3 0.513929 0.075714 0.016429 0.025714
3 0.530714 0.092381 0.020000 0.032381
3 0.554643 0.112857 0.025000 0.039048
3 0.569286 0.090476 0.021429 0.028571
3 0.558214 0.148571 0.030714 0.036190
3 0.585357 0.131429 0.030714 0.030476
3 0.596786 0.152381 0.032143 0.032381
8 0.550714 0.054286 0.024286 0.057143
1 0.534643 0.030000 0.006429 0.012381
9 0.535000 0.036667 0.011429 0.010476
0 0.594643 0.017143 0.007857 0.013333
0 0.640000 0.025238 0.007143 0.018095
1 0.625000 0.058095 0.005714 0.017143
2 0.625000 0.066667 0.007143 0.017143
3 0.609286 0.067619 0.022857 0.028571
3 0.648571 0.081429 0.027143 0.031429
3 0.628929 0.100000 0.019286 0.026667
3 0.610714 0.110476 0.030000 0.038095
3 0.650000 0.143333 0.030000 0.040952
3 0.669643 0.120000 0.025000 0.030476
3 0.668929 0.102381 0.025000 0.021905
3 0.677857 0.089524 0.022857 0.024762
3 0.687500 0.062381 0.020714 0.023810
4 0.669286 0.062857 0.037143 0.034286
3 0.692143 0.028571 0.012857 0.017143
3 0.675714 0.024286 0.015714 0.014286
3 0.656429 0.020476 0.015714 0.018095
3 0.681429 0.140000 0.031429 0.038095
0 0.607857 0.100952 0.011429 0.022857
1 0.579286 0.018095 0.004286 0.007619
2 0.580357 0.022381 0.013571 0.008571
3 0.708929 0.030952 0.015000 0.018095
0 0.425000 0.038571 0.010000 0.020000
0 0.611786 0.452857 0.017857 0.054286
0 0.735714 0.243810 0.011429 0.036190
0 0.705714 0.288571 0.010000 0.030476
0 0.699286 0.288095 0.008571 0.025714
3 0.032500 0.717619 0.065000 0.134286
