3 0.135500 0.933667 0.067000 0.132667
3 0.183750 0.717000 0.051500 0.108667
3 0.204000 0.616333 0.046000 0.095333
3 0.230750 0.473000 0.034500 0.080667
4 0.244250 0.399000 0.030500 0.050000
5 0.257750 0.338000 0.031500 0.062667
3 0.347250 0.327333 0.024500 0.056000
3 0.479500 0.401667 0.029000 0.055333
3 0.577250 0.455000 0.033500 0.066000
4 0.675250 0.466333 0.035500 0.066000
3 0.544000 0.728667 0.034000 0.098667
3 0.763000 0.778333 0.065000 0.119333
3 0.807000 0.926000 0.067000 0.134667
3 0.394250 0.077000 0.016500 0.032667
3 0.317500 0.033000 0.018000 0.027333
0 0.330500 0.105333 0.009000 0.025333
0 0.338500 0.095333 0.008000 0.020000
3 0.568000 0.054667 0.020000 0.018667
4 0.558250 0.035000 0.019500 0.019333
3 0.551750 0.016000 0.018500 0.024000
3 0.745750 0.170333 0.041500 0.026000
3 0.689000 0.093667 0.038000 0.022000
3 0.733750 0.094667 0.038500 0.024000
3 0.776500 0.093000 0.039000 0.022000
3 0.683500 0.059333 0.034000 0.016000
