3 0.153000 0.930333 0.162000 0.139333
3 0.558000 0.968000 0.180000 0.057333
4 0.615500 0.675333 0.175000 0.141333
3 0.243750 0.536000 0.101500 0.082667
3 0.288000 0.486333 0.099000 0.068667
3 0.356250 0.471333 0.097500 0.066667
3 0.410000 0.439333 0.093000 0.069333
3 0.669500 0.316333 0.083000 0.043333
3 0.659250 0.347333 0.091500 0.044000
3 0.452250 0.373333 0.098500 0.058667
4 0.655750 0.381333 0.101500 0.074667
3 0.676750 0.247333 0.070500 0.038667
3 0.683750 0.173333 0.056500 0.038667
3 0.671500 0.216333 0.062000 0.039333
3 0.695250 0.158333 0.052500 0.027333
3 0.693750 0.146000 0.046500 0.020000
3 0.690000 0.134000 0.059000 0.024000
3 0.702000 0.105000 0.035000 0.026000
3 0.688750 0.117667 0.043500 0.026000
3 0.690000 0.095000 0.043000 0.024667
7 0.544250 0.178667 0.036500 0.024000
9 0.581000 0.159667 0.014000 0.018000
3 0.597250 0.059667 0.024500 0.020667
3 0.610250 0.043000 0.025500 0.022000
4 0.600000 0.035667 0.027000 0.023333
3 0.711250 0.061667 0.042500 0.022000
3 0.700750 0.046000 0.040500 0.017333
3 0.633500 0.023333 0.013000 0.017333
3 0.700500 0.034667 0.029000 0.018667
3 0.709750 0.022667 0.026500 0.013333
3 0.708750 0.015667 0.029500 0.012667
3 0.708750 0.008333 0.032500 0.014000
3 0.653000 0.019000 0.014000 0.020667
3 0.641750 0.010000 0.015500 0.013333
5 0.977500 0.159667 0.045000 0.086000
4 0.916000 0.053333 0.025000 0.032000
