0 0.712857 0.971429 0.015714 0.057143
3 0.696429 0.875714 0.090000 0.052381
3 0.686071 0.836667 0.072143 0.039048
3 0.670000 0.810476 0.065714 0.036190
0 0.599286 0.800000 0.010000 0.038095
3 0.612143 0.771905 0.060000 0.031429
3 0.390357 0.653333 0.019286 0.019048
3 0.407857 0.636667 0.018571 0.016190
3 0.433929 0.631905 0.016429 0.018095
3 0.390000 0.578095 0.011429 0.009524
3 0.404643 0.579048 0.009286 0.011429
3 0.412143 0.574762 0.008571 0.010476
4 0.395714 0.574286 0.010000 0.011429
3 0.403571 0.572857 0.007143 0.008571
4 0.416786 0.569524 0.007857 0.009524
3 0.424286 0.569524 0.008571 0.011429
8 0.409286 0.560476 0.015714 0.018095
3 0.438214 0.560000 0.007857 0.009524
3 0.445357 0.554286 0.007857 0.007619
0 0.363929 0.571905 0.003571 0.010476
3 0.110357 0.624286 0.033571 0.016190
3 0.130000 0.619048 0.032857 0.015238
0 0.535357 0.620476 0.005000 0.014286
