8 0.081786 0.592640 0.137857 0.078680
3 0.202500 0.611675 0.049286 0.035533
9 0.245714 0.617386 0.025714 0.021574
1 0.243929 0.616751 0.010714 0.025381
3 0.285357 0.688452 0.049286 0.041878
3 0.298571 0.633249 0.050000 0.038071
4 0.347500 0.697970 0.049286 0.045685
3 0.360000 0.648477 0.047143 0.038071
0 0.809286 0.785533 0.010000 0.022843
0 0.796071 0.739848 0.010714 0.022843
0 0.773571 0.736675 0.008571 0.024112
8 0.664643 0.501904 0.023571 0.087563
0 0.550000 0.301396 0.005714 0.021574
0 0.552857 0.270305 0.007143 0.027919
0 0.608929 0.529822 0.009286 0.034264
0 0.311071 0.342640 0.005000 0.022843
0 0.336786 0.334391 0.006429 0.021574
0 0.343214 0.350888 0.005000 0.024112
0 0.356071 0.328680 0.006429 0.022843
0 0.361786 0.328680 0.005000 0.022843
0 0.364643 0.300127 0.005000 0.024112
