5 0.424322 0.277829 0.049061 0.056586
3 0.447286 0.298701 0.028184 0.027829
3 0.557933 0.335343 0.013570 0.028757
3 0.591075 0.333952 0.013048 0.025974
3 0.628653 0.394712 0.028706 0.032468
3 0.634916 0.379870 0.026618 0.028757
1 0.578027 0.229592 0.001566 0.004638
1 0.579332 0.228200 0.003132 0.011132
2 0.579854 0.232375 0.005219 0.010204
3 0.707724 0.221707 0.016701 0.022263
4 0.705898 0.161410 0.021399 0.020408
3 0.798278 0.237941 0.022443 0.019481
3 0.786013 0.226345 0.025052 0.016698
4 0.776618 0.216605 0.018789 0.021336
3 0.771921 0.210575 0.024008 0.016698
3 0.764353 0.202690 0.024530 0.017625
3 0.765919 0.197588 0.023486 0.020408
3 0.761743 0.177644 0.021399 0.017625
3 0.760177 0.171614 0.023486 0.016698
3 0.762004 0.163729 0.019833 0.015770
3 0.717380 0.158627 0.016180 0.016698
3 0.718946 0.149351 0.020355 0.014842
3 0.725731 0.144712 0.016180 0.012987
3 0.735647 0.139147 0.018267 0.018553
3 0.754697 0.119202 0.018789 0.015770
3 0.765136 0.108998 0.019833 0.015770
3 0.923278 0.289425 0.024008 0.016698
