0 0.270714 0.134762 0.020000 0.029524
0 0.112500 0.660952 0.029286 0.026667
0 0.148929 0.684762 0.025000 0.026667
0 0.156071 0.706667 0.026429 0.024762
0 0.022857 0.914286 0.037143 0.026667
0 0.018929 0.945714 0.037857 0.034286
9 0.792500 0.980476 0.037857 0.039048
9 0.833929 0.924286 0.032143 0.063810
0 0.916786 0.511429 0.023571 0.024762
0 0.942857 0.188095 0.022857 0.037143
0 0.806786 0.127619 0.017857 0.030476
0 0.811071 0.173333 0.016429 0.034286
1 0.785714 0.189524 0.018571 0.028571
0 0.766071 0.124762 0.013571 0.038095
1 0.646071 0.500000 0.023571 0.019048
1 0.524643 0.195238 0.013571 0.026667
1 0.533214 0.207143 0.015000 0.023810
1 0.502857 0.321905 0.014286 0.028571
1 0.497500 0.330952 0.016429 0.018095
1 0.358214 0.490000 0.023571 0.012381
1 0.364643 0.500476 0.022143 0.018095
0 0.347500 0.482381 0.013571 0.018095
0 0.335714 0.460000 0.017143 0.026667
0 0.282857 0.462857 0.018571 0.026667
0 0.400000 0.479048 0.015714 0.032381
0 0.397857 0.528095 0.014286 0.023810
0 0.457143 0.552381 0.015714 0.020952
0 0.496429 0.629048 0.012857 0.023810
0 0.524643 0.589048 0.013571 0.021905
0 0.359643 0.410952 0.019286 0.027619
0 0.477857 0.440476 0.012857 0.027619
0 0.439643 0.429524 0.023571 0.036190
0 0.385714 0.355238 0.017143 0.022857
0 0.467857 0.367619 0.017143 0.024762
0 0.425714 0.314762 0.015714 0.031429
0 0.494286 0.354762 0.010000 0.031429
0 0.492500 0.335238 0.013571 0.024762
0 0.451429 0.257143 0.018571 0.032381
0 0.486786 0.215714 0.012143 0.029524
0 0.538214 0.265238 0.013571 0.029524
0 0.590714 0.312857 0.011429 0.021905
0 0.568214 0.364762 0.009286 0.030476
0 0.613929 0.425238 0.015000 0.031429
0 0.609643 0.490000 0.015000 0.029524
0 0.553929 0.539524 0.015000 0.029524
0 0.585000 0.623810 0.014286 0.020952
0 0.645357 0.365714 0.010714 0.024762
1 0.639643 0.297143 0.013571 0.024762
2 0.722500 0.335238 0.017857 0.049524
2 0.685714 0.304762 0.024286 0.036190
2 0.643929 0.251905 0.012143 0.035238
2 0.628571 0.261429 0.018571 0.046667
2 0.597143 0.236190 0.018571 0.032381
2 0.495714 0.166667 0.025714 0.034286
2 0.375357 0.291429 0.022143 0.036190
2 0.352500 0.581429 0.022143 0.035238
2 0.369643 0.569048 0.027857 0.029524
2 0.377143 0.550000 0.028571 0.033333
1 0.483929 0.619048 0.013571 0.017143
2 0.493929 0.658571 0.032143 0.033333
2 0.423571 0.660952 0.022857 0.040000
2 0.540000 0.684286 0.028571 0.029524
