3 0.099643 0.046667 0.017857 0.009524
3 0.182857 0.034762 0.004286 0.008571
4 0.198571 0.013810 0.012857 0.023810
4 0.308214 0.022857 0.009286 0.013333
4 0.330357 0.150000 0.022143 0.031429
4 0.342857 0.140952 0.018571 0.024762
3 0.305357 0.151429 0.010714 0.015238
3 0.322143 0.132381 0.012857 0.013333
9 0.371786 0.164286 0.006429 0.006667
1 0.370714 0.161429 0.002857 0.008571
1 0.321429 0.793810 0.010000 0.021905
9 0.321429 0.803333 0.010000 0.035238
9 0.443571 0.737619 0.011429 0.037143
1 0.442500 0.736190 0.007857 0.019048
4 0.469643 0.659048 0.027857 0.070476
4 0.624643 0.491905 0.067857 0.119048
4 0.494643 0.215714 0.015000 0.018095
0 0.569643 0.252381 0.003571 0.013333
0 0.577500 0.239524 0.003571 0.014286
0 0.567143 0.225238 0.004286 0.010476
0 0.556786 0.226667 0.003571 0.011429
0 0.601071 0.275714 0.003571 0.016190
0 0.645714 0.402857 0.005714 0.015238
3 0.630000 0.323810 0.030000 0.022857
3 0.641786 0.265714 0.017857 0.019048
3 0.620357 0.264762 0.017857 0.017143
4 0.609643 0.271429 0.019286 0.022857
8 0.574286 0.310952 0.041429 0.071429
8 0.544643 0.231905 0.033571 0.050476
3 0.637500 0.224762 0.022143 0.017143
3 0.609286 0.150476 0.017143 0.011429
3 0.620357 0.140000 0.016429 0.011429
3 0.588571 0.130476 0.020000 0.011429
1 0.515000 0.195714 0.002857 0.008571
9 0.515357 0.200000 0.003571 0.007619
3 0.540714 0.160000 0.020000 0.013333
3 0.627857 0.125238 0.018571 0.012381
4 0.640357 0.137619 0.029286 0.027619
4 0.548929 0.150000 0.015000 0.014286
4 0.532143 0.150952 0.014286 0.014286
4 0.520357 0.143810 0.026429 0.022857
4 0.521429 0.135238 0.027143 0.017143
4 0.557500 0.112381 0.012143 0.032381
4 0.424643 0.177619 0.027857 0.025714
4 0.483929 0.162857 0.017857 0.026667
4 0.538929 0.111429 0.010714 0.032381
3 0.527500 0.118095 0.006429 0.009524
7 0.535714 0.192381 0.010000 0.017143
1 0.535357 0.194286 0.003571 0.009524
8 0.496071 0.147619 0.022143 0.040000
8 0.465000 0.126190 0.020000 0.033333
4 0.808571 0.917619 0.118571 0.162857
9 0.819643 0.838571 0.022143 0.037143
1 0.821071 0.833810 0.013571 0.014286
3 0.972143 0.701905 0.054286 0.034286
3 0.985714 0.735238 0.028571 0.040000
3 0.981429 0.561905 0.037143 0.034286
3 0.985357 0.508095 0.029286 0.031429
3 0.865714 0.658571 0.054286 0.063810
4 0.793929 0.678095 0.072143 0.104762
3 0.902857 0.657143 0.055714 0.064762
3 0.953571 0.664762 0.057143 0.032381
3 0.931786 0.629524 0.056429 0.030476
3 0.970000 0.541429 0.050000 0.031429
3 0.978571 0.486190 0.042857 0.023810
3 0.962500 0.467619 0.045000 0.026667
3 0.936071 0.495238 0.049286 0.032381
3 0.918571 0.474286 0.047143 0.028571
3 0.893571 0.407619 0.034286 0.036190
3 0.876786 0.409524 0.032143 0.040000
3 0.852857 0.499048 0.041429 0.045714
3 0.883929 0.540000 0.040714 0.051429
3 0.953214 0.518095 0.047857 0.028571
3 0.861071 0.544286 0.040714 0.054286
3 0.828571 0.499048 0.038571 0.043810
3 0.836429 0.413810 0.030000 0.037143
3 0.774643 0.416667 0.023571 0.037143
3 0.758571 0.422381 0.018571 0.033333
4 0.829286 0.352857 0.028571 0.037143
4 0.757143 0.339048 0.031429 0.020952
4 0.719286 0.265238 0.034286 0.025714
3 0.848214 0.353333 0.032143 0.034286
3 0.872500 0.356667 0.030714 0.029524
3 0.888929 0.354286 0.029286 0.024762
3 0.908214 0.354762 0.029286 0.029524
3 0.963214 0.346667 0.022143 0.017143
9 0.972500 0.357143 0.026429 0.015238
3 0.942500 0.350952 0.030714 0.029524
9 0.894643 0.309048 0.010714 0.010476
9 0.825000 0.254762 0.008571 0.010476
9 0.835000 0.275714 0.005714 0.012381
4 0.791786 0.355714 0.026429 0.035238
3 0.727500 0.280476 0.029286 0.018095
3 0.698929 0.204762 0.022143 0.017143
3 0.704643 0.260476 0.020714 0.016190
3 0.673571 0.212857 0.021429 0.016190
3 0.687500 0.187619 0.020714 0.020952
3 0.667143 0.137619 0.010000 0.010476
3 0.533214 0.083810 0.007857 0.009524
3 0.522857 0.084762 0.008571 0.011429
3 0.437857 0.029048 0.005714 0.006667
3 0.407143 0.020000 0.007143 0.007619
3 0.410357 0.010952 0.005000 0.008571
4 0.464286 0.068571 0.011429 0.017143
9 0.512500 0.093333 0.007857 0.005714
1 0.512857 0.090476 0.002857 0.007619
4 0.480714 0.030952 0.010000 0.008571
3 0.487143 0.034286 0.008571 0.007619
3 0.415000 0.020000 0.005714 0.003810
3 0.428214 0.030476 0.007857 0.007619
4 0.415714 0.029048 0.005714 0.008571
