0 0.453250 0.866667 0.026500 0.085333
0 0.542750 0.843667 0.021500 0.075333
0 0.502000 0.729000 0.021000 0.064667
0 0.531750 0.714333 0.021500 0.068667
0 0.609500 0.659000 0.017000 0.060667
0 0.567000 0.655667 0.018000 0.055333
0 0.757750 0.494667 0.019500 0.048000
0 0.794500 0.488000 0.018000 0.053333
0 0.774500 0.452000 0.014000 0.044000
0 0.863000 0.432667 0.016000 0.049333
0 0.913750 0.377000 0.016500 0.035333
0 0.965250 0.344667 0.013500 0.029333
0 0.984500 0.263667 0.014000 0.030000
0 0.582000 0.597667 0.011000 0.058000
0 0.548500 0.643333 0.017000 0.062667
0 0.482000 0.687333 0.018000 0.060000
0 0.440500 0.729000 0.021000 0.064667
0 0.417750 0.748667 0.027500 0.073333
0 0.369000 0.725333 0.019000 0.065333
0 0.373250 0.416667 0.014500 0.044000
0 0.934250 0.375667 0.011500 0.035333
1 0.323500 0.795667 0.031000 0.075333
1 0.202500 0.609000 0.017000 0.039333
1 0.197500 0.585000 0.021000 0.035333
1 0.175000 0.582667 0.022000 0.036000
1 0.193000 0.572333 0.022000 0.044667
1 0.403250 0.362000 0.010500 0.024000
1 0.420000 0.355667 0.015000 0.026000
1 0.714250 0.469667 0.017500 0.027333
1 0.734250 0.459667 0.013500 0.032667
1 0.662000 0.529333 0.017000 0.046667
1 0.630250 0.695000 0.010500 0.026000
1 0.622000 0.690333 0.014000 0.031333
1 0.839500 0.425333 0.018000 0.034667
1 0.794750 0.416000 0.012500 0.028000
1 0.543500 0.833667 0.018000 0.034000
0 0.636250 0.675333 0.019500 0.065333
0 0.528250 0.665333 0.021500 0.058667
0 0.525500 0.612333 0.015000 0.062000
0 0.514250 0.604333 0.020500 0.063333
0 0.570500 0.569333 0.016000 0.052000
0 0.570500 0.608667 0.017000 0.054667
0 0.489750 0.628333 0.022500 0.048667
0 0.425750 0.687333 0.023500 0.052000
0 0.362250 0.700000 0.017500 0.066667
0 0.405500 0.668667 0.022000 0.060000
0 0.422750 0.668667 0.021500 0.058667
1 0.448250 0.662000 0.027500 0.042667
0 0.461750 0.826667 0.029500 0.070667
0 0.440250 0.808333 0.027500 0.072667
0 0.844500 0.370667 0.014000 0.036000
0 0.869500 0.240333 0.007000 0.024667
9 0.217000 0.781000 0.068000 0.058000
9 0.325500 0.805333 0.059000 0.061333
9 0.295250 0.437667 0.019500 0.040667
4 0.307750 0.683667 0.087500 0.144667
4 0.911750 0.448000 0.073500 0.057333
4 0.972750 0.470000 0.054500 0.062667
4 0.817250 0.353667 0.082500 0.055333
3 0.888000 0.305667 0.060000 0.044667
3 0.908250 0.301000 0.058500 0.039333
4 0.942000 0.273000 0.063000 0.040667
3 0.953000 0.257000 0.054000 0.035333
3 0.898750 0.245667 0.048500 0.035333
3 0.836000 0.233667 0.045000 0.028667
3 0.904250 0.210333 0.037500 0.020667
3 0.971250 0.219000 0.043500 0.026000
3 0.799500 0.191333 0.033000 0.022667
3 0.243250 0.210667 0.029500 0.020000
4 0.283000 0.173667 0.017000 0.018000
4 0.108250 0.148333 0.022500 0.014000
4 0.123250 0.154000 0.017500 0.012000
5 0.181750 0.196000 0.056500 0.029333
8 0.255750 0.166333 0.029500 0.027333
3 0.233000 0.165000 0.025000 0.012667
3 0.218000 0.161000 0.024000 0.011333
3 0.200250 0.153333 0.018500 0.009333
3 0.196750 0.151667 0.015500 0.010000
3 0.193000 0.151000 0.017000 0.010000
5 0.181250 0.145333 0.028500 0.016000
5 0.210250 0.154667 0.025500 0.016000
5 0.168750 0.142000 0.024500 0.014667
3 0.148250 0.144667 0.009500 0.009333
3 0.175750 0.181333 0.030500 0.014667
3 0.169500 0.178000 0.023000 0.013333
3 0.136000 0.184667 0.029000 0.013333
3 0.129250 0.181333 0.024500 0.014667
3 0.125500 0.178333 0.024000 0.011333
3 0.127750 0.176667 0.026500 0.013333
3 0.117750 0.176000 0.025500 0.010667
3 0.115000 0.173333 0.028000 0.010667
3 0.097500 0.159000 0.027000 0.012667
3 0.088500 0.156000 0.024000 0.010667
3 0.106750 0.166667 0.022500 0.010667
3 0.104000 0.165000 0.020000 0.010000
3 0.109500 0.170667 0.025000 0.013333
3 0.253500 0.219667 0.036000 0.015333
4 0.970500 0.386000 0.047000 0.052000
4 0.508250 0.562333 0.102500 0.094000
4 0.436500 0.499333 0.076000 0.088000
5 0.354750 0.478333 0.098500 0.082000
