3 0.167143 0.862944 0.051429 0.060914
3 0.010000 0.867386 0.020000 0.054569
3 0.006429 0.342640 0.012857 0.032995
4 0.118929 0.691624 0.042143 0.068528
4 0.312857 0.550127 0.044286 0.044416
3 0.383214 0.528553 0.042143 0.039340
3 0.505357 0.479061 0.039286 0.039340
0 0.275357 0.213198 0.005000 0.017766
0 0.277143 0.206218 0.004286 0.019036
0 0.280357 0.201777 0.005000 0.012690
0 0.283214 0.195431 0.005000 0.015228
0 0.236786 0.331218 0.005000 0.015228
0 0.243571 0.321701 0.005714 0.013959
0 0.245000 0.305838 0.004286 0.015228
0 0.249643 0.326142 0.006429 0.015228
0 0.257500 0.324873 0.006429 0.017766
0 0.253571 0.304569 0.005714 0.017766
0 0.248214 0.293782 0.005000 0.016497
0 0.251429 0.285533 0.005714 0.017766
0 0.256429 0.289340 0.005714 0.020305
0 0.258214 0.281091 0.005000 0.016497
0 0.262143 0.281091 0.005714 0.019036
0 0.265000 0.291878 0.005714 0.017766
0 0.263929 0.310279 0.005000 0.016497
0 0.288571 0.262056 0.005714 0.019036
0 0.291429 0.258249 0.005714 0.019036
8 0.374643 0.067893 0.056429 0.118020
0 0.411429 0.116751 0.004286 0.015228
0 0.552857 0.113579 0.004286 0.016497
0 0.557857 0.110406 0.002857 0.012690
0 0.552857 0.166878 0.002857 0.016497
0 0.557143 0.168782 0.004286 0.017766
8 0.403929 0.067259 0.050714 0.119289
8 0.356786 0.169416 0.056429 0.125635
8 0.376786 0.194162 0.037857 0.096447
8 0.425000 0.302030 0.054286 0.081218
8 0.434643 0.270305 0.077857 0.111675
8 0.443929 0.236041 0.079286 0.109137
8 0.446786 0.199239 0.076429 0.106599
8 0.472500 0.189721 0.045000 0.067259
8 0.466786 0.145939 0.077857 0.109137
8 0.469643 0.112944 0.077857 0.101523
8 0.471786 0.078680 0.073571 0.098985
8 0.490714 0.034898 0.060000 0.069797
8 0.502500 0.024112 0.060714 0.048223
4 0.859643 0.989848 0.047857 0.017766
3 0.617500 0.242386 0.020714 0.055838
3 0.666786 0.368020 0.026429 0.063452
8 0.663929 0.182741 0.030714 0.086294
