3 0.558571 0.553333 0.022857 0.074286
3 0.421786 0.390952 0.025000 0.063810
3 0.510357 0.325714 0.019286 0.051429
3 0.519643 0.244286 0.019286 0.042857
3 0.492500 0.113333 0.016429 0.047619
3 0.434643 0.249524 0.020714 0.047619
0 0.361429 0.175714 0.004286 0.016190
0 0.344643 0.261905 0.007857 0.022857
0 0.335357 0.262857 0.005000 0.020952
0 0.324286 0.181429 0.002857 0.018095
0 0.310000 0.438571 0.008571 0.025714
3 0.347857 0.935238 0.048571 0.129524
3 0.367143 0.792381 0.040000 0.121905
3 0.559286 0.719524 0.027143 0.101905
3 0.381786 0.670952 0.042143 0.111429
3 0.399286 0.562381 0.034286 0.082857
3 0.562143 0.410476 0.022857 0.051429
3 0.562857 0.344286 0.020000 0.060000
3 0.361786 0.301905 0.053571 0.040000
3 0.373571 0.325714 0.048571 0.038095
4 0.387857 0.339524 0.040000 0.056190
3 0.559286 0.266667 0.022857 0.049524
3 0.562143 0.225238 0.021429 0.039048
3 0.449643 0.148095 0.020714 0.037143
3 0.464643 0.032857 0.016429 0.033333
3 0.562500 0.130952 0.016429 0.035238
3 0.561071 0.176667 0.016429 0.044762
4 0.560714 0.048095 0.015714 0.033333
4 0.455000 0.110952 0.017143 0.039048
3 0.443929 0.200476 0.020714 0.044762
3 0.529643 0.013810 0.015000 0.025714
3 0.563214 0.017619 0.015000 0.027619
5 0.562500 0.085714 0.025000 0.045714
3 0.470000 0.010476 0.017143 0.020952
0 0.400000 0.027143 0.004286 0.020000
0 0.395357 0.026667 0.005000 0.017143
0 0.383929 0.146190 0.007857 0.023810
3 0.461429 0.066190 0.015714 0.042857
9 0.467500 0.247619 0.009286 0.038095
9 0.735357 0.660476 0.017857 0.060000
0 0.637500 0.364762 0.002143 0.022857
0 0.632143 0.365238 0.004286 0.018095
0 0.615000 0.088571 0.005714 0.019048
9 0.675714 0.128571 0.004286 0.015238
9 0.663929 0.129524 0.003571 0.013333
9 0.669643 0.130952 0.005000 0.014286
0 0.682143 0.431429 0.004286 0.017143
0 0.677143 0.430000 0.004286 0.014286
0 0.671071 0.543333 0.005000 0.027619
1 0.467500 0.238095 0.009286 0.017143
