9 0.930750 0.818667 0.030500 0.036000
9 0.937500 0.814667 0.021000 0.040000
0 0.746750 0.943333 0.022500 0.057333
4 0.650250 0.886333 0.049500 0.079333
3 0.616250 0.827333 0.054500 0.057333
4 0.541000 0.884333 0.048000 0.083333
3 0.565500 0.784333 0.036000 0.042000
3 0.563250 0.741000 0.036500 0.040667
3 0.582500 0.709667 0.051000 0.031333
3 0.558750 0.699000 0.049500 0.032667
3 0.521000 0.679333 0.023000 0.024000
3 0.360250 0.972000 0.055500 0.056000
3 0.373250 0.894667 0.049500 0.090667
3 0.376750 0.825667 0.037500 0.064667
4 0.391750 0.730667 0.023500 0.049333
3 0.366750 0.693333 0.050500 0.025333
3 0.368000 0.684000 0.040000 0.024000
4 0.481500 0.848667 0.043000 0.088000
3 0.468500 0.787333 0.033000 0.050667
3 0.460500 0.748000 0.033000 0.042667
0 0.504250 0.699333 0.005500 0.026667
0 0.503750 0.692667 0.005500 0.013333
0 0.505250 0.694000 0.006500 0.025333
3 0.446000 0.683000 0.020000 0.034000
3 0.441250 0.668667 0.019500 0.025333
3 0.397000 0.659000 0.017000 0.023333
3 0.401500 0.646667 0.017000 0.021333
3 0.407000 0.631333 0.015000 0.017333
3 0.415500 0.622000 0.014000 0.014667
3 0.417750 0.614333 0.012500 0.015333
3 0.421750 0.608333 0.011500 0.014000
3 0.426750 0.601667 0.010500 0.012667
3 0.430000 0.592000 0.010000 0.013333
3 0.434000 0.589333 0.008000 0.012000
0 0.419250 0.594667 0.003500 0.010667
3 0.403250 0.599667 0.022500 0.010000
3 0.452000 0.645667 0.016000 0.018000
3 0.444250 0.634667 0.014500 0.017333
3 0.462750 0.636000 0.014500 0.016000
3 0.464000 0.619333 0.012000 0.014667
3 0.471000 0.589667 0.010000 0.008667
3 0.470750 0.586667 0.009500 0.008000
3 0.498250 0.632667 0.012500 0.016000
3 0.498250 0.622667 0.015500 0.016000
3 0.498250 0.611333 0.009500 0.010667
3 0.495500 0.606333 0.011000 0.015333
3 0.493750 0.601000 0.010500 0.011333
3 0.493500 0.590667 0.010000 0.012000
3 0.494000 0.586333 0.009000 0.008667
