3 0.297500 0.900476 0.162143 0.178095
3 0.505714 0.728095 0.112857 0.159048
3 0.661786 0.803333 0.103571 0.183810
3 0.739643 0.861429 0.122143 0.223810
3 0.717143 0.657143 0.085714 0.137143
3 0.825357 0.591429 0.075000 0.097143
3 0.868571 0.448571 0.052857 0.078095
3 0.812143 0.423333 0.054286 0.073333
3 0.623214 0.529048 0.083571 0.100000
3 0.677143 0.464762 0.071429 0.076190
4 0.717143 0.404762 0.052857 0.066667
3 0.736429 0.363810 0.052857 0.049524
3 0.761429 0.319524 0.037143 0.046667
3 0.848929 0.334762 0.037857 0.056190
3 0.889643 0.365238 0.039286 0.061905
5 0.903929 0.321429 0.037857 0.044762
3 0.985000 0.308571 0.030000 0.043810
3 0.893214 0.271905 0.030714 0.042857
3 0.813571 0.253333 0.031429 0.036190
3 0.793571 0.230952 0.052857 0.021905
5 0.800357 0.214286 0.066429 0.053333
3 0.817143 0.205714 0.047143 0.024762
3 0.907500 0.255238 0.032143 0.038095
3 0.937143 0.234762 0.027143 0.029524
3 0.942143 0.215714 0.025714 0.027619
3 0.900714 0.230000 0.028571 0.031429
3 0.911786 0.215714 0.022143 0.027619
3 0.922857 0.198571 0.021429 0.025714
3 0.866786 0.194762 0.026429 0.029524
3 0.878214 0.183333 0.022143 0.029524
3 0.953214 0.164286 0.025000 0.020000
4 0.885000 0.168571 0.018571 0.022857
3 0.891071 0.166190 0.017857 0.023810
3 0.882500 0.146667 0.032143 0.022857
3 0.983571 0.119524 0.014286 0.021905
3 0.938929 0.111905 0.012143 0.014286
3 0.978929 0.109048 0.015000 0.016190
4 0.946786 0.106190 0.012143 0.014286
3 0.954286 0.103333 0.012857 0.016190
4 0.960000 0.095714 0.012857 0.012381
3 0.964286 0.090000 0.012857 0.010476
3 0.971071 0.086190 0.012143 0.014286
3 0.974286 0.080952 0.010000 0.013333
3 0.972857 0.067619 0.007143 0.009524
