3 0.505357 0.615482 0.026429 0.060914
3 0.527500 0.840736 0.032143 0.090102
3 0.772857 0.913706 0.048571 0.116751
3 0.224286 0.396574 0.042857 0.031726
4 0.627500 0.364848 0.040714 0.034264
8 0.607143 0.417513 0.101429 0.109137
3 0.433214 0.394036 0.047857 0.034264
4 0.353929 0.387056 0.042143 0.027919
3 0.554643 0.364848 0.039286 0.026650
3 0.475000 0.226523 0.017143 0.034264
3 0.482500 0.064721 0.009286 0.022843
0 0.160000 0.930203 0.008571 0.035533
0 0.222143 0.909898 0.011429 0.027919
0 0.266071 0.819162 0.009286 0.034264
0 0.301071 0.869289 0.016429 0.017766
0 0.281071 0.749365 0.010714 0.029188
0 0.187143 0.803934 0.010000 0.031726
0 0.172143 0.822335 0.011429 0.030457
0 0.147143 0.862310 0.010000 0.036802
0 0.140000 0.906091 0.014286 0.030457
0 0.171786 0.892766 0.010714 0.031726
0 0.179286 0.883249 0.011429 0.032995
0 0.317143 0.359137 0.005714 0.020305
0 0.243214 0.364213 0.006429 0.020305
0 0.223929 0.368020 0.003571 0.012690
0 0.224643 0.364848 0.006429 0.019036
0 0.415714 0.504442 0.004286 0.021574
0 0.419286 0.512690 0.004286 0.025381
0 0.445000 0.262056 0.004286 0.024112
0 0.427500 0.147843 0.003571 0.016497
0 0.544286 0.308376 0.005714 0.025381
0 0.618214 0.284898 0.003571 0.019036
0 0.673214 0.331853 0.005000 0.021574
0 0.621786 0.279822 0.005000 0.019036
0 0.769643 0.532360 0.007857 0.024112
0 0.804286 0.670051 0.010000 0.035533
0 0.805357 0.633249 0.007857 0.038071
0 0.919286 0.949239 0.010000 0.038071
0 0.928571 0.953046 0.010000 0.040609
0 0.939643 0.956853 0.010714 0.040609
0 0.389643 0.838832 0.007857 0.035533
0 0.391429 0.835025 0.005714 0.022843
