3 0.063571 0.426190 0.085714 0.054286
3 0.178571 0.479524 0.087143 0.046667
3 0.230000 0.426667 0.077143 0.041905
3 0.353929 0.454762 0.083571 0.054286
3 0.356786 0.400000 0.073571 0.049524
3 0.476786 0.550000 0.083571 0.054286
3 0.516071 0.340952 0.056429 0.053333
3 0.567500 0.255238 0.030714 0.047619
3 0.441786 0.269524 0.029286 0.051429
3 0.416071 0.244762 0.027857 0.047619
3 0.426786 0.196667 0.023571 0.044762
3 0.456786 0.207619 0.023571 0.047619
3 0.490357 0.197143 0.020714 0.040000
3 0.537500 0.184762 0.020714 0.043810
3 0.561429 0.117619 0.017143 0.031429
3 0.728214 0.576190 0.093571 0.055238
3 0.417143 0.923810 0.057143 0.140952
3 0.495000 0.927143 0.055714 0.143810
3 0.560357 0.956190 0.050714 0.087619
3 0.645714 0.963810 0.057143 0.072381
3 0.870357 0.586667 0.096429 0.049524
3 0.875357 0.437619 0.069286 0.040952
3 0.947857 0.491905 0.081429 0.042857
3 0.926786 0.539524 0.086429 0.048571
3 0.972857 0.446190 0.054286 0.039048
0 0.666429 0.327143 0.007143 0.031429
1 0.562143 0.381429 0.007143 0.025714
1 0.560000 0.440952 0.012857 0.024762
1 0.590714 0.371429 0.010000 0.022857
1 0.701429 0.302381 0.008571 0.020000
1 0.628929 0.195714 0.007857 0.016190
1 0.051786 0.611905 0.017857 0.023810
1 0.092143 0.660952 0.018571 0.022857
1 0.173214 0.693810 0.019286 0.023810
1 0.212500 0.359048 0.007857 0.019048
1 0.218571 0.358095 0.008571 0.024762
5 0.456071 0.327619 0.082143 0.068571
9 0.216429 0.370000 0.021429 0.018095
9 0.174643 0.705238 0.023571 0.016190
9 0.102143 0.665238 0.015714 0.039048
9 0.061429 0.620476 0.047143 0.020000
1 0.698571 0.890476 0.017143 0.022857
1 0.719643 0.945714 0.019286 0.017143
1 0.738571 0.908095 0.017143 0.018095
1 0.759286 0.949048 0.012857 0.020000
1 0.697500 0.794762 0.012143 0.023810
1 0.726071 0.838095 0.015000 0.020952
0 0.812500 0.821905 0.016429 0.030476
9 0.692857 0.803810 0.020000 0.038095
9 0.696786 0.890000 0.015000 0.056190
9 0.720714 0.841905 0.015714 0.051429
9 0.716429 0.947619 0.012857 0.038095
9 0.736786 0.911429 0.016429 0.051429
9 0.760714 0.948571 0.017143 0.040000
0 0.822143 0.802857 0.014286 0.032381
1 0.557143 0.630952 0.015714 0.029524
9 0.558214 0.633810 0.036429 0.018095
0 0.344286 0.733333 0.011429 0.032381
0 0.385000 0.751429 0.015714 0.030476
0 0.395357 0.737143 0.016429 0.030476
1 0.601429 0.158095 0.005714 0.015238
1 0.622500 0.137143 0.005000 0.015238
1 0.605714 0.103333 0.005714 0.010476
1 0.612143 0.088571 0.002857 0.011429
1 0.620714 0.091429 0.005714 0.011429
9 0.605714 0.107619 0.005714 0.013333
9 0.600714 0.166190 0.005714 0.016190
9 0.621786 0.146190 0.006429 0.018095
9 0.627500 0.206190 0.006429 0.016190
9 0.620357 0.098571 0.005000 0.012381
9 0.612143 0.095238 0.004286 0.009524
0 0.598571 0.019048 0.005714 0.015238
9 0.562500 0.387619 0.015000 0.024762
9 0.557143 0.449048 0.028571 0.014286
9 0.589286 0.381429 0.014286 0.021905
9 0.698214 0.312857 0.012143 0.020000
9 0.745714 0.368095 0.018571 0.018095
1 0.746429 0.355714 0.010000 0.020000
1 0.754643 0.357143 0.006429 0.024762
1 0.776429 0.367619 0.005714 0.022857
1 0.781786 0.369048 0.010714 0.021905
9 0.773571 0.374286 0.025714 0.026667
