5 0.221071 0.195238 0.032143 0.026667
3 0.025357 0.394762 0.050714 0.040952
4 0.155000 0.401905 0.072857 0.049524
8 0.061071 0.480952 0.122143 0.125714
4 0.375714 0.301429 0.054286 0.042857
0 0.061429 0.588571 0.017143 0.036190
1 0.063571 0.577619 0.017143 0.025714
9 0.068929 0.583333 0.046429 0.031429
0 0.191071 0.484286 0.019286 0.037143
0 0.187143 0.472381 0.011429 0.036190
0 0.339643 0.473333 0.010714 0.030476
3 0.369286 0.505238 0.064286 0.061905
0 0.447500 0.204286 0.005000 0.014286
5 0.402500 0.123810 0.040714 0.019048
5 0.458571 0.114762 0.047143 0.018095
5 0.478929 0.127619 0.032143 0.026667
5 0.495357 0.129524 0.029286 0.024762
3 0.593214 0.186190 0.020714 0.012381
7 0.635714 0.340952 0.018571 0.028571
9 0.655000 0.344762 0.017143 0.019048
3 0.561429 0.395714 0.028571 0.031429
0 0.585000 0.363810 0.005714 0.019048
0 0.441786 0.470000 0.007857 0.029524
0 0.409643 0.505714 0.010714 0.030476
0 0.470357 0.519048 0.010714 0.032381
0 0.454286 0.527619 0.011429 0.028571
3 0.434643 0.549048 0.072143 0.061905
3 0.636071 0.645238 0.089286 0.080952
5 0.525714 0.581429 0.110000 0.109524
4 0.945000 0.794286 0.110000 0.114286
3 0.952500 0.707143 0.095000 0.080952
0 0.936429 0.740476 0.020000 0.023810
0 0.989643 0.764762 0.020714 0.036190
0 0.826786 0.668095 0.023571 0.042857
0 0.753929 0.704762 0.106429 0.089524
9 0.707143 0.556190 0.018571 0.024762
7 0.286071 0.196190 0.020714 0.020952
4 0.417500 0.107143 0.006429 0.008571
