3 0.167857 0.565714 0.031429 0.015238
3 0.107500 0.637619 0.033571 0.018095
3 0.155714 0.635238 0.030000 0.019048
3 0.130714 0.655238 0.031429 0.015238
3 0.173929 0.656667 0.032143 0.016190
3 0.195357 0.634762 0.029286 0.016190
3 0.205000 0.586190 0.035714 0.014286
3 0.218929 0.654762 0.030714 0.016190
3 0.232143 0.632857 0.024286 0.014286
3 0.234643 0.611429 0.027857 0.017143
3 0.266786 0.609524 0.027857 0.019048
3 0.267500 0.631905 0.029286 0.014286
3 0.260714 0.654762 0.028571 0.016190
3 0.311429 0.609048 0.031429 0.016190
3 0.308571 0.631905 0.031429 0.016190
3 0.303214 0.650952 0.029286 0.014286
0 0.289643 0.672381 0.003571 0.013333
3 0.190714 0.494762 0.015714 0.029524
3 0.209286 0.448095 0.020000 0.027619
9 0.163214 0.523810 0.012143 0.007619
0 0.190357 0.436190 0.003571 0.009524
0 0.243929 0.440000 0.005000 0.009524
0 0.195714 0.432857 0.002857 0.008571
9 0.273929 0.436667 0.006429 0.008571
9 0.231429 0.434762 0.015714 0.006667
3 0.202143 0.270000 0.015714 0.023810
3 0.231429 0.275714 0.011429 0.023810
3 0.210357 0.223810 0.012143 0.030476
3 0.378214 0.106190 0.019286 0.014286
3 0.375714 0.149524 0.018571 0.011429
3 0.382500 0.042381 0.016429 0.010476
3 0.381786 0.029524 0.019286 0.009524
3 0.383929 0.065714 0.016429 0.009524
3 0.372857 0.208095 0.018571 0.010476
3 0.364286 0.284762 0.024286 0.013333
3 0.357857 0.346190 0.022857 0.014286
3 0.356429 0.331429 0.022857 0.015238
3 0.360714 0.317619 0.025714 0.014286
3 0.353571 0.396190 0.025714 0.013333
3 0.345000 0.425714 0.022857 0.015238
3 0.310357 0.440476 0.025000 0.016190
3 0.338214 0.454286 0.030714 0.017143
3 0.465714 0.022857 0.008571 0.020952
3 0.460000 0.077143 0.008571 0.019048
3 0.472500 0.162381 0.010714 0.021905
3 0.576071 0.238095 0.020714 0.013333
3 0.579286 0.276667 0.021429 0.012381
3 0.576786 0.262857 0.019286 0.011429
3 0.448929 0.326190 0.010714 0.027619
3 0.435357 0.356667 0.010714 0.027619
3 0.463214 0.410000 0.010714 0.029524
3 0.448214 0.429524 0.012143 0.030476
3 0.510000 0.811905 0.015714 0.044762
3 0.513214 0.890476 0.015000 0.045714
3 0.549286 0.830476 0.015714 0.047619
3 0.574643 0.666190 0.026429 0.035238
3 0.628929 0.649524 0.032143 0.024762
3 0.647500 0.594286 0.027857 0.017143
3 0.644286 0.573810 0.028571 0.018095
3 0.642143 0.554762 0.030000 0.018095
3 0.594643 0.534286 0.029286 0.019048
3 0.688571 0.554762 0.025714 0.018095
3 0.683571 0.571429 0.024286 0.015238
3 0.721786 0.573810 0.027857 0.016190
3 0.792500 0.569048 0.029286 0.016190
3 0.765357 0.553333 0.032143 0.017143
3 0.761071 0.571429 0.027857 0.017143
3 0.818929 0.614762 0.025000 0.018095
3 0.825000 0.636190 0.031429 0.017143
3 0.898571 0.612857 0.030000 0.016190
3 0.953571 0.551429 0.030000 0.017143
3 0.380357 0.011905 0.015000 0.008571
3 0.380000 0.019524 0.017143 0.008571
3 0.380357 0.023333 0.015000 0.008571
3 0.385357 0.056667 0.013571 0.006667
3 0.381786 0.075714 0.017857 0.008571
3 0.379286 0.085238 0.015714 0.008571
3 0.380714 0.095714 0.017143 0.010476
3 0.381071 0.131905 0.020714 0.010476
3 0.374286 0.139524 0.018571 0.010476
3 0.372143 0.187619 0.020000 0.009524
3 0.372857 0.198095 0.020000 0.011429
3 0.374286 0.239524 0.018571 0.012381
3 0.371429 0.251429 0.021429 0.011429
3 0.368571 0.261429 0.021429 0.010476
3 0.369643 0.273333 0.022143 0.013333
3 0.355000 0.382381 0.021429 0.012381
3 0.356429 0.364286 0.022857 0.014286
3 0.516786 0.977619 0.016429 0.044762
9 0.323929 0.692857 0.010714 0.008571
9 0.311786 0.692381 0.010714 0.009524
9 0.288571 0.692381 0.010000 0.007619
9 0.274643 0.690952 0.009286 0.008571
9 0.260714 0.686667 0.011429 0.007619
9 0.257143 0.693333 0.010000 0.007619
9 0.417857 0.442381 0.004286 0.010476
9 0.427500 0.464762 0.005000 0.013333
9 0.552500 0.545714 0.006429 0.015238
9 0.598214 0.520952 0.009286 0.009524
1 0.258571 0.683810 0.004286 0.005714
1 0.259286 0.692381 0.004286 0.005714
1 0.272500 0.689048 0.005000 0.004762
1 0.286786 0.690476 0.005000 0.005714
1 0.309286 0.690952 0.005714 0.006667
1 0.321786 0.690476 0.005000 0.007619
1 0.552500 0.541905 0.005000 0.007619
1 0.597500 0.520000 0.005000 0.007619
0 0.307143 0.703810 0.004286 0.005714
0 0.317500 0.735238 0.007857 0.009524
0 0.356786 0.724762 0.003571 0.011429
0 0.344643 0.722381 0.005000 0.012381
0 0.411071 0.465238 0.005000 0.014286
0 0.375000 0.416190 0.004286 0.009524
0 0.521071 0.077619 0.003571 0.010476
1 0.418214 0.440476 0.002143 0.006667
1 0.427500 0.460476 0.002143 0.004762
0 0.617500 0.710000 0.005000 0.014286
0 0.592500 0.744286 0.005000 0.016190
0 0.595714 0.750952 0.004286 0.010476
0 0.566786 0.462857 0.003571 0.013333
0 0.592143 0.490476 0.002857 0.011429
0 0.578214 0.425238 0.003571 0.008571
0 0.696786 0.621429 0.003571 0.012381
