3 0.013571 0.572970 0.027143 0.057107
3 0.029286 0.515228 0.042857 0.063452
3 0.055714 0.460660 0.035714 0.050761
3 0.121429 0.312817 0.024286 0.039340
3 0.143214 0.309010 0.022143 0.036802
3 0.136071 0.279188 0.025000 0.030457
3 0.141786 0.254442 0.040714 0.024112
3 0.168571 0.220812 0.022857 0.032995
3 0.182500 0.197335 0.023571 0.029188
8 0.167857 0.348985 0.038571 0.083756
8 0.288214 0.137690 0.029286 0.062183
0 0.211071 0.116117 0.005000 0.019036
3 0.196429 0.111041 0.018571 0.036802
3 0.183929 0.059645 0.026429 0.017766
3 0.232143 0.060279 0.031429 0.021574
3 0.269286 0.049492 0.027143 0.025381
3 0.334286 0.059645 0.017143 0.027919
0 0.309643 0.325508 0.006429 0.024112
0 0.199643 0.051396 0.003571 0.016497
0 0.203929 0.051396 0.005000 0.016497
0 0.230000 0.045685 0.002857 0.012690
0 0.228571 0.045051 0.002857 0.019036
0 0.221429 0.046954 0.002857 0.015228
0 0.221071 0.043782 0.003571 0.016497
0 0.213214 0.048223 0.005000 0.020305
5 0.299643 0.906726 0.097857 0.184010
3 0.587143 0.929569 0.045714 0.138325
3 0.485000 0.406091 0.028571 0.071066
3 0.452857 0.294416 0.025714 0.053299
3 0.469286 0.100254 0.020000 0.040609
3 0.554286 0.229061 0.024286 0.049492
4 0.585357 0.206853 0.020714 0.058376
4 0.663929 0.454315 0.040714 0.096447
4 0.592857 0.081853 0.017143 0.041878
3 0.613571 0.151015 0.021429 0.050761
3 0.629286 0.306472 0.027143 0.059645
3 0.503571 0.102157 0.015714 0.041878
9 0.435000 0.150381 0.011429 0.029188
1 0.435000 0.144036 0.007143 0.024112
0 0.881429 0.782995 0.011429 0.035533
0 0.850000 0.779822 0.007143 0.034264
0 0.828214 0.689721 0.012143 0.024112
0 0.938929 0.581218 0.012143 0.030457
0 0.842143 0.618020 0.007143 0.017766
0 0.811786 0.625000 0.006429 0.024112
0 0.831786 0.583122 0.006429 0.034264
0 0.824286 0.592005 0.005714 0.036802
0 0.818571 0.559010 0.008571 0.031726
0 0.804286 0.608503 0.007143 0.024112
0 0.802500 0.571066 0.006429 0.030457
0 0.874643 0.493655 0.007857 0.035533
0 0.881786 0.489848 0.007857 0.030457
0 0.847143 0.436548 0.005714 0.032995
0 0.852500 0.435279 0.006429 0.035533
0 0.848571 0.347716 0.008571 0.030457
0 0.841429 0.345812 0.005714 0.024112
0 0.834286 0.280457 0.005714 0.030457
0 0.785714 0.205584 0.005714 0.022843
0 0.781786 0.201777 0.003571 0.022843
0 0.786071 0.256345 0.005000 0.012690
0 0.789286 0.262690 0.004286 0.015228
0 0.792500 0.256345 0.005000 0.015228
0 0.809643 0.221447 0.007857 0.024112
0 0.807143 0.206218 0.005714 0.024112
0 0.801071 0.189721 0.006429 0.021574
1 0.743214 0.129442 0.009286 0.017766
1 0.758571 0.170051 0.007143 0.020305
1 0.753214 0.174492 0.005000 0.008883
0 0.761429 0.079315 0.004286 0.019036
0 0.754643 0.065355 0.006429 0.016497
0 0.749286 0.059010 0.004286 0.016497
0 0.692500 0.130076 0.005000 0.021574
1 0.710357 0.178934 0.005000 0.015228
1 0.703929 0.143401 0.006429 0.012690
1 0.684286 0.192259 0.008571 0.011421
1 0.688214 0.191624 0.005000 0.012690
0 0.680000 0.085660 0.012857 0.011421
0 0.658214 0.038706 0.003571 0.016497
0 0.663571 0.048858 0.004286 0.021574
0 0.713214 0.018401 0.005000 0.013959
0 0.728214 0.066624 0.005000 0.011421
0 0.734286 0.030457 0.005714 0.015228
0 0.677143 0.052030 0.002857 0.007614
0 0.690714 0.055203 0.002857 0.011421
0 0.669643 0.026650 0.005000 0.005076
0 0.829286 0.358503 0.005714 0.024112
1 0.682143 0.013325 0.007143 0.013959
1 0.690714 0.116751 0.007143 0.012690
