3 0.118571 0.294286 0.045714 0.026667
3 0.140714 0.398095 0.057143 0.034286
3 0.153571 0.377619 0.057143 0.029524
3 0.154286 0.364762 0.051429 0.024762
3 0.179643 0.270952 0.045000 0.025714
3 0.198929 0.290476 0.046429 0.024762
3 0.168929 0.303810 0.046429 0.020952
3 0.220000 0.325714 0.038571 0.019048
3 0.153929 0.341905 0.047857 0.028571
3 0.210714 0.340952 0.050000 0.028571
0 0.240357 0.552381 0.005000 0.022857
0 0.236429 0.549524 0.005714 0.020952
0 0.294643 0.640476 0.007857 0.029524
0 0.252857 0.637143 0.010000 0.028571
0 0.266786 0.702857 0.009286 0.026667
0 0.360000 0.732857 0.010000 0.031429
0 0.357143 0.683810 0.010000 0.034286
0 0.376786 0.667619 0.009286 0.036190
0 0.409643 0.599048 0.012143 0.032381
1 0.387500 0.422381 0.007857 0.016190
1 0.357857 0.406190 0.005714 0.014286
9 0.387857 0.431429 0.008571 0.024762
9 0.357857 0.415714 0.008571 0.025714
3 0.372500 0.059048 0.015000 0.019048
3 0.416786 0.181429 0.017857 0.023810
3 0.406786 0.206667 0.016429 0.026667
3 0.421786 0.269524 0.017857 0.028571
3 0.462857 0.321905 0.021429 0.036190
3 0.445357 0.369048 0.022143 0.040952
3 0.496786 0.440476 0.027857 0.054286
5 0.464286 0.440952 0.032857 0.087619
3 0.455357 0.698571 0.066429 0.067619
3 0.626071 0.744762 0.046429 0.085714
1 0.649643 0.449048 0.006429 0.014286
9 0.648214 0.457143 0.007857 0.024762
0 0.643571 0.329524 0.002857 0.017143
0 0.580000 0.357143 0.005714 0.017143
0 0.624286 0.320952 0.005714 0.015238
3 0.667500 0.571905 0.066429 0.048571
3 0.692857 0.956667 0.057143 0.086667
1 0.742857 0.700000 0.005714 0.015238
9 0.740000 0.705238 0.012857 0.031429
0 0.730714 0.452381 0.008571 0.020952
3 0.845357 0.527143 0.056429 0.037143
0 0.871429 0.808571 0.011429 0.032381
1 0.987500 0.778571 0.010714 0.016190
9 0.983214 0.780476 0.027857 0.020000
3 0.983214 0.498095 0.032143 0.041905
