5 0.614643 0.814286 0.080714 0.192381
3 0.367857 0.920000 0.051429 0.133333
3 0.381786 0.783810 0.053571 0.108571
4 0.390000 0.675238 0.047143 0.100952
3 0.563571 0.519524 0.030000 0.058095
4 0.406429 0.461429 0.025714 0.052381
3 0.530000 0.366667 0.031429 0.049524
3 0.407500 0.364762 0.029286 0.041905
3 0.505357 0.286190 0.023571 0.037143
3 0.481786 0.218571 0.019286 0.023810
4 0.473929 0.190952 0.017857 0.029524
3 0.463214 0.180476 0.017857 0.023810
3 0.403214 0.336190 0.020714 0.026667
3 0.398571 0.309524 0.030000 0.030476
3 0.342500 0.243810 0.035000 0.022857
3 0.360714 0.179048 0.011429 0.024762
3 0.388214 0.185714 0.016429 0.026667
3 0.383929 0.168571 0.013571 0.019048
3 0.380000 0.151905 0.012857 0.018095
3 0.376429 0.139524 0.011429 0.016190
3 0.263571 0.276190 0.037143 0.020952
