4 0.749250 0.047667 0.065500 0.094000
4 0.947750 0.036000 0.072500 0.072000
0 0.256500 0.089000 0.023000 0.040667
2 0.332000 0.112333 0.022000 0.051333
2 0.107000 0.182667 0.035000 0.042667
2 0.136750 0.164667 0.038500 0.044000
4 0.369000 0.143000 0.039000 0.076667
3 0.411750 0.133333 0.045500 0.137333
9 0.195000 0.153333 0.040000 0.025333
9 0.199750 0.193333 0.027500 0.049333
9 0.453000 0.078000 0.029000 0.062667
3 0.586750 0.280333 0.110500 0.080667
5 0.485000 0.319333 0.093000 0.074667
3 0.036250 0.250333 0.072500 0.140667
4 0.121500 0.256333 0.104000 0.119333
6 0.285000 0.378667 0.079000 0.053333
7 0.206250 0.433333 0.083500 0.045333
4 0.072000 0.474000 0.111000 0.066667
5 0.238500 0.512000 0.114000 0.125333
0 0.090750 0.712000 0.036500 0.021333
0 0.088750 0.726667 0.036500 0.024000
0 0.051000 0.885667 0.039000 0.038000
0 0.125750 0.831667 0.027500 0.030000
0 0.167500 0.800333 0.029000 0.028667
1 0.175500 0.774000 0.029000 0.026667
9 0.179500 0.770000 0.041000 0.020000
9 0.085250 0.874000 0.041500 0.044000
4 0.249250 0.899000 0.102500 0.086000
1 0.264250 0.836000 0.016500 0.025333
0 0.190250 0.664333 0.025500 0.022000
0 0.215750 0.666667 0.026500 0.022667
0 0.205000 0.639667 0.019000 0.012667
0 0.222250 0.641667 0.021500 0.014000
1 0.251000 0.613000 0.017000 0.030000
2 0.256250 0.628667 0.034500 0.020000
1 0.299750 0.627000 0.018500 0.014000
0 0.300750 0.641333 0.017500 0.016000
2 0.302750 0.623667 0.025500 0.015333
0 0.397250 0.541000 0.016500 0.020667
0 0.418750 0.526333 0.018500 0.020667
4 0.513000 0.491667 0.081000 0.062000
6 0.664750 0.317333 0.040500 0.049333
1 0.693250 0.317333 0.019500 0.026667
1 0.712500 0.310667 0.017000 0.025333
5 0.636000 0.448667 0.119000 0.086667
0 0.649500 0.466333 0.021000 0.032667
0 0.665750 0.488000 0.017500 0.017333
2 0.670250 0.474000 0.032500 0.016000
0 0.978500 0.339333 0.040000 0.020000
0 0.979000 0.455333 0.028000 0.022667
0 0.986500 0.444000 0.027000 0.026667
1 0.818250 0.423000 0.008500 0.014000
0 0.835500 0.418667 0.014000 0.016000
6 0.728500 0.390000 0.029000 0.082667
9 0.766750 0.460667 0.041500 0.022667
0 0.773250 0.470333 0.023500 0.019333
1 0.793000 0.495667 0.026000 0.026000
1 0.799250 0.490333 0.021500 0.020667
9 0.790500 0.497667 0.035000 0.026000
3 0.880250 0.583333 0.105500 0.077333
0 0.882500 0.611667 0.020000 0.027333
3 0.600250 0.570667 0.111500 0.074667
3 0.696500 0.652667 0.098000 0.080000
1 0.523500 0.725333 0.016000 0.025333
0 0.493250 0.664000 0.020500 0.030667
9 0.494250 0.667333 0.035500 0.020000
0 0.532000 0.667333 0.013000 0.017333
0 0.447500 0.701333 0.015000 0.024000
0 0.411500 0.716333 0.022000 0.028667
1 0.393750 0.783333 0.014500 0.029333
6 0.408000 0.763667 0.074000 0.066000
7 0.205500 0.432667 0.080000 0.046667
