3 0.151879 0.429035 0.049061 0.038033
3 0.134134 0.459647 0.046973 0.039889
3 0.181889 0.462430 0.049582 0.038033
0 0.233820 0.389147 0.005219 0.017625
9 0.232516 0.374768 0.013048 0.016698
9 0.247651 0.390538 0.008873 0.020408
3 0.291493 0.397495 0.025574 0.064007
3 0.344990 0.410019 0.028184 0.066790
9 0.407881 0.424397 0.016180 0.015770
9 0.384134 0.379870 0.006263 0.025046
3 0.436065 0.425325 0.023486 0.064007
3 0.466858 0.426716 0.021399 0.072356
3 0.333507 0.700835 0.033403 0.076994
3 0.300626 0.681818 0.031315 0.074212
3 0.365605 0.703154 0.027662 0.081633
5 0.146138 0.549629 0.080376 0.060297
4 0.174843 0.673469 0.045929 0.077922
3 0.550365 0.728200 0.024530 0.076067
3 0.649008 0.748145 0.026618 0.086271
3 0.710334 0.762059 0.028184 0.080705
3 0.743998 0.775974 0.029749 0.093692
3 0.780532 0.781540 0.030793 0.089981
3 0.843685 0.774119 0.038100 0.089981
3 0.785230 0.516698 0.051670 0.040816
4 0.893528 0.576994 0.031315 0.077922
3 0.966597 0.739332 0.040710 0.096475
9 0.736952 0.468924 0.007307 0.026902
9 0.577505 0.431354 0.008873 0.027829
9 0.553497 0.419295 0.004697 0.027829
3 0.851775 0.245826 0.015658 0.046382
3 0.892484 0.254174 0.021921 0.046382
3 0.901618 0.026902 0.021399 0.042672
1 0.981994 0.051484 0.005741 0.013915
0 0.975209 0.051484 0.006785 0.013915
