0 0.029286 0.972381 0.012857 0.013333
0 0.122143 0.978571 0.012857 0.010476
0 0.134286 0.993810 0.014286 0.008571
9 0.059643 0.937619 0.030714 0.031429
4 0.139286 0.887143 0.040000 0.054286
0 0.244286 0.701905 0.008571 0.019048
0 0.278214 0.563333 0.010714 0.014286
0 0.288929 0.570952 0.005000 0.008571
1 0.232857 0.571905 0.007143 0.010476
1 0.246429 0.566190 0.007143 0.008571
0 0.253929 0.473810 0.007857 0.016190
3 0.279643 0.474762 0.022143 0.048571
4 0.210357 0.423810 0.037857 0.024762
0 0.242857 0.421429 0.010000 0.012381
0 0.250357 0.417619 0.007857 0.010476
0 0.251786 0.386667 0.007857 0.011429
0 0.256071 0.388095 0.006429 0.014286
3 0.276429 0.417619 0.020000 0.050476
3 0.272500 0.369524 0.017857 0.049524
3 0.290357 0.359048 0.019286 0.043810
3 0.309643 0.282857 0.040714 0.028571
3 0.276786 0.250000 0.020714 0.044762
3 0.182143 0.254286 0.034286 0.032381
3 0.201786 0.196190 0.035000 0.036190
4 0.202500 0.164286 0.035000 0.040952
3 0.216786 0.134762 0.019286 0.039048
3 0.255714 0.102381 0.021429 0.048571
3 0.206071 0.074286 0.023571 0.045714
3 0.245357 0.057143 0.019286 0.040000
3 0.357500 0.178571 0.020714 0.048571
3 0.339643 0.081429 0.020714 0.042857
9 0.323571 0.091429 0.008571 0.017143
1 0.323214 0.087619 0.007857 0.011429
9 0.357857 0.300476 0.012857 0.035238
3 0.381071 0.325714 0.019286 0.047619
3 0.399286 0.383810 0.021429 0.049524
3 0.400000 0.443810 0.022857 0.051429
3 0.387500 0.490952 0.023571 0.056190
3 0.412500 0.508571 0.023571 0.053333
3 0.421071 0.576667 0.023571 0.056190
3 0.437143 0.665238 0.024286 0.058095
3 0.448929 0.768095 0.025000 0.071429
3 0.454643 0.865714 0.027857 0.076190
3 0.470000 0.973333 0.024286 0.053333
3 0.319643 0.749524 0.019286 0.057143
3 0.480357 0.698571 0.025000 0.061905
3 0.461786 0.592857 0.023571 0.058095
3 0.446071 0.505238 0.022143 0.048571
3 0.446071 0.429048 0.020714 0.050476
3 0.525357 0.546190 0.042143 0.029524
3 0.526786 0.515714 0.040714 0.033333
3 0.520000 0.490476 0.042857 0.032381
3 0.603571 0.979524 0.028571 0.040952
9 0.635000 0.937619 0.010000 0.031429
9 0.652143 0.930000 0.011429 0.029524
9 0.701071 0.979048 0.025000 0.041905
0 0.670714 0.930952 0.007143 0.008571
0 0.661786 0.930000 0.006429 0.010476
9 0.682143 0.882857 0.020000 0.019048
1 0.682857 0.882857 0.010000 0.013333
3 0.618929 0.871905 0.030714 0.067619
4 0.601071 0.798571 0.027857 0.065714
3 0.589643 0.728095 0.020714 0.052381
9 0.591071 0.675714 0.006429 0.021905
4 0.578571 0.668095 0.018571 0.050476
2 0.579286 0.601905 0.007143 0.022857
1 0.578929 0.599048 0.006429 0.011429
0 0.588929 0.580952 0.006429 0.013333
0 0.581786 0.534286 0.006429 0.011429
0 0.614643 0.512381 0.005000 0.013333
0 0.619643 0.503810 0.006429 0.017143
9 0.750357 0.932857 0.015000 0.010476
9 0.752857 0.918095 0.018571 0.015238
9 0.761071 0.904286 0.013571 0.016190
3 0.752143 0.834762 0.037143 0.060000
0 0.781786 0.830952 0.010714 0.008571
0 0.789286 0.842381 0.008571 0.006667
0 0.748571 0.763333 0.008571 0.008571
0 0.809643 0.751905 0.010714 0.010476
9 0.830714 0.747619 0.017143 0.013333
9 0.836786 0.731429 0.009286 0.022857
9 0.845357 0.708095 0.019286 0.010476
1 0.849643 0.708095 0.007857 0.008571
0 0.857500 0.689048 0.007857 0.008571
6 0.871786 0.659524 0.017857 0.029524
0 0.920000 0.430952 0.007143 0.010476
9 0.935000 0.375714 0.014286 0.029524
3 0.966071 0.385714 0.035000 0.038095
3 0.941429 0.207143 0.032857 0.025714
0 0.655714 0.756667 0.007143 0.014286
0 0.652857 0.658095 0.007143 0.013333
2 0.662500 0.622381 0.019286 0.016190
1 0.662500 0.622381 0.007857 0.012381
9 0.585357 0.477143 0.010714 0.020952
1 0.586429 0.473810 0.008571 0.014286
9 0.564643 0.447143 0.007857 0.021905
1 0.563929 0.442381 0.007857 0.014286
4 0.535000 0.434762 0.024286 0.054286
4 0.522857 0.368095 0.021429 0.044762
3 0.503929 0.283333 0.020714 0.042857
0 0.565714 0.238095 0.007143 0.017143
0 0.534286 0.205238 0.005714 0.014286
0 0.531429 0.183333 0.005714 0.016190
3 0.495357 0.228095 0.019286 0.044762
3 0.481429 0.173333 0.018571 0.040000
0 0.491071 0.150952 0.005000 0.014286
4 0.471071 0.130476 0.016429 0.036190
0 0.491429 0.072857 0.005714 0.018095
4 0.460357 0.086190 0.023571 0.044762
0 0.466071 0.049048 0.005000 0.016190
0 0.458929 0.043810 0.005000 0.017143
0 0.506071 0.044286 0.005000 0.018095
0 0.509643 0.054762 0.006429 0.012381
1 0.512500 0.043810 0.005000 0.011429
9 0.497143 0.050000 0.005714 0.018095
9 0.490714 0.038571 0.005714 0.016190
0 0.473214 0.017143 0.005000 0.017143
0 0.472500 0.011905 0.005000 0.014286
0 0.474643 0.007143 0.003571 0.014286
0 0.504286 0.020952 0.004286 0.017143
9 0.631071 0.448095 0.013571 0.010476
