0 0.440000 0.716190 0.010000 0.036190
0 0.431429 0.712857 0.008571 0.033333
0 0.418214 0.710476 0.007857 0.032381
0 0.401786 0.708571 0.009286 0.036190
0 0.389286 0.699524 0.008571 0.033333
0 0.445714 0.661429 0.010000 0.035238
0 0.430357 0.661905 0.009286 0.034286
0 0.425357 0.647619 0.007857 0.032381
0 0.417857 0.644762 0.008571 0.034286
0 0.417143 0.586190 0.010000 0.029524
0 0.517500 0.553810 0.007857 0.029524
0 0.510000 0.551429 0.007143 0.030476
0 0.499643 0.549524 0.009286 0.026667
0 0.493929 0.547619 0.006429 0.028571
0 0.490714 0.541429 0.007143 0.027619
0 0.564286 0.459524 0.005714 0.021905
9 0.504643 0.392857 0.013571 0.012381
2 0.513571 0.390952 0.010000 0.012381
9 0.513929 0.383333 0.010714 0.012381
0 0.570357 0.364286 0.005000 0.018095
0 0.525000 0.338095 0.004286 0.015238
0 0.595000 0.304286 0.005714 0.014286
0 0.602143 0.304286 0.004286 0.016190
0 0.593214 0.271429 0.005000 0.013333
0 0.589643 0.271429 0.005000 0.017143
0 0.583571 0.270476 0.004286 0.015238
0 0.895000 0.261905 0.005714 0.011429
0 0.892500 0.261429 0.006429 0.012381
0 0.897500 0.255238 0.005000 0.011429
0 0.752143 0.218095 0.004286 0.009524
0 0.660714 0.195238 0.004286 0.009524
0 0.772500 0.198095 0.003571 0.009524
0 0.775000 0.198095 0.002857 0.007619
4 0.846786 0.194286 0.016429 0.015238
3 0.860714 0.198571 0.011429 0.008571
