8 0.212500 0.666190 0.052143 0.075238
2 0.454286 0.504286 0.004286 0.012381
1 0.454286 0.501429 0.004286 0.010476
3 0.457857 0.334286 0.005714 0.007619
3 0.533214 0.320952 0.005000 0.005714
3 0.486786 0.296190 0.002143 0.003810
4 0.645357 0.573333 0.032143 0.019048
3 0.969286 0.626667 0.028571 0.022857
3 0.950357 0.631905 0.023571 0.023810
3 0.914643 0.634286 0.032143 0.022857
3 0.853214 0.639048 0.027857 0.028571
3 0.882500 0.712857 0.040714 0.029524
3 0.831071 0.641905 0.025000 0.028571
3 0.809286 0.639048 0.025714 0.032381
3 0.762143 0.645238 0.015714 0.023810
3 0.654286 0.585714 0.025714 0.015238
3 0.710357 0.565238 0.019286 0.010476
3 0.704643 0.554286 0.019286 0.015238
3 0.702143 0.543810 0.025714 0.015238
3 0.680357 0.514286 0.020714 0.015238
3 0.675000 0.508095 0.017143 0.010476
3 0.671786 0.502381 0.022143 0.012381
3 0.689643 0.526667 0.027857 0.011429
3 0.641786 0.563810 0.027857 0.015238
0 0.254286 0.485238 0.004286 0.014286
4 0.259643 0.413333 0.020714 0.013333
3 0.273571 0.408095 0.014286 0.010476
3 0.256429 0.418095 0.018571 0.009524
9 0.317500 0.458571 0.009286 0.010476
1 0.317500 0.456667 0.003571 0.010476
3 0.247143 0.361429 0.012857 0.008571
5 0.258929 0.357143 0.010714 0.011429
4 0.366429 0.311905 0.008571 0.006667
3 0.726786 0.321429 0.010714 0.006667
3 0.738929 0.321905 0.007857 0.005714
3 0.882143 0.318571 0.012857 0.010476
3 0.588929 0.329048 0.016429 0.008571
3 0.592500 0.325238 0.009286 0.008571
