9 0.009750 0.535667 0.016500 0.035333
1 0.056250 0.534333 0.016500 0.024667
0 0.086500 0.570333 0.023000 0.038000
0 0.102250 0.575333 0.018500 0.040000
0 0.136000 0.483333 0.009000 0.037333
0 0.145500 0.461333 0.013000 0.030667
0 0.246250 0.431000 0.009500 0.031333
0 0.253750 0.436000 0.008500 0.020000
0 0.293750 0.398667 0.009500 0.025333
1 0.292500 0.298000 0.013000 0.020000
0 0.293000 0.283333 0.006000 0.022667
3 0.372750 0.048000 0.011500 0.016000
3 0.364500 0.081667 0.015000 0.024667
5 0.391000 0.115667 0.020000 0.044667
0 0.372000 0.130667 0.005000 0.020000
3 0.439500 0.006000 0.011000 0.012000
3 0.440750 0.016667 0.008500 0.010667
3 0.437000 0.026000 0.010000 0.013333
3 0.436250 0.039000 0.008500 0.012667
0 0.447750 0.053333 0.003500 0.013333
3 0.436500 0.059667 0.011000 0.016667
4 0.442500 0.094667 0.012000 0.025333
3 0.423000 0.110667 0.015000 0.022667
0 0.408500 0.122333 0.004000 0.018000
0 0.414250 0.122333 0.004500 0.018000
3 0.420500 0.137333 0.014000 0.021333
3 0.448500 0.118000 0.021000 0.021333
3 0.549000 0.056667 0.026000 0.014667
3 0.524000 0.109667 0.014000 0.022000
3 0.593000 0.115333 0.033000 0.022667
0 0.469000 0.083000 0.004000 0.016667
3 0.477750 0.135000 0.015500 0.019333
3 0.478250 0.098667 0.014500 0.024000
3 0.477250 0.081333 0.012500 0.017333
3 0.456500 0.140000 0.016000 0.024000
3 0.462000 0.166000 0.018000 0.025333
3 0.482500 0.173667 0.020000 0.027333
3 0.486250 0.199667 0.018500 0.023333
3 0.463500 0.205667 0.019000 0.026000
4 0.487000 0.240000 0.020000 0.045333
3 0.464500 0.242000 0.022000 0.030667
3 0.466250 0.273667 0.023500 0.036667
5 0.496250 0.290333 0.026500 0.060667
0 0.398250 0.250333 0.007500 0.026000
9 0.412750 0.250667 0.011500 0.018667
3 0.416750 0.277333 0.022500 0.034667
3 0.441750 0.272000 0.021500 0.032000
4 0.445500 0.306667 0.026000 0.058667
3 0.418000 0.314667 0.025000 0.049333
0 0.408250 0.364333 0.007500 0.022000
3 0.403750 0.352667 0.048500 0.036000
0 0.449000 0.341333 0.008000 0.025333
9 0.446750 0.370333 0.017500 0.023333
1 0.446000 0.363000 0.010000 0.020667
9 0.432250 0.394000 0.010500 0.021333
1 0.434250 0.386333 0.013500 0.024667
3 0.399500 0.383667 0.052000 0.044667
9 0.304250 0.377667 0.021500 0.024667
9 0.311250 0.367000 0.022500 0.016667
1 0.310250 0.360000 0.009500 0.021333
1 0.311000 0.408333 0.008000 0.019333
0 0.328250 0.372000 0.011500 0.025333
0 0.332500 0.380333 0.008000 0.018000
9 0.340500 0.400333 0.027000 0.018000
1 0.338500 0.394000 0.009000 0.022667
0 0.367250 0.404000 0.009500 0.026667
0 0.385750 0.436000 0.011500 0.028000
9 0.395750 0.411667 0.024500 0.014000
0 0.393500 0.409333 0.009000 0.024000
1 0.401750 0.417667 0.010500 0.020667
9 0.404000 0.425000 0.021000 0.014000
3 0.394000 0.519333 0.036000 0.084000
3 0.379250 0.625667 0.077500 0.092667
0 0.328750 0.728000 0.018500 0.036000
3 0.386750 0.912000 0.058500 0.176000
9 0.358000 0.811000 0.025000 0.043333
0 0.362000 0.809000 0.016000 0.038000
4 0.522000 0.753667 0.043000 0.120667
3 0.458250 0.678333 0.046500 0.108667
3 0.499750 0.605333 0.039500 0.100000
3 0.495500 0.517333 0.032000 0.068000
0 0.413250 0.558000 0.010500 0.030667
0 0.415250 0.534000 0.011500 0.026667
3 0.442250 0.562000 0.039500 0.080000
3 0.436750 0.463333 0.029500 0.064000
3 0.482000 0.446000 0.051000 0.064000
4 0.572000 0.506000 0.034000 0.078667
0 0.470750 0.419333 0.009500 0.030667
6 0.470000 0.416000 0.027000 0.038667
3 0.456750 0.391000 0.035500 0.050000
9 0.502500 0.372000 0.015000 0.024000
0 0.502250 0.365000 0.011500 0.024667
6 0.491000 0.330667 0.011000 0.021333
1 0.490000 0.326000 0.009000 0.017333
1 0.498750 0.317667 0.007500 0.020667
0 0.533750 0.325000 0.005500 0.022000
2 0.518250 0.350667 0.021500 0.017333
1 0.518500 0.343333 0.010000 0.024000
5 0.529500 0.293667 0.023000 0.055333
1 0.534750 0.350333 0.009500 0.018000
3 0.551500 0.367333 0.059000 0.034667
3 0.541750 0.402333 0.062500 0.043333
0 0.536000 0.422333 0.008000 0.020667
0 0.550500 0.410667 0.008000 0.026667
5 0.604500 0.336667 0.062000 0.028000
3 0.628000 0.384667 0.051000 0.033333
0 0.639000 0.406000 0.011000 0.024000
0 0.656000 0.407667 0.009000 0.026000
1 0.644250 0.426333 0.013500 0.024667
2 0.715250 0.364000 0.026500 0.018667
5 0.754000 0.316000 0.079000 0.061333
4 0.756750 0.422667 0.061500 0.052000
5 0.734500 0.438667 0.088000 0.089333
0 0.821500 0.357667 0.015000 0.023333
