3 0.657143 0.143810 0.022857 0.040000
3 0.729286 0.115238 0.021429 0.038095
8 0.697857 0.103333 0.040000 0.126667
3 0.422500 0.403810 0.037857 0.081905
3 0.322143 0.446667 0.050000 0.091429
3 0.960714 0.222857 0.067143 0.041905
0 0.097857 0.766190 0.021429 0.027619
0 0.305357 0.910952 0.022143 0.027619
0 0.386071 0.178095 0.010714 0.022857
0 0.333571 0.403810 0.015714 0.026667
0 0.241429 0.554762 0.011429 0.027619
0 0.257857 0.522381 0.015714 0.025714
0 0.269643 0.440000 0.012143 0.024762
0 0.288571 0.451429 0.014286 0.026667
1 0.273571 0.473810 0.012857 0.021905
1 0.281071 0.457619 0.010714 0.023810
1 0.308214 0.538571 0.010714 0.021905
1 0.452143 0.164762 0.008571 0.020952
1 0.852143 0.480952 0.015714 0.022857
1 0.794286 0.409524 0.014286 0.024762
1 0.888571 0.027143 0.010000 0.018095
0 0.712500 0.024286 0.007857 0.021905
0 0.722143 0.028571 0.004286 0.009524
0 0.994643 0.204286 0.010714 0.025714
0 0.956786 0.479524 0.015000 0.031429
2 0.849286 0.490476 0.011429 0.032381
2 0.793929 0.415714 0.010714 0.031429
2 0.452143 0.170000 0.007143 0.023810
9 0.310714 0.540952 0.018571 0.034286
9 0.890357 0.032381 0.025000 0.019048
