5 0.759643 0.171954 0.069286 0.148477
4 0.872143 0.369924 0.058571 0.120558
3 0.969286 0.730964 0.061429 0.159898
3 0.779286 0.092005 0.047143 0.072335
3 0.962143 0.209391 0.060000 0.106599
0 0.460000 0.273477 0.008571 0.034264
0 0.465714 0.273477 0.010000 0.034264
0 0.441429 0.920685 0.011429 0.044416
0 0.450714 0.923858 0.014286 0.045685
1 0.470357 0.783629 0.016429 0.031726
1 0.467500 0.772208 0.019286 0.031726
0 0.750000 0.665609 0.012857 0.041878
0 0.733571 0.617386 0.012857 0.036802
0 0.703571 0.518401 0.010000 0.024112
0 0.718214 0.464467 0.007857 0.035533
0 0.725000 0.472716 0.012857 0.036802
0 0.544286 0.128807 0.008571 0.024112
0 0.539286 0.116751 0.007143 0.020305
0 0.426786 0.017766 0.007857 0.027919
0 0.667857 0.248096 0.007143 0.034264
0 0.674286 0.248096 0.008571 0.039340
1 0.527857 0.487944 0.008571 0.019036
1 0.535357 0.476523 0.010714 0.021574
1 0.474643 0.602792 0.013571 0.025381
1 0.474286 0.577411 0.012857 0.025381
0 0.733214 0.424492 0.017857 0.029188
0 0.705714 0.297589 0.017143 0.029188
1 0.468214 0.427665 0.006429 0.025381
