3 0.611786 0.713810 0.027857 0.061905
3 0.718929 0.955714 0.039286 0.088571
3 0.513571 0.333333 0.014286 0.028571
0 0.429643 0.849048 0.005000 0.016190
5 0.591786 0.414762 0.017857 0.042857
3 0.563571 0.313333 0.014286 0.019048
3 0.561429 0.286190 0.010000 0.016190
3 0.528214 0.152381 0.007857 0.013333
3 0.500000 0.095714 0.008571 0.010476
0 0.433929 0.060000 0.002143 0.005714
0 0.468571 0.007143 0.001429 0.006667
3 0.432857 0.052381 0.005714 0.003810
3 0.433214 0.047143 0.005000 0.004762
0 0.608929 0.247619 0.002143 0.011429
0 0.605000 0.247143 0.002857 0.006667
0 0.598929 0.247619 0.002143 0.005714
0 0.596429 0.247143 0.001429 0.008571
0 0.612143 0.266190 0.001429 0.008571
0 0.615000 0.267143 0.001429 0.006667
0 0.540000 0.040952 0.001429 0.005714
0 0.537500 0.041429 0.002143 0.004762
3 0.524643 0.014762 0.009286 0.006667
3 0.526786 0.022857 0.009286 0.005714
3 0.528571 0.037619 0.010000 0.006667
3 0.532857 0.040952 0.007143 0.005714
3 0.530357 0.033810 0.007857 0.006667
3 0.540357 0.068095 0.015000 0.008571
3 0.542143 0.061429 0.008571 0.006667
3 0.549286 0.042381 0.005714 0.008571
3 0.560357 0.066667 0.006429 0.007619
3 0.546786 0.081905 0.009286 0.007619
3 0.552857 0.093810 0.007143 0.004762
3 0.568214 0.127619 0.013571 0.009524
0 0.587500 0.182857 0.002143 0.005714
4 0.571429 0.140952 0.015714 0.009524
3 0.568929 0.149524 0.017857 0.009524
3 0.572143 0.157619 0.018571 0.010476
3 0.577857 0.166667 0.020000 0.011429
4 0.616786 0.205238 0.025000 0.020000
0 0.699643 0.547619 0.003571 0.015238
0 0.707143 0.556190 0.004286 0.020952
3 0.729643 0.537619 0.045000 0.029524
4 0.714643 0.517143 0.043571 0.024762
3 0.703214 0.501905 0.035000 0.022857
3 0.662500 0.441429 0.032143 0.020000
3 0.663571 0.427143 0.037143 0.018095
3 0.661786 0.413333 0.032143 0.020952
3 0.655714 0.397619 0.031429 0.018095
3 0.650357 0.389048 0.029286 0.018095
0 0.632500 0.272381 0.002143 0.005714
3 0.636071 0.295238 0.016429 0.024762
3 0.787500 0.717143 0.052143 0.045714
3 0.780714 0.752857 0.055714 0.058095
3 0.810357 0.861429 0.062143 0.111429
