3 0.437143 0.285533 0.014286 0.038071
3 0.526429 0.154822 0.012857 0.032995
3 0.512857 0.096447 0.011429 0.027919
8 0.582500 0.820431 0.035000 0.145939
4 0.500000 0.668782 0.018571 0.078680
4 0.635714 0.475888 0.020000 0.063452
4 0.670357 0.269036 0.032143 0.032995
4 0.731429 0.259518 0.032857 0.029188
3 0.773929 0.254442 0.030714 0.024112
3 0.778214 0.275381 0.029286 0.025381
4 0.899643 0.233503 0.033571 0.030457
3 0.967143 0.371827 0.040000 0.025381
3 0.956429 0.237944 0.027143 0.021574
3 0.930714 0.229061 0.025714 0.021574
3 0.965357 0.221447 0.032143 0.019036
4 0.430000 0.048223 0.011429 0.025381
0 0.353929 0.218274 0.005000 0.015228
0 0.376071 0.099619 0.003571 0.016497
0 0.448571 0.014594 0.002857 0.013959
0 0.451786 0.016497 0.003571 0.012690
3 0.800714 0.545685 0.022857 0.048223
