3 0.601786 0.642381 0.069286 0.109524
3 0.598571 0.552381 0.050000 0.078095
3 0.286429 0.742857 0.115714 0.123810
3 0.343929 0.623810 0.085000 0.099048
3 0.398571 0.540476 0.072857 0.084762
3 0.443571 0.491905 0.057143 0.058095
3 0.671071 0.363333 0.027857 0.021905
3 0.691786 0.460476 0.080714 0.044762
3 0.696429 0.450952 0.084286 0.033333
3 0.728571 0.415714 0.072857 0.035238
3 0.733214 0.410476 0.067857 0.036190
3 0.757500 0.394762 0.053571 0.029524
3 0.775357 0.388571 0.046429 0.034286
3 0.788571 0.376667 0.041429 0.025714
3 0.766786 0.362381 0.029286 0.029524
3 0.787143 0.352857 0.018571 0.023810
3 0.736786 0.343810 0.040714 0.019048
3 0.689643 0.340000 0.029286 0.022857
3 0.656071 0.337143 0.027857 0.020952
3 0.830357 0.336190 0.033571 0.020952
