3 0.930357 0.270000 0.139286 0.120952
5 0.681786 0.028571 0.042143 0.051429
5 0.659286 0.065238 0.017143 0.020000
3 0.644643 0.082381 0.012143 0.014286
4 0.656429 0.079524 0.014286 0.020000
3 0.630000 0.110952 0.012857 0.018095
3 0.670357 0.104286 0.022143 0.027619
5 0.583214 0.200952 0.072143 0.102857
3 0.585000 0.234286 0.024286 0.028571
5 0.572857 0.184762 0.015714 0.022857
4 0.538571 0.223333 0.014286 0.014286
3 0.542500 0.223810 0.012143 0.015238
3 0.536071 0.243333 0.016429 0.020000
3 0.512857 0.260000 0.008571 0.011429
3 0.503214 0.279524 0.015000 0.021905
3 0.492143 0.278095 0.012857 0.019048
4 0.535000 0.281429 0.020000 0.031429
3 0.529286 0.287619 0.020000 0.026667
3 0.531786 0.302857 0.027857 0.030476
3 0.525357 0.321429 0.026429 0.031429
3 0.511786 0.318571 0.020714 0.027619
0 0.486786 0.295238 0.006429 0.007619
3 0.482857 0.290952 0.011429 0.006667
5 0.476786 0.316667 0.029286 0.031429
5 0.444286 0.347619 0.024286 0.028571
5 0.438214 0.337619 0.029286 0.035238
3 0.492500 0.351905 0.023571 0.029524
3 0.482143 0.360476 0.022857 0.029524
5 0.472500 0.357143 0.032143 0.049524
3 0.462500 0.394762 0.023571 0.033333
3 0.453571 0.398095 0.022857 0.030476
5 0.442500 0.403810 0.025000 0.036190
5 0.403571 0.380476 0.044286 0.060000
3 0.438571 0.430000 0.024286 0.031429
3 0.425000 0.438095 0.024286 0.036190
4 0.417143 0.443810 0.022857 0.032381
3 0.432143 0.454286 0.030000 0.038095
1 0.391786 0.473810 0.009286 0.010476
9 0.393929 0.474762 0.012143 0.018095
3 0.437143 0.536667 0.035714 0.037143
3 0.426786 0.570000 0.037857 0.040952
3 0.358929 0.543810 0.030714 0.038095
3 0.328571 0.595714 0.032857 0.040952
3 0.293929 0.624762 0.030714 0.038095
5 0.327500 0.679048 0.057857 0.064762
3 0.275000 0.711905 0.031429 0.040952
3 0.244286 0.676667 0.024286 0.027619
3 0.227143 0.710476 0.025714 0.030476
3 0.200000 0.717143 0.015714 0.019048
3 0.181786 0.743810 0.016429 0.020952
3 0.155714 0.772381 0.018571 0.020952
3 0.143214 0.794762 0.016429 0.018095
3 0.123214 0.821429 0.017857 0.021905
3 0.175000 0.810476 0.034286 0.045714
3 0.178929 0.726667 0.015000 0.015238
3 0.164643 0.748095 0.015000 0.018095
3 0.153214 0.746667 0.013571 0.015238
3 0.138571 0.764286 0.014286 0.016190
3 0.133214 0.750000 0.010714 0.012381
3 0.133929 0.793810 0.012143 0.018095
3 0.125714 0.790476 0.011429 0.017143
4 0.082143 0.830476 0.017143 0.019048
3 0.082143 0.935714 0.041429 0.060000
3 0.027143 0.955714 0.027143 0.042857
3 0.055000 0.903333 0.020000 0.033333
3 0.068571 0.868571 0.014286 0.020952
3 0.068571 0.853333 0.011429 0.013333
3 0.158571 0.687143 0.007143 0.008571
3 0.151786 0.687619 0.005000 0.005714
3 0.133214 0.706190 0.005000 0.004762
3 0.107500 0.724762 0.005000 0.005714
