0 0.421786 0.694762 0.013571 0.031429
0 0.577500 0.650000 0.010714 0.035238
0 0.585357 0.646667 0.009286 0.034286
0 0.606429 0.642857 0.014286 0.032381
0 0.624643 0.638571 0.012143 0.033333
0 0.586071 0.571905 0.013571 0.037143
0 0.569643 0.553333 0.009286 0.034286
0 0.554286 0.561429 0.011429 0.027619
0 0.526786 0.520000 0.010714 0.036190
0 0.545000 0.528571 0.011429 0.030476
0 0.550357 0.514286 0.010714 0.030476
0 0.507500 0.483810 0.009286 0.030476
0 0.495357 0.470476 0.009286 0.032381
0 0.480357 0.461905 0.009286 0.028571
0 0.464286 0.475238 0.011429 0.028571
0 0.452500 0.456667 0.009286 0.033333
0 0.467143 0.417143 0.008571 0.030476
0 0.429643 0.377143 0.007857 0.026667
0 0.415714 0.372381 0.011429 0.028571
0 0.400714 0.346667 0.007143 0.024762
0 0.406786 0.350476 0.007857 0.026667
0 0.523929 0.275714 0.006429 0.023810
0 0.516786 0.273810 0.006429 0.023810
0 0.522857 0.263810 0.005714 0.019048
0 0.509286 0.268095 0.005714 0.021905
0 0.514286 0.261905 0.005714 0.019048
0 0.527143 0.203333 0.005714 0.020000
0 0.521071 0.203810 0.005000 0.019048
0 0.496071 0.159048 0.006429 0.017143
0 0.490357 0.158095 0.005000 0.015238
0 0.488929 0.154286 0.005000 0.015238
0 0.485000 0.150952 0.005714 0.016190
0 0.481071 0.152857 0.006429 0.014286
0 0.480000 0.149524 0.005714 0.015238
0 0.475000 0.147143 0.005714 0.016190
0 0.505357 0.148571 0.005000 0.015238
0 0.503571 0.141905 0.005714 0.013333
0 0.516786 0.180476 0.005000 0.014286
0 0.513929 0.179524 0.005000 0.014286
0 0.537857 0.170000 0.005714 0.014286
0 0.542857 0.169524 0.005714 0.015238
0 0.435000 0.186667 0.005714 0.015238
0 0.437143 0.185714 0.005714 0.015238
0 0.442857 0.167619 0.005714 0.017143
0 0.451429 0.164286 0.007143 0.018095
0 0.450000 0.141905 0.005714 0.017143
0 0.400000 0.146190 0.005714 0.016190
0 0.373571 0.129048 0.005714 0.016190
0 0.386071 0.131429 0.003571 0.013333
0 0.384286 0.130476 0.004286 0.013333
0 0.404286 0.100476 0.005714 0.014286
1 0.442857 0.113810 0.004286 0.012381
2 0.443214 0.119048 0.009286 0.007619
0 0.466429 0.115238 0.004286 0.015238
0 0.453214 0.111429 0.003571 0.015238
0 0.450357 0.114286 0.005000 0.013333
3 0.491429 0.078095 0.014286 0.011429
5 0.475714 0.073333 0.018571 0.019048
0 0.269643 0.323810 0.009286 0.024762
0 0.232857 0.321905 0.008571 0.020952
0 0.188214 0.327619 0.010714 0.020952
0 0.189643 0.323333 0.010714 0.020000
0 0.229286 0.253333 0.007143 0.019048
0 0.270714 0.224762 0.005714 0.020952
0 0.276071 0.224286 0.006429 0.020000
0 0.282143 0.228571 0.005714 0.019048
0 0.286429 0.228095 0.007143 0.020000
3 0.250357 0.222857 0.027857 0.020952
0 0.144286 0.141905 0.005714 0.015238
0 0.175357 0.072381 0.005000 0.011429
0 0.177857 0.071429 0.004286 0.011429
0 0.181786 0.061905 0.005000 0.013333
0 0.183929 0.060476 0.005000 0.012381
0 0.155714 0.055714 0.004286 0.010476
0 0.199643 0.042381 0.005000 0.010476
0 0.204643 0.041905 0.005000 0.011429
0 0.119643 0.020000 0.005000 0.009524
1 0.353571 0.331905 0.007143 0.016190
1 0.354286 0.333810 0.007143 0.014286
9 0.352857 0.336667 0.010000 0.021905
0 0.659643 0.323333 0.010714 0.021905
0 0.809643 0.375238 0.010714 0.019048
0 0.820000 0.373333 0.010000 0.024762
0 0.827500 0.383333 0.010714 0.023810
3 0.355000 0.065238 0.014286 0.008571
