3 0.680250 0.953000 0.061500 0.094000
3 0.595250 0.836000 0.051500 0.129333
3 0.654000 0.816333 0.061000 0.128667
3 0.665250 0.712667 0.083500 0.080000
3 0.662250 0.661333 0.077500 0.070667
3 0.556000 0.666333 0.038000 0.083333
5 0.479000 0.857000 0.064000 0.186000
3 0.449250 0.643000 0.087500 0.059333
3 0.470750 0.610000 0.072500 0.044000
3 0.636500 0.535667 0.032000 0.051333
3 0.546500 0.528333 0.029000 0.051333
3 0.555750 0.486000 0.029500 0.044000
3 0.552750 0.444667 0.019500 0.037333
3 0.617750 0.401333 0.016500 0.030667
3 0.617500 0.371667 0.018000 0.024667
3 0.554250 0.394667 0.012500 0.025333
3 0.615500 0.357000 0.015000 0.016667
3 0.559500 0.366000 0.016000 0.024000
3 0.564750 0.340333 0.016500 0.019333
3 0.590750 0.326333 0.012500 0.018000
3 0.568000 0.317000 0.014000 0.018000
3 0.487250 0.517000 0.032500 0.051333
3 0.608250 0.303333 0.013500 0.017333
3 0.625250 0.301333 0.009500 0.016000
3 0.582000 0.303667 0.014000 0.016667
5 0.149250 0.638667 0.076500 0.105333
3 0.522250 0.302333 0.021500 0.014000
3 0.522500 0.284333 0.022000 0.016667
3 0.597750 0.292667 0.027500 0.017333
3 0.581750 0.276000 0.014500 0.010667
3 0.570750 0.294000 0.015500 0.013333
3 0.569000 0.282667 0.016000 0.014667
3 0.542000 0.276000 0.015000 0.010667
3 0.551000 0.272333 0.018000 0.015333
3 0.613000 0.333000 0.014000 0.019333
3 0.621000 0.283667 0.010000 0.015333
3 0.635000 0.488000 0.047000 0.034667
0 0.587750 0.475333 0.005500 0.025333
0 0.591000 0.483667 0.004000 0.012667
3 0.764500 0.314667 0.024000 0.021333
3 0.840750 0.401667 0.023500 0.032667
3 0.849750 0.375000 0.019500 0.032667
3 0.832750 0.219000 0.018500 0.010000
3 0.876250 0.221000 0.020500 0.008667
3 0.792250 0.215667 0.018500 0.008667
0 0.807500 0.409667 0.008000 0.023333
0 0.808250 0.396000 0.007500 0.021333
0 0.818500 0.409667 0.006000 0.019333
0 0.823250 0.396667 0.006500 0.018667
0 0.826750 0.372667 0.005500 0.021333
0 0.831250 0.375000 0.005500 0.011333
0 0.854750 0.342000 0.005500 0.017333
0 0.861250 0.339000 0.005500 0.016667
0 0.814000 0.355333 0.005000 0.022667
0 0.817500 0.353333 0.005000 0.017333
0 0.822500 0.356333 0.006000 0.011333
0 0.526000 0.760333 0.014000 0.036667
0 0.512750 0.762333 0.011500 0.031333
0 0.498250 0.757000 0.010500 0.031333
0 0.515250 0.787000 0.011500 0.036667
2 0.532250 0.798000 0.016500 0.045333
1 0.610000 0.718000 0.014000 0.045333
1 0.690000 0.608333 0.010000 0.035333
9 0.611000 0.720667 0.015000 0.040000
9 0.688500 0.614333 0.032000 0.027333
0 0.615500 0.647333 0.010000 0.037333
0 0.684750 0.640000 0.009500 0.037333
0 0.711500 0.654667 0.009000 0.037333
0 0.725500 0.682667 0.010000 0.046667
0 0.705500 0.698333 0.009000 0.038000
0 0.818000 0.594000 0.014000 0.038667
0 0.666250 0.623333 0.008500 0.034667
0 0.646250 0.612000 0.010500 0.042667
0 0.662000 0.597000 0.012000 0.035333
0 0.648500 0.584333 0.009000 0.028667
0 0.660000 0.587000 0.008000 0.028667
0 0.561250 0.614667 0.007500 0.033333
0 0.543750 0.629333 0.007500 0.040000
0 0.544000 0.613333 0.008000 0.040000
0 0.515750 0.639667 0.010500 0.038000
0 0.964750 0.729667 0.018500 0.043333
0 0.917000 0.698333 0.017000 0.039333
0 0.927500 0.659000 0.018000 0.039333
0 0.846750 0.548333 0.012500 0.028667
9 0.904500 0.702667 0.033000 0.040000
1 0.845000 0.603333 0.014000 0.030667
9 0.844750 0.611667 0.016500 0.028667
0 0.862000 0.533333 0.009000 0.030667
0 0.849250 0.526333 0.008500 0.027333
0 0.873000 0.503333 0.009000 0.033333
0 0.884500 0.503667 0.010000 0.031333
0 0.832500 0.465667 0.007000 0.027333
0 0.841000 0.424333 0.008000 0.026000
0 0.915250 0.489667 0.009500 0.030000
6 0.833500 0.510333 0.024000 0.039333
0 0.030000 0.586667 0.012000 0.029333
0 0.470000 0.688333 0.009000 0.031333
0 0.392250 0.562333 0.010500 0.031333
0 0.456000 0.582667 0.009000 0.021333
0 0.465750 0.580667 0.006500 0.022667
0 0.354750 0.592667 0.009500 0.029333
0 0.363000 0.591000 0.004000 0.019333
4 0.146250 0.489000 0.051500 0.036667
