3 0.169250 0.864000 0.152500 0.090667
3 0.652000 0.845667 0.087000 0.127333
3 0.462250 0.513000 0.036500 0.063333
4 0.468250 0.306000 0.019500 0.042667
0 0.480500 0.652333 0.016000 0.054000
5 0.532500 0.511333 0.024000 0.058667
1 0.629000 0.423667 0.008000 0.019333
9 0.628500 0.439333 0.009000 0.014667
3 0.469000 0.247667 0.017000 0.020667
3 0.483500 0.181000 0.010000 0.018000
3 0.517250 0.209333 0.013500 0.013333
4 0.523500 0.191333 0.014000 0.018667
0 0.971000 0.639667 0.020000 0.042000
3 0.943500 0.425333 0.041000 0.022667
3 0.959750 0.441000 0.041500 0.014000
3 0.890750 0.314333 0.024500 0.019333
0 0.872000 0.313000 0.008000 0.019333
0 0.866250 0.297000 0.004500 0.018000
0 0.872750 0.296667 0.006500 0.016000
3 0.871000 0.288667 0.039000 0.020000
4 0.808000 0.267000 0.023000 0.022000
3 0.733250 0.228333 0.017500 0.016667
3 0.708500 0.205667 0.014000 0.016667
3 0.688750 0.184667 0.022500 0.012000
4 0.709750 0.191000 0.018500 0.012667
3 0.609000 0.139667 0.009000 0.007333
5 0.519500 0.156667 0.010000 0.021333
5 0.505250 0.162667 0.016500 0.028000
0 0.535750 0.173667 0.003500 0.011333
3 0.501000 0.134000 0.006000 0.006667
3 0.499500 0.126667 0.005000 0.005333
3 0.472500 0.136000 0.006000 0.006667
3 0.477500 0.123333 0.005000 0.006667
3 0.490750 0.121667 0.005500 0.006000
3 0.496250 0.118000 0.004500 0.005333
3 0.476750 0.098667 0.003500 0.005333
3 0.472000 0.101000 0.003000 0.003333
3 0.471000 0.117000 0.004000 0.003333
3 0.470000 0.125333 0.007000 0.010667
3 0.493500 0.104333 0.003000 0.004667
3 0.494750 0.111667 0.007500 0.006000
