3 0.599000 0.868667 0.086000 0.096000
4 0.757750 0.780333 0.045500 0.078000
3 0.955250 0.953000 0.089500 0.094000
3 0.578750 0.695333 0.056500 0.050667
4 0.460250 0.719000 0.048500 0.050000
3 0.486750 0.671000 0.051500 0.046000
4 0.516250 0.645333 0.048500 0.048000
4 0.471750 0.611000 0.045500 0.039333
4 0.425000 0.613667 0.038000 0.034000
4 0.437500 0.575333 0.032000 0.040000
4 0.411250 0.557000 0.030500 0.034000
3 0.389000 0.634333 0.037000 0.042000
3 0.365250 0.605000 0.037500 0.032667
3 0.339500 0.575667 0.032000 0.028667
3 0.385500 0.541333 0.030000 0.024000
3 0.318500 0.553333 0.027000 0.029333
3 0.300000 0.532333 0.025000 0.026000
3 0.286000 0.515333 0.026000 0.024000
3 0.364750 0.522333 0.027500 0.022000
3 0.343750 0.506333 0.023500 0.020667
3 0.318500 0.510667 0.025000 0.021333
3 0.318500 0.479000 0.023000 0.019333
4 0.303000 0.452667 0.014000 0.014667
4 0.270250 0.498333 0.017500 0.026000
4 0.261250 0.486667 0.015500 0.024000
4 0.253500 0.478000 0.017000 0.021333
3 0.243750 0.469667 0.022500 0.018000
4 0.235250 0.459667 0.017500 0.018000
3 0.226750 0.451333 0.015500 0.016000
3 0.221500 0.443000 0.017000 0.015333
0 0.226250 0.440000 0.004500 0.010667
0 0.263500 0.462667 0.004000 0.013333
1 0.382250 0.556333 0.006500 0.015333
9 0.382500 0.562000 0.009000 0.016000
3 0.200000 0.420000 0.012000 0.012000
4 0.187500 0.405333 0.011000 0.013333
0 0.149000 0.468333 0.006000 0.008667
0 0.167000 0.473667 0.008000 0.010000
1 0.176750 0.454000 0.003500 0.009333
1 0.181500 0.454000 0.004000 0.009333
6 0.180000 0.461000 0.009000 0.012667
0 0.208250 0.457667 0.004500 0.015333
0 0.213250 0.456667 0.003500 0.014667
0 0.131500 0.476667 0.005000 0.016000
0 0.130000 0.474000 0.004000 0.014667
0 0.075750 0.436667 0.003500 0.012000
1 0.080000 0.435667 0.004000 0.007333
0 0.073000 0.415667 0.005000 0.011333
0 0.092000 0.430000 0.003000 0.010667
9 0.116500 0.420333 0.004000 0.008667
7 0.113000 0.409667 0.008000 0.011333
4 0.284500 0.456000 0.018000 0.016000
3 0.275000 0.448333 0.016000 0.014000
4 0.266250 0.437333 0.014500 0.018667
3 0.255750 0.432667 0.013500 0.013333
3 0.250500 0.427667 0.013000 0.012667
3 0.244000 0.421667 0.011000 0.012667
3 0.237250 0.417333 0.011500 0.012000
3 0.227750 0.408667 0.012500 0.009333
5 0.221500 0.403000 0.017000 0.014000
4 0.212000 0.394667 0.009000 0.012000
3 0.207000 0.393333 0.008000 0.008000
3 0.203500 0.389333 0.009000 0.008000
4 0.198000 0.383667 0.009000 0.011333
3 0.181750 0.365667 0.014500 0.007333
3 0.174750 0.364667 0.006500 0.006667
3 0.170500 0.387667 0.009000 0.008667
4 0.161750 0.375333 0.008500 0.009333
5 0.156500 0.372000 0.008000 0.010667
3 0.167750 0.359000 0.005500 0.006000
3 0.165500 0.357333 0.005000 0.005333
3 0.164250 0.356000 0.005500 0.005333
3 0.161750 0.354000 0.004500 0.005333
3 0.154250 0.353000 0.006500 0.004667
3 0.150250 0.350667 0.010500 0.005333
4 0.141000 0.342333 0.008000 0.004667
4 0.140000 0.348000 0.007000 0.004000
5 0.132250 0.348333 0.011500 0.011333
3 0.122750 0.351667 0.007500 0.004667
5 0.088500 0.352000 0.017000 0.009333
3 0.084750 0.358333 0.011500 0.004667
4 0.088750 0.362333 0.006500 0.007333
5 0.044500 0.350333 0.012000 0.008667
3 0.071500 0.349333 0.004000 0.005333
4 0.134750 0.342333 0.008500 0.006000
3 0.123250 0.345333 0.007500 0.004000
3 0.121250 0.343333 0.009500 0.005333
3 0.119500 0.341667 0.010000 0.006000
3 0.129500 0.341000 0.008000 0.004667
4 0.178250 0.340000 0.009500 0.005333
3 0.182000 0.342333 0.006000 0.004667
4 0.184500 0.348000 0.008000 0.006667
4 0.190500 0.355000 0.012000 0.007333
4 0.212500 0.360667 0.011000 0.008000
4 0.667500 0.617667 0.044000 0.038000
4 0.641000 0.601000 0.036000 0.043333
2 0.651500 0.527333 0.017000 0.014667
3 0.487250 0.514667 0.040500 0.022667
0 0.546000 0.455667 0.004000 0.014000
0 0.548500 0.454000 0.003000 0.010667
0 0.543750 0.440667 0.002500 0.010667
0 0.529000 0.403667 0.003000 0.011333
0 0.529750 0.419333 0.002500 0.009333
0 0.525000 0.420667 0.003000 0.009333
1 0.528000 0.425667 0.004000 0.006000
0 0.469750 0.403333 0.002500 0.008000
0 0.511500 0.409333 0.002000 0.008000
0 0.530000 0.387667 0.002000 0.007333
0 0.511250 0.405000 0.002500 0.007333
0 0.534000 0.391667 0.002000 0.007333
0 0.536500 0.384333 0.002000 0.007333
0 0.538000 0.388667 0.002000 0.012000
0 0.533000 0.388667 0.002000 0.008000
3 0.516500 0.418000 0.023000 0.010667
4 0.503750 0.414333 0.020500 0.014000
1 0.444000 0.440333 0.005000 0.008667
0 0.400250 0.470333 0.002500 0.014000
3 0.388000 0.386667 0.011000 0.009333
4 0.384250 0.359667 0.010500 0.007333
1 0.415250 0.412667 0.003500 0.005333
0 0.404750 0.409000 0.001500 0.006000
1 0.407500 0.392000 0.003000 0.006667
0 0.410750 0.391333 0.002500 0.008000
0 0.433250 0.399000 0.001500 0.006000
0 0.431750 0.398000 0.001500 0.008000
0 0.429250 0.400667 0.001500 0.005333
1 0.424000 0.410000 0.003000 0.005333
1 0.428250 0.410000 0.002500 0.005333
