3 0.446750 0.854000 0.093500 0.072000
3 0.795750 0.783667 0.049500 0.075333
3 0.821500 0.658667 0.048000 0.058667
3 0.784750 0.657667 0.043500 0.056667
6 0.831000 0.600000 0.038000 0.026667
4 0.733750 0.635667 0.039500 0.055333
0 0.723000 0.632000 0.012000 0.028000
3 0.705250 0.578333 0.039500 0.040667
4 0.869000 0.792667 0.080000 0.097333
3 0.946500 0.720333 0.081000 0.047333
3 0.281500 0.691667 0.063000 0.038000
3 0.193250 0.718000 0.060500 0.060000
3 0.030250 0.719333 0.060500 0.064000
5 0.135500 0.590000 0.058000 0.069333
3 0.408500 0.539333 0.041000 0.024000
3 0.411500 0.526667 0.041000 0.024000
3 0.481750 0.422667 0.036500 0.014667
3 0.493500 0.406667 0.029000 0.016000
3 0.342500 0.385000 0.018000 0.012667
