3 0.435000 0.409264 0.058571 0.046954
3 0.355000 0.405457 0.062857 0.049492
3 0.266071 0.383883 0.062143 0.077411
3 0.152857 0.422589 0.064286 0.053299
3 0.258929 0.276650 0.027857 0.116751
3 0.241071 0.484137 0.062143 0.052030
3 0.113929 0.500635 0.063571 0.044416
3 0.048929 0.465102 0.057857 0.059645
3 0.241071 0.658629 0.067857 0.058376
3 0.168929 0.746827 0.060714 0.052030
3 0.303214 0.730330 0.062143 0.046954
3 0.407500 0.698604 0.063571 0.057107
3 0.558929 0.404188 0.065000 0.049492
3 0.629643 0.345812 0.062143 0.041878
3 0.737500 0.414340 0.050714 0.095178
3 0.781429 0.479061 0.067143 0.062183
3 0.891071 0.450508 0.073571 0.048223
3 0.845357 0.605330 0.065000 0.071066
3 0.940357 0.543147 0.066429 0.045685
3 0.741429 0.630076 0.064286 0.049492
3 0.789643 0.761421 0.035000 0.109137
3 0.749286 0.758249 0.028571 0.105330
3 0.711429 0.766497 0.031429 0.111675
3 0.665714 0.781726 0.030000 0.121827
3 0.625357 0.771574 0.029286 0.109137
3 0.582143 0.781726 0.030000 0.119289
3 0.546429 0.784264 0.028571 0.116751
3 0.508929 0.779822 0.030714 0.120558
5 0.509286 0.567259 0.120000 0.076142
3 0.042500 0.711929 0.065000 0.063452
3 0.196429 0.156726 0.038571 0.100254
3 0.029286 0.066624 0.040000 0.107868
3 0.024286 0.250635 0.048571 0.090102
3 0.057500 0.043147 0.033571 0.086294
3 0.128214 0.046954 0.035000 0.093909
3 0.167143 0.034898 0.030000 0.069797
3 0.206071 0.038071 0.027857 0.076142
0 0.228214 0.032995 0.017857 0.027919
0 0.277500 0.045051 0.012143 0.026650
0 0.393929 0.012690 0.010714 0.020305
0 0.400357 0.027919 0.010714 0.025381
0 0.431786 0.164975 0.015000 0.032995
3 0.546786 0.244289 0.046429 0.102792
3 0.601786 0.168782 0.060714 0.093909
3 0.636429 0.101523 0.060000 0.076142
3 0.648571 0.039340 0.061429 0.078680
3 0.763571 0.040609 0.028571 0.081218
3 0.725000 0.225888 0.027143 0.124365
3 0.763214 0.229695 0.027857 0.116751
3 0.798929 0.237944 0.029286 0.115482
3 0.835357 0.214467 0.027857 0.104061
4 0.870714 0.220178 0.030000 0.095178
3 0.901429 0.210660 0.032857 0.116751
3 0.983214 0.194797 0.033571 0.105330
5 0.445714 0.235406 0.062857 0.054569
0 0.163214 0.532360 0.013571 0.019036
0 0.821429 0.315355 0.011429 0.013959
0 0.812857 0.317893 0.007143 0.013959
9 0.804643 0.303934 0.026429 0.013959
0 0.945357 0.225254 0.013571 0.019036
0 0.940357 0.104695 0.020714 0.024112
0 0.960000 0.213832 0.011429 0.016497
0 0.835714 0.715102 0.015714 0.019036
0 0.842857 0.696066 0.015714 0.021574
2 0.958929 0.781091 0.016429 0.041878
2 0.944286 0.779188 0.021429 0.032995
0 0.631786 0.317893 0.012143 0.024112
0 0.310357 0.659264 0.010714 0.016497
0 0.288929 0.635152 0.013571 0.011421
0 0.123571 0.885152 0.015714 0.019036
0 0.113571 0.875635 0.015714 0.027919
0 0.100714 0.821066 0.020000 0.017766
0 0.052857 0.867386 0.027143 0.024112
0 0.050000 0.937183 0.024286 0.016497
0 0.035357 0.930838 0.015000 0.024112
0 0.058214 0.771574 0.017857 0.017766
