3 0.235125 0.003711 0.018267 0.007421
3 0.164927 0.011132 0.018789 0.014842
3 0.193111 0.023655 0.019833 0.015770
3 0.186848 0.044063 0.020877 0.015770
4 0.164927 0.055195 0.017745 0.017625
3 0.258612 0.029221 0.018267 0.015770
8 0.316284 0.008349 0.013570 0.016698
5 0.298539 0.031076 0.021921 0.032468
5 0.198591 0.101577 0.014092 0.030612
3 0.245564 0.102041 0.010960 0.024119
3 0.262787 0.099258 0.012004 0.024119
3 0.218946 0.145176 0.012004 0.023191
3 0.176409 0.171614 0.027140 0.025974
3 0.124478 0.225417 0.030793 0.025974
4 0.269050 0.194341 0.022443 0.025046
3 0.164144 0.186456 0.027662 0.022263
3 0.111169 0.239796 0.033403 0.025046
3 0.168058 0.301484 0.033403 0.029685
9 0.244259 0.340445 0.011482 0.018553
9 0.260960 0.345547 0.007307 0.021336
5 0.314196 0.255102 0.025052 0.081633
5 0.410752 0.244898 0.036534 0.040816
5 0.419624 0.307050 0.027140 0.061224
3 0.509916 0.288961 0.031315 0.028757
3 0.460334 0.482839 0.042797 0.043599
3 0.574113 0.440631 0.037578 0.033395
3 0.540710 0.381725 0.033403 0.034323
3 0.472338 0.557050 0.046973 0.038033
3 0.536013 0.364564 0.036534 0.027829
3 0.455898 0.452226 0.039144 0.036178
3 0.626044 0.600186 0.048539 0.048237
3 0.646399 0.630798 0.050626 0.050093
3 0.657881 0.666512 0.054802 0.056586
9 0.692850 0.787106 0.008873 0.039889
3 0.210856 0.876623 0.050104 0.090909
3 0.242954 0.903989 0.054802 0.099258
3 0.716858 0.061224 0.025574 0.016698
3 0.782881 0.113173 0.010438 0.025974
3 0.716336 0.097403 0.008873 0.022263
4 0.700157 0.090909 0.007829 0.025974
3 0.686848 0.092764 0.011482 0.020408
3 0.673017 0.088590 0.009916 0.023191
3 0.659447 0.085343 0.010960 0.025974
0 0.345251 0.069573 0.003653 0.014842
9 0.333246 0.051020 0.003653 0.009276
1 0.333507 0.045918 0.002088 0.008349
9 0.417276 0.584416 0.005741 0.018553
1 0.416232 0.572820 0.004697 0.015770
