7 0.432500 0.819048 0.029286 0.078095
2 0.490714 0.633333 0.011429 0.038095
1 0.490714 0.631905 0.010000 0.018095
9 0.516071 0.656667 0.026429 0.021905
3 0.519643 0.580000 0.033571 0.099048
0 0.454286 0.617143 0.010000 0.022857
3 0.436071 0.507143 0.040714 0.101905
9 0.522143 0.497143 0.024286 0.017143
3 0.526786 0.437143 0.032143 0.091429
6 0.529643 0.376667 0.033571 0.025714
2 0.453571 0.314762 0.024286 0.020000
0 0.519643 0.299048 0.015000 0.024762
9 0.534286 0.343810 0.020000 0.019048
2 0.470357 0.170952 0.025000 0.012381
9 0.521071 0.092857 0.012143 0.037143
