4 0.335714 0.104762 0.041429 0.144762
4 0.332143 0.263810 0.031429 0.093333
4 0.909643 0.535238 0.095000 0.049524
4 0.341429 0.663333 0.035714 0.120952
4 0.605000 0.845714 0.070000 0.091429
3 0.559286 0.945714 0.081429 0.062857
3 0.491429 0.883333 0.035714 0.115238
3 0.403214 0.949048 0.079286 0.061905
3 0.335357 0.791905 0.037857 0.107619
3 0.383929 0.680952 0.037857 0.104762
3 0.593571 0.718571 0.070000 0.092381
3 0.763214 0.800952 0.066429 0.100952
9 0.725357 0.888571 0.030714 0.017143
3 0.801786 0.740952 0.063571 0.104762
3 0.829286 0.684762 0.068571 0.108571
3 0.617500 0.663333 0.069286 0.100000
3 0.649286 0.615238 0.075714 0.097143
3 0.682143 0.572381 0.071429 0.089524
3 0.982500 0.525714 0.035000 0.040000
3 0.924286 0.474286 0.084286 0.051429
3 0.828214 0.490000 0.079286 0.046667
3 0.960714 0.392857 0.077143 0.052381
3 0.863929 0.412381 0.080714 0.051429
3 0.633929 0.452857 0.077857 0.067619
3 0.550000 0.527143 0.068571 0.096190
3 0.979643 0.139048 0.040714 0.045714
3 0.923214 0.155714 0.075000 0.079048
3 0.845714 0.163810 0.071429 0.060952
3 0.761786 0.175714 0.070714 0.054286
3 0.686071 0.187619 0.055000 0.064762
3 0.608571 0.168571 0.078571 0.064762
3 0.622500 0.087143 0.077857 0.060000
3 0.522857 0.070476 0.034286 0.078095
3 0.332500 0.378571 0.036429 0.100000
3 0.335357 0.508571 0.036429 0.104762
0 0.694643 0.011429 0.012143 0.022857
