4 0.453929 0.154286 0.037857 0.114286
3 0.446071 0.331429 0.050714 0.121905
0 0.402857 0.114762 0.011429 0.037143
3 0.536786 0.023810 0.039286 0.047619
3 0.541786 0.112857 0.033571 0.075238
3 0.547143 0.205714 0.042857 0.089524
0 0.346429 0.519048 0.022857 0.051429
3 0.411429 0.570476 0.092857 0.160000
3 0.657857 0.017143 0.081429 0.034286
3 0.681071 0.070476 0.087857 0.053333
4 0.660714 0.350000 0.048571 0.126667
3 0.739643 0.348095 0.057857 0.115238
0 0.751429 0.257143 0.022857 0.038095
3 0.892500 0.095238 0.086429 0.055238
3 0.934643 0.172857 0.096429 0.063810
0 0.926071 0.199524 0.013571 0.042857
3 0.819286 0.332381 0.060000 0.112381
3 0.891429 0.328571 0.068571 0.112381
3 0.951429 0.329524 0.075714 0.127619
0 0.708571 0.506667 0.025714 0.040000
3 0.986786 0.311429 0.026429 0.100952
2 0.714286 0.629524 0.044286 0.041905
1 0.718571 0.621429 0.017143 0.040952
3 0.872500 0.618571 0.122143 0.080952
2 0.876429 0.721429 0.050000 0.037143
1 0.886071 0.707143 0.016429 0.025714
3 0.151786 0.561905 0.132143 0.085714
2 0.041071 0.583810 0.033571 0.060952
