5 0.263929 0.302381 0.017857 0.029524
5 0.321786 0.298095 0.017857 0.024762
5 0.366429 0.311905 0.022857 0.027619
4 0.391786 0.358095 0.019286 0.024762
0 0.263214 0.366667 0.009286 0.019048
5 0.449643 0.270000 0.019286 0.031429
5 0.431071 0.265238 0.017857 0.035238
3 0.040714 0.776667 0.077143 0.098095
3 0.727143 0.885238 0.082857 0.149524
3 0.687143 0.753810 0.057143 0.103810
3 0.671429 0.662381 0.045714 0.069524
3 0.650000 0.596667 0.038571 0.056190
3 0.641429 0.542381 0.035714 0.048571
3 0.543214 0.510000 0.026429 0.037143
3 0.544286 0.419524 0.018571 0.021905
3 0.612500 0.401905 0.017857 0.024762
3 0.547857 0.395238 0.017143 0.024762
3 0.602500 0.360952 0.013571 0.020952
3 0.937143 0.576667 0.070000 0.060000
3 0.857500 0.490000 0.039286 0.033333
3 0.817500 0.446667 0.033571 0.030476
3 0.898929 0.536190 0.052143 0.047619
0 0.617500 0.650476 0.015000 0.043810
0 0.571786 0.651429 0.012143 0.036190
0 0.576429 0.635714 0.012857 0.040952
0 0.582857 0.402857 0.007143 0.020952
0 0.570000 0.401429 0.008571 0.021905
2 0.566071 0.403810 0.007857 0.017143
3 0.548571 0.379048 0.017143 0.020952
3 0.550714 0.364762 0.014286 0.015238
3 0.553214 0.351905 0.013571 0.020000
3 0.557143 0.327143 0.022857 0.018095
3 0.600000 0.351429 0.012857 0.017143
3 0.599643 0.345714 0.010714 0.015238
3 0.596429 0.332381 0.011429 0.015238
3 0.797143 0.425714 0.030000 0.028571
3 0.780000 0.408571 0.025714 0.020952
3 0.720000 0.349048 0.017143 0.018095
3 0.707500 0.339524 0.020714 0.014286
3 0.701429 0.336190 0.020000 0.013333
3 0.692500 0.326667 0.020714 0.015238
3 0.687500 0.320952 0.019286 0.015238
3 0.685000 0.311905 0.010000 0.010476
3 0.680000 0.305238 0.012857 0.012381
3 0.718214 0.309048 0.012143 0.012381
3 0.717143 0.298571 0.010000 0.012381
3 0.708214 0.300476 0.010714 0.012381
0 0.720714 0.314762 0.004286 0.012381
3 0.803214 0.390952 0.030714 0.025714
5 0.786429 0.364762 0.060000 0.036190
0 0.755714 0.374286 0.005714 0.019048
0 0.743571 0.374762 0.005714 0.018095
0 0.736786 0.369048 0.005000 0.020000
0 0.747143 0.371429 0.007143 0.019048
4 0.649286 0.273810 0.008571 0.010476
3 0.642143 0.267619 0.005714 0.007619
3 0.640000 0.265714 0.007143 0.007619
3 0.688571 0.296667 0.008571 0.008571
3 0.672143 0.301905 0.007143 0.009524
3 0.891786 0.449524 0.056429 0.024762
3 0.952500 0.508571 0.072143 0.032381
3 0.972500 0.531429 0.053571 0.038095
3 0.960357 0.417143 0.059286 0.040000
