5 0.417500 0.158095 0.009286 0.030476
5 0.527143 0.938095 0.012857 0.047619
4 0.462500 0.210476 0.013571 0.026667
4 0.486786 0.246667 0.012143 0.034286
4 0.495000 0.212857 0.008571 0.029524
3 0.542143 0.092381 0.021429 0.019048
3 0.518571 0.228571 0.011429 0.030476
3 0.513214 0.259048 0.013571 0.028571
3 0.507500 0.299524 0.010714 0.029524
3 0.482857 0.312857 0.014286 0.029524
3 0.511429 0.335238 0.011429 0.028571
3 0.326429 0.152381 0.021429 0.017143
0 0.398214 0.186667 0.005000 0.007619
0 0.421786 0.186190 0.002143 0.006667
0 0.429643 0.210000 0.003571 0.006667
0 0.427143 0.186667 0.002857 0.007619
0 0.428214 0.164762 0.003571 0.005714
0 0.427500 0.160476 0.003571 0.008571
0 0.554286 0.060952 0.002857 0.009524
0 0.556429 0.061905 0.004286 0.007619
0 0.505714 0.228571 0.002857 0.007619
0 0.419643 0.325238 0.003571 0.006667
0 0.492143 0.319524 0.002857 0.006667
0 0.493571 0.309048 0.002857 0.004762
3 0.509286 0.366667 0.010000 0.022857
3 0.512500 0.423810 0.009286 0.028571
3 0.512857 0.456667 0.010000 0.023810
3 0.514286 0.491429 0.010000 0.028571
3 0.459286 0.484762 0.024286 0.015238
4 0.478571 0.497619 0.022857 0.012381
3 0.514286 0.531905 0.010000 0.027619
3 0.456429 0.517143 0.022857 0.015238
3 0.426786 0.514286 0.023571 0.013333
4 0.425357 0.536667 0.020714 0.012381
3 0.515000 0.573333 0.010000 0.026667
3 0.519643 0.754762 0.010714 0.031429
4 0.523214 0.821429 0.009286 0.029524
3 0.525714 0.894762 0.011429 0.031429
3 0.526786 0.977619 0.010714 0.031429
0 0.513214 0.686190 0.003571 0.006667
0 0.506071 0.989524 0.003571 0.009524
0 0.508214 0.993810 0.003571 0.008571
3 0.079286 0.853810 0.014286 0.033333
3 0.110714 0.890000 0.025714 0.020000
3 0.114286 0.906667 0.024286 0.019048
3 0.117143 0.924762 0.024286 0.019048
3 0.121429 0.940952 0.024286 0.019048
3 0.201429 0.992381 0.022857 0.015238
3 0.060357 0.993810 0.023571 0.012381
3 0.058214 0.954762 0.023571 0.018095
4 0.050714 0.941429 0.032857 0.021905
3 0.039286 0.883810 0.024286 0.017143
4 0.045000 0.919048 0.021429 0.017143
3 0.263214 0.980476 0.013571 0.033333
