3 0.156315 0.167904 0.038100 0.040816
3 0.173800 0.145640 0.036534 0.037106
3 0.227035 0.088126 0.034447 0.035250
3 0.243998 0.069109 0.032881 0.034323
3 0.277662 0.028757 0.020877 0.042672
3 0.296190 0.032468 0.015136 0.046382
4 0.350209 0.128479 0.030271 0.038033
3 0.310021 0.172542 0.033403 0.027829
5 0.394833 0.252783 0.027662 0.141929
4 0.210334 0.290816 0.038622 0.043599
9 0.295668 0.382189 0.019311 0.020408
9 0.314457 0.400742 0.014092 0.025974
6 0.331681 0.405380 0.013048 0.037106
0 0.474426 0.107607 0.005219 0.022263
9 0.460856 0.084416 0.006263 0.016698
1 0.460856 0.076067 0.004175 0.011132
5 0.523747 0.264378 0.048539 0.048237
5 0.526357 0.387755 0.031837 0.094620
3 0.654489 0.377087 0.046973 0.041744
3 0.556889 0.685529 0.057411 0.051948
3 0.558716 0.752319 0.060021 0.051948
3 0.729906 0.714750 0.057933 0.041744
3 0.688674 0.577458 0.053758 0.045455
3 0.683455 0.535250 0.055846 0.044527
3 0.904489 0.095547 0.036534 0.038961
3 0.891701 0.187848 0.023486 0.052876
3 0.928758 0.039425 0.018267 0.039889
4 0.949113 0.043135 0.015136 0.045455
4 0.973904 0.056586 0.015658 0.040816
4 0.961639 0.179963 0.020355 0.050093
3 0.909708 0.030148 0.015658 0.038033
3 0.903967 0.153989 0.021921 0.038961
3 0.985647 0.195269 0.019311 0.045455
3 0.566545 0.914193 0.068372 0.060297
5 0.382307 0.673933 0.032881 0.156772
9 0.460073 0.417904 0.005741 0.023191
1 0.460595 0.407236 0.006785 0.016698
