0 0.029489 0.714750 0.020355 0.043599
0 0.083768 0.689239 0.032881 0.079777
3 0.401357 0.644249 0.080376 0.217996
0 0.432411 0.537106 0.016180 0.057514
0 0.455115 0.561688 0.015658 0.067718
0 0.458768 0.544527 0.015658 0.064935
1 0.501827 0.622913 0.024530 0.065863
9 0.500783 0.631725 0.023486 0.072356
7 0.487474 0.532004 0.029228 0.104824
9 0.490344 0.487477 0.041232 0.038033
9 0.490344 0.468924 0.023486 0.049165
0 0.491388 0.444341 0.017223 0.057514
9 0.490866 0.448516 0.022443 0.051020
0 0.453549 0.445269 0.015658 0.061224
3 0.468424 0.373840 0.051670 0.107607
6 0.481211 0.297774 0.022965 0.074212
0 0.491388 0.284787 0.010960 0.048237
0 0.504436 0.292672 0.017223 0.049165
7 0.537578 0.410019 0.028184 0.100186
6 0.600470 0.442022 0.026618 0.091837
1 0.584290 0.592301 0.020355 0.056586
9 0.585334 0.607143 0.019311 0.067718
6 0.556628 0.796846 0.036013 0.152134
1 0.615605 0.953154 0.023486 0.038033
1 0.623695 0.948516 0.028184 0.051020
0 0.683977 0.964750 0.018267 0.068646
1 0.709290 0.662338 0.030271 0.046382
1 0.698852 0.605751 0.022965 0.051948
7 0.630741 0.301020 0.023486 0.075139
7 0.634395 0.253711 0.019311 0.047310
7 0.608038 0.225881 0.024008 0.065863
7 0.577766 0.199443 0.020877 0.059369
1 0.656054 0.284787 0.015658 0.038961
9 0.657620 0.288961 0.012526 0.043599
6 0.490605 0.264378 0.018789 0.042672
0 0.490084 0.232375 0.009395 0.043599
6 0.493998 0.222635 0.040188 0.055659
6 0.526096 0.209184 0.026096 0.047310
6 0.510960 0.177644 0.015658 0.041744
1 0.543841 0.223098 0.011482 0.034323
9 0.544885 0.233766 0.010438 0.040816
9 0.617693 0.248145 0.010960 0.039889
7 0.657359 0.222171 0.030793 0.062152
7 0.640658 0.187848 0.019311 0.060297
0 0.604906 0.179963 0.013570 0.035250
6 0.604123 0.189703 0.023486 0.030612
6 0.657359 0.171614 0.022443 0.033395
0 0.520355 0.166976 0.008351 0.040816
9 0.513309 0.152597 0.012004 0.028757
5 0.522965 0.125232 0.032359 0.051948
0 0.546973 0.133581 0.007307 0.044527
0 0.553497 0.134045 0.006785 0.032468
0 0.555846 0.134508 0.005219 0.024119
5 0.581681 0.124768 0.036013 0.058442
1 0.622390 0.132653 0.008873 0.031540
9 0.622129 0.139147 0.009395 0.031540
0 0.558977 0.091373 0.006263 0.034323
0 0.555063 0.087199 0.005741 0.033395
1 0.569154 0.085807 0.007829 0.023191
6 0.571242 0.094156 0.017223 0.028757
0 0.646660 0.067254 0.008351 0.034323
1 0.610386 0.070501 0.007829 0.027829
9 0.610125 0.075603 0.009395 0.025046
0 0.605950 0.055195 0.004175 0.023191
1 0.601775 0.045455 0.005219 0.016698
0 0.602035 0.049629 0.005741 0.028757
3 0.587944 0.048237 0.028706 0.042672
1 0.623695 0.032931 0.005219 0.015770
1 0.624739 0.029685 0.006263 0.024119
9 0.624478 0.033395 0.008873 0.020408
1 0.659447 0.041280 0.008873 0.028757
9 0.659708 0.043599 0.007307 0.025974
5 0.687630 0.056586 0.060021 0.113173
