0 0.046786 0.599524 0.030714 0.080952
0 0.225357 0.537619 0.023571 0.073333
0 0.489643 0.560000 0.017857 0.068571
0 0.465357 0.588571 0.023571 0.085714
0 0.425357 0.588095 0.029286 0.073333
0 0.304643 0.521905 0.019286 0.064762
0 0.286071 0.516667 0.020714 0.063810
0 0.270357 0.543333 0.019286 0.065714
0 0.270357 0.530000 0.019286 0.067619
0 0.253214 0.505714 0.026429 0.064762
0 0.222857 0.498571 0.015714 0.046667
0 0.229643 0.498095 0.017857 0.060952
0 0.295714 0.374762 0.008571 0.033333
0 0.300714 0.379524 0.010000 0.037143
1 0.152143 0.497619 0.034286 0.040952
1 0.335000 0.365238 0.017143 0.023810
9 0.338571 0.375238 0.018571 0.028571
1 0.398214 0.622857 0.032143 0.055238
1 0.406071 0.645238 0.042143 0.039048
2 0.448929 0.661905 0.065000 0.055238
2 0.561786 0.656667 0.066429 0.063810
9 0.624286 0.671905 0.070000 0.052381
2 0.627143 0.460476 0.018571 0.048571
0 0.684643 0.581429 0.020714 0.075238
0 0.683571 0.569048 0.017143 0.080952
3 0.475000 0.247143 0.037143 0.012381
3 0.522143 0.245714 0.031429 0.017143
3 0.572500 0.246190 0.030714 0.018095
3 0.579643 0.244286 0.030714 0.014286
3 0.462143 0.240000 0.017143 0.013333
3 0.467143 0.237619 0.011429 0.012381
3 0.478929 0.242381 0.015000 0.012381
4 0.482500 0.236667 0.019286 0.016190
3 0.492500 0.239524 0.010714 0.010476
3 0.502857 0.238571 0.010000 0.014286
3 0.514643 0.239048 0.016429 0.017143
3 0.531429 0.240000 0.011429 0.015238
3 0.540000 0.241905 0.017143 0.019048
3 0.555000 0.241905 0.011429 0.017143
3 0.570000 0.240000 0.014286 0.017143
3 0.458929 0.225238 0.015000 0.014286
3 0.473571 0.225714 0.014286 0.013333
3 0.487857 0.227143 0.014286 0.008571
3 0.488929 0.220952 0.019286 0.013333
3 0.502143 0.228095 0.014286 0.014286
3 0.502143 0.222381 0.018571 0.012381
3 0.518214 0.227143 0.019286 0.014286
3 0.534286 0.226667 0.017143 0.015238
3 0.563214 0.227619 0.016429 0.017143
3 0.577143 0.227619 0.015714 0.017143
3 0.584286 0.222857 0.014286 0.009524
3 0.596429 0.219524 0.018571 0.014286
3 0.612500 0.224286 0.019286 0.012381
3 0.627857 0.228571 0.025714 0.017143
