0 0.055357 0.016667 0.029286 0.033333
0 0.133571 0.142857 0.027143 0.051429
0 0.179286 0.353810 0.028571 0.040952
0 0.236786 0.580000 0.026429 0.051429
0 0.333929 0.590952 0.033571 0.039048
0 0.452857 0.863333 0.021429 0.039048
0 0.661429 0.545714 0.024286 0.053333
0 0.682143 0.565714 0.024286 0.051429
0 0.729286 0.578571 0.027143 0.042857
0 0.857143 0.703810 0.030000 0.041905
0 0.905000 0.659048 0.032857 0.047619
0 0.788929 0.509524 0.025000 0.049524
0 0.775714 0.475238 0.034286 0.038095
0 0.948214 0.592381 0.023571 0.047619
0 0.974286 0.565238 0.025714 0.054286
0 0.939286 0.454762 0.032857 0.042857
0 0.976786 0.483333 0.027857 0.048571
0 0.952143 0.377143 0.032857 0.038095
0 0.941786 0.330952 0.036429 0.052381
0 0.915714 0.287619 0.022857 0.051429
0 0.891786 0.268095 0.026429 0.039048
0 0.210357 0.335714 0.026429 0.056190
0 0.200000 0.351429 0.025714 0.045714
9 0.516786 0.650476 0.043571 0.062857
