3 0.901786 0.870952 0.126429 0.239048
3 0.805000 0.810000 0.102857 0.199048
3 0.225357 0.424762 0.060714 0.093333
3 0.272500 0.630952 0.132143 0.159048
3 0.285357 0.214286 0.043571 0.041905
3 0.373929 0.319048 0.067857 0.068571
3 0.607500 0.160476 0.046429 0.040952
3 0.317143 0.170476 0.051429 0.028571
4 0.249643 0.219048 0.042143 0.051429
3 0.346786 0.933810 0.152143 0.132381
3 0.240357 0.908095 0.182143 0.183810
3 0.211429 0.588095 0.138571 0.107619
3 0.190357 0.528095 0.125000 0.086667
3 0.236429 0.349524 0.042857 0.060952
3 0.219643 0.301429 0.045000 0.063810
3 0.073929 0.741905 0.142143 0.182857
3 0.117857 0.791429 0.191429 0.194286
3 0.168571 0.847143 0.190000 0.210476
0 0.533214 0.662381 0.029286 0.063810
0 0.581071 0.641429 0.035000 0.063810
0 0.511071 0.605238 0.023571 0.058095
0 0.538929 0.582857 0.023571 0.059048
0 0.479286 0.543810 0.028571 0.045714
0 0.493214 0.541429 0.023571 0.054286
0 0.459286 0.485714 0.030000 0.057143
0 0.428214 0.500476 0.025000 0.050476
0 0.408571 0.464762 0.021429 0.047619
0 0.436429 0.450476 0.018571 0.047619
0 0.391429 0.441429 0.018571 0.048571
0 0.415000 0.428571 0.021429 0.049524
0 0.365714 0.414762 0.020000 0.054286
0 0.386786 0.370000 0.019286 0.039048
0 0.401071 0.398095 0.022143 0.047619
0 0.352857 0.378095 0.022857 0.040000
1 0.605357 0.499524 0.017857 0.035238
1 0.794286 0.624762 0.057143 0.062857
0 0.640357 0.497143 0.016429 0.040000
0 0.640000 0.512857 0.018571 0.037143
0 0.631786 0.532381 0.017857 0.057143
0 0.621071 0.534286 0.010714 0.034286
9 0.655714 0.561429 0.048571 0.027619
9 0.718214 0.525238 0.047857 0.044762
2 0.704643 0.538571 0.039286 0.033333
2 0.676786 0.530952 0.032143 0.033333
3 0.664286 0.478571 0.117143 0.069524
3 0.666429 0.435238 0.110000 0.055238
3 0.649643 0.399524 0.099286 0.054286
3 0.665357 0.365714 0.106429 0.045714
3 0.667143 0.334286 0.094286 0.036190
3 0.677857 0.308095 0.081429 0.040952
4 0.686786 0.280476 0.082143 0.056190
3 0.726429 0.274286 0.070000 0.051429
3 0.721429 0.249048 0.064286 0.039048
4 0.742143 0.211429 0.065714 0.051429
3 0.738214 0.161429 0.035000 0.031429
3 0.741429 0.079048 0.028571 0.024762
3 0.718929 0.124762 0.033571 0.038095
4 0.735357 0.117619 0.033571 0.040952
4 0.692500 0.127143 0.045000 0.052381
3 0.672143 0.132857 0.050000 0.048571
4 0.646071 0.140000 0.043571 0.045714
3 0.585000 0.096190 0.040000 0.020952
3 0.577143 0.115238 0.038571 0.022857
3 0.546429 0.109524 0.037143 0.026667
3 0.539286 0.076190 0.040000 0.030476
3 0.551786 0.180476 0.057857 0.042857
3 0.695000 0.171429 0.044286 0.030476
3 0.670000 0.187143 0.054286 0.040952
3 0.650000 0.197619 0.051429 0.035238
3 0.618214 0.207143 0.052143 0.039048
3 0.589643 0.217143 0.045000 0.040000
3 0.561071 0.224286 0.052143 0.046667
3 0.563571 0.252381 0.047143 0.043810
3 0.524286 0.224762 0.044286 0.036190
4 0.483214 0.224762 0.047857 0.041905
3 0.528571 0.260952 0.065714 0.064762
3 0.496429 0.279524 0.057143 0.058095
3 0.448214 0.245714 0.046429 0.034286
3 0.456429 0.289048 0.047143 0.054286
3 0.414286 0.248095 0.044286 0.040952
3 0.420714 0.300476 0.048571 0.060000
3 0.378929 0.264286 0.055000 0.048571
3 0.332857 0.275238 0.067143 0.060952
3 0.440000 0.174762 0.042857 0.040952
3 0.413929 0.181429 0.040714 0.042857
3 0.385714 0.189524 0.041429 0.041905
3 0.352857 0.196190 0.045714 0.041905
3 0.322857 0.207143 0.047143 0.040952
3 0.240000 0.186667 0.068571 0.034286
0 0.240000 0.249524 0.017143 0.038095
3 0.191786 0.140476 0.066429 0.033333
3 0.320714 0.070952 0.047143 0.025714
3 0.375357 0.063333 0.043571 0.025714
3 0.443214 0.126667 0.050714 0.030476
8 0.439286 0.088095 0.157143 0.052381
3 0.139286 0.095238 0.057143 0.020952
4 0.131071 0.091429 0.045000 0.024762
3 0.139286 0.083810 0.041429 0.019048
3 0.258571 0.081429 0.050000 0.023810
3 0.082857 0.188571 0.074286 0.040000
1 0.177143 0.202857 0.015714 0.022857
9 0.175714 0.210952 0.035714 0.016190
0 0.692857 0.052381 0.007143 0.019048
0 0.741786 0.066667 0.007857 0.026667
3 0.724286 0.071429 0.028571 0.020952
3 0.612143 0.032381 0.035714 0.024762
5 0.286071 0.137143 0.065000 0.034286
