8 0.613214 0.810914 0.042143 0.157360
9 0.870000 0.722716 0.032857 0.039340
1 0.867857 0.724619 0.017143 0.043147
3 0.750357 0.650381 0.049286 0.064721
3 0.309643 0.871193 0.073571 0.074873
8 0.284286 0.803934 0.101429 0.110406
3 0.287857 0.763959 0.067143 0.060914
0 0.435357 0.705584 0.009286 0.032995
0 0.387857 0.669416 0.011429 0.031726
0 0.426786 0.521574 0.007857 0.032995
0 0.512143 0.506345 0.011429 0.025381
0 0.586071 0.486041 0.006429 0.030457
0 0.579643 0.471447 0.006429 0.031726
0 0.596429 0.475888 0.008571 0.030457
0 0.608571 0.467005 0.010000 0.027919
0 0.510000 0.333122 0.007143 0.024112
3 0.627143 0.120558 0.020000 0.027919
3 0.613929 0.103426 0.022143 0.026650
5 0.576786 0.087563 0.042143 0.048223
3 0.595357 0.086929 0.019286 0.026650
0 0.632500 0.097716 0.005000 0.020305
