8 0.402662 0.861781 0.077766 0.087199
3 0.742171 0.849258 0.065762 0.060297
4 0.745303 0.774583 0.051148 0.061224
3 0.640919 0.764842 0.046973 0.043599
3 0.667797 0.697124 0.028706 0.058442
9 0.015136 0.541744 0.008351 0.024119
1 0.067850 0.570965 0.008351 0.015770
1 0.068372 0.568182 0.007307 0.012059
9 0.032881 0.551948 0.013570 0.022263
6 0.035491 0.545455 0.018789 0.018553
9 0.060282 0.566790 0.012004 0.022263
9 0.084551 0.557514 0.007307 0.018553
7 0.108038 0.552876 0.020877 0.031540
7 0.170146 0.527365 0.019833 0.038033
7 0.174582 0.543599 0.017223 0.037106
7 0.186587 0.545455 0.018267 0.035250
7 0.200678 0.546382 0.019311 0.038961
3 0.216075 0.425325 0.018789 0.028757
5 0.231994 0.401670 0.025574 0.037106
7 0.235386 0.513915 0.011482 0.037106
7 0.225731 0.512523 0.012004 0.036178
7 0.209029 0.510668 0.016180 0.043599
6 0.236691 0.552412 0.017223 0.032468
6 0.227296 0.552412 0.012004 0.025046
9 0.208768 0.552876 0.011482 0.024119
9 0.215814 0.556586 0.009916 0.024119
9 0.154489 0.566790 0.010438 0.022263
9 0.161534 0.569109 0.010960 0.021336
9 0.165710 0.570037 0.010960 0.023191
9 0.170668 0.571429 0.010438 0.020408
9 0.175626 0.570501 0.012004 0.020408
9 0.180324 0.572356 0.012004 0.018553
9 0.191545 0.572820 0.010438 0.021336
9 0.198330 0.572820 0.010438 0.021336
9 0.202766 0.572820 0.013048 0.023191
9 0.215814 0.573284 0.010960 0.024119
9 0.222077 0.572356 0.008873 0.024119
2 0.154489 0.636827 0.007307 0.019481
9 0.162317 0.634045 0.011482 0.026902
6 0.171973 0.634508 0.017223 0.035250
9 0.183194 0.630798 0.012526 0.025974
1 0.145094 0.697588 0.007307 0.024119
1 0.149791 0.703618 0.008351 0.013915
1 0.153445 0.697124 0.006263 0.012059
6 0.150574 0.703154 0.019311 0.024119
5 0.173278 0.674861 0.077244 0.060297
9 0.254697 0.538961 0.009395 0.014842
3 0.338727 0.590909 0.040710 0.031540
4 0.387004 0.614564 0.037056 0.032468
7 0.388570 0.597403 0.025574 0.027829
7 0.327505 0.551948 0.022443 0.037106
7 0.422495 0.671614 0.022443 0.051948
3 0.477296 0.652134 0.045407 0.037106
9 0.592119 0.672078 0.005741 0.019481
6 0.598904 0.672542 0.010960 0.031540
9 0.790188 0.668831 0.010438 0.024119
6 0.800104 0.694805 0.030271 0.029685
2 0.847599 0.659555 0.016701 0.016698
6 0.872390 0.715213 0.032881 0.031540
1 0.909186 0.673933 0.009395 0.015770
9 0.947808 0.678571 0.017745 0.026902
6 0.977818 0.737941 0.033925 0.030612
