3 0.124739 0.775510 0.061587 0.168831
4 0.193633 0.502783 0.059499 0.135436
6 0.228079 0.374768 0.042797 0.105751
3 0.254175 0.239332 0.057411 0.150278
3 0.306367 0.043135 0.038622 0.086271
3 0.411273 0.239332 0.043841 0.135436
3 0.507829 0.086271 0.042797 0.141002
6 0.530793 0.322820 0.061587 0.042672
4 0.526618 0.578850 0.072025 0.079777
6 0.616127 0.063080 0.047495 0.042672
0 0.668580 0.055195 0.009395 0.034323
9 0.553758 0.200835 0.028184 0.028757
9 0.602557 0.128479 0.027662 0.028757
9 0.601253 0.344620 0.028184 0.023191
4 0.455115 0.374304 0.037578 0.112245
1 0.430324 0.512059 0.015136 0.027829
2 0.435804 0.524119 0.030271 0.035250
9 0.668841 0.342301 0.013048 0.033395
1 0.672234 0.320501 0.012526 0.034323
6 0.601253 0.454545 0.073069 0.053803
6 0.600209 0.405380 0.063674 0.050093
9 0.605428 0.372449 0.027140 0.023191
9 0.545407 0.457328 0.028184 0.022263
9 0.537317 0.638219 0.032881 0.035250
0 0.685021 0.737013 0.014092 0.030612
9 0.575157 0.900742 0.036534 0.027829
2 0.524530 0.938312 0.038622 0.051020
6 0.585595 0.743043 0.043841 0.061224
3 0.450939 0.980519 0.096033 0.037106
2 0.761221 0.346011 0.009916 0.050093
