1 0.231429 0.020000 0.007143 0.013333
1 0.399286 0.091905 0.008571 0.018095
1 0.409643 0.189524 0.007857 0.017143
0 0.272143 0.101905 0.010000 0.013333
0 0.502500 0.175238 0.009286 0.024762
0 0.392857 0.241905 0.008571 0.015238
1 0.395357 0.255714 0.005000 0.006667
0 0.401429 0.348571 0.008571 0.019048
0 0.395714 0.340000 0.007143 0.017143
1 0.466071 0.474762 0.010714 0.020000
0 0.622500 0.512381 0.006429 0.015238
0 0.629643 0.529048 0.005000 0.012381
0 0.626071 0.534762 0.005000 0.014286
1 0.620357 0.986667 0.015000 0.019048
0 0.486071 0.892857 0.010714 0.012381
0 0.446786 0.739524 0.007857 0.012381
0 0.505000 0.975714 0.010000 0.012381
0 0.501429 0.994762 0.007143 0.010476
9 0.519286 0.895238 0.027143 0.020952
9 0.509286 0.880952 0.025714 0.024762
9 0.512143 0.864762 0.028571 0.019048
9 0.497500 0.847619 0.023571 0.017143
9 0.483214 0.826190 0.025000 0.020000
9 0.440000 0.626190 0.028571 0.016190
9 0.521429 0.623333 0.015714 0.039048
9 0.437143 0.604286 0.027143 0.020000
9 0.429643 0.574286 0.023571 0.020952
9 0.421071 0.554286 0.026429 0.017143
9 0.464643 0.478095 0.013571 0.036190
7 0.362500 0.370476 0.040714 0.038095
9 0.357857 0.342857 0.025714 0.022857
9 0.326429 0.224762 0.024286 0.022857
9 0.410357 0.191905 0.009286 0.025714
9 0.398571 0.096667 0.011429 0.031429
9 0.280714 0.113333 0.031429 0.019048
3 0.357500 0.221429 0.032143 0.069524
3 0.378214 0.300952 0.037857 0.076190
3 0.490714 0.268095 0.037143 0.071429
3 0.517500 0.347619 0.040714 0.076190
3 0.542143 0.428095 0.038571 0.075238
9 0.551429 0.382857 0.011429 0.032381
9 0.568571 0.513333 0.041429 0.080000
0 0.586071 0.585238 0.009286 0.012381
3 0.628214 0.700476 0.047857 0.094286
3 0.512500 0.754286 0.043571 0.097143
0 0.695357 0.707619 0.007857 0.013333
0 0.696429 0.726667 0.008571 0.009524
5 0.545357 0.861429 0.050714 0.113333
4 0.257143 0.459524 0.058571 0.054286
9 0.127143 0.515714 0.015714 0.033333
9 0.102857 0.526190 0.012857 0.031429
