3 0.551786 0.302381 0.010714 0.014286
3 0.540000 0.316667 0.010000 0.014286
3 0.556786 0.360952 0.013571 0.020952
3 0.561429 0.408571 0.018571 0.028571
3 0.577143 0.475238 0.020000 0.034286
5 0.539643 0.442381 0.020714 0.046667
3 0.538571 0.522857 0.022857 0.038095
3 0.565714 0.583333 0.031429 0.044762
3 0.492143 0.604286 0.050000 0.048571
3 0.443214 0.556190 0.027857 0.049524
3 0.488571 0.510000 0.021429 0.039048
3 0.460357 0.502381 0.022143 0.040952
3 0.431786 0.492857 0.022143 0.037143
3 0.420357 0.533810 0.026429 0.042857
3 0.402857 0.673333 0.071429 0.053333
3 0.887143 0.726190 0.072857 0.042857
3 0.965714 0.783333 0.068571 0.048571
3 0.956071 0.837143 0.086429 0.047619
3 0.303214 0.708095 0.076429 0.048571
3 0.350357 0.743810 0.079286 0.053333
3 0.084643 0.813810 0.097857 0.054286
1 0.147143 0.691905 0.008571 0.014286
1 0.151786 0.687619 0.009286 0.017143
9 0.147857 0.707143 0.012857 0.018095
1 0.619643 0.529524 0.006429 0.017143
0 0.662143 0.614286 0.007143 0.028571
1 0.671786 0.571429 0.007857 0.020952
1 0.695357 0.587619 0.009286 0.019048
0 0.627857 0.351905 0.005714 0.020000
1 0.585357 0.330952 0.002143 0.006667
1 0.570000 0.319524 0.002857 0.006667
1 0.595357 0.340000 0.003571 0.007619
1 0.612500 0.328571 0.003571 0.007619
1 0.603929 0.313810 0.003571 0.006667
1 0.609643 0.319524 0.003571 0.008571
0 0.608214 0.307619 0.002143 0.009524
9 0.569286 0.323810 0.004286 0.007619
9 0.585000 0.335714 0.004286 0.006667
9 0.595000 0.344762 0.004286 0.005714
9 0.603571 0.318095 0.002857 0.007619
9 0.608929 0.323810 0.003571 0.007619
9 0.612500 0.331429 0.003571 0.007619
0 0.577143 0.258571 0.002857 0.010476
2 0.618214 0.538095 0.003571 0.017143
2 0.669643 0.580476 0.006429 0.018095
9 0.693929 0.599048 0.009286 0.019048
1 0.725714 0.611905 0.011429 0.014286
2 0.725357 0.620952 0.022143 0.013333
1 0.727857 0.651429 0.005714 0.019048
1 0.733571 0.651905 0.004286 0.018095
1 0.742500 0.638571 0.009286 0.018095
1 0.751071 0.640476 0.007857 0.018095
1 0.714286 0.626667 0.005714 0.013333
1 0.720357 0.625714 0.005000 0.013333
1 0.774643 0.654762 0.007857 0.027619
1 0.781786 0.653333 0.006429 0.020952
9 0.772500 0.657143 0.025000 0.019048
9 0.723929 0.662857 0.023571 0.019048
9 0.746429 0.649524 0.018571 0.017143
9 0.715357 0.630952 0.019286 0.012381
