5 0.212857 0.813333 0.035714 0.024762
5 0.286071 0.658095 0.022143 0.045714
5 0.506071 0.751905 0.037857 0.082857
5 0.317143 0.570476 0.037143 0.087619
5 0.588571 0.539524 0.011429 0.021905
4 0.758214 0.533333 0.023571 0.022857
3 0.729643 0.497619 0.022143 0.027619
3 0.672143 0.726190 0.022857 0.018095
3 0.665000 0.750476 0.022857 0.022857
4 0.595000 0.764762 0.028571 0.026667
4 0.560714 0.768571 0.020000 0.024762
4 0.603929 0.956190 0.015000 0.034286
3 0.528214 0.870952 0.017857 0.031429
3 0.515714 0.908095 0.017143 0.037143
3 0.642143 0.955714 0.025714 0.025714
3 0.801071 0.733810 0.016429 0.025714
4 0.515357 0.871905 0.013571 0.033333
3 0.560000 0.704762 0.011429 0.032381
3 0.577857 0.654286 0.020000 0.020952
3 0.571786 0.633810 0.022143 0.021905
0 0.520714 0.652857 0.004286 0.010476
0 0.517500 0.662857 0.003571 0.011429
3 0.695714 0.234286 0.010000 0.026667
3 0.670000 0.335238 0.010000 0.028571
3 0.860357 0.221429 0.015000 0.027619
3 0.837143 0.230476 0.014286 0.024762
2 0.722857 0.031905 0.008571 0.016190
3 0.949643 0.671429 0.023571 0.024762
3 0.357500 0.865714 0.012143 0.036190
3 0.371071 0.834286 0.017857 0.032381
3 0.273929 0.701905 0.015000 0.034286
3 0.295357 0.581429 0.016429 0.031429
