8 0.578250 0.871333 0.140500 0.240000
4 0.454000 0.731667 0.034000 0.066000
3 0.392750 0.662333 0.028500 0.046000
3 0.472750 0.641000 0.033500 0.042000
3 0.422750 0.609667 0.029500 0.039333
3 0.382750 0.626333 0.028500 0.042000
3 0.438750 0.576333 0.027500 0.032667
3 0.590000 0.586667 0.036000 0.033333
3 0.549750 0.540667 0.026500 0.024000
3 0.388250 0.550000 0.024500 0.030667
3 0.447000 0.525333 0.038000 0.022667
3 0.438000 0.516667 0.039000 0.024000
3 0.428500 0.498667 0.037000 0.020000
3 0.422500 0.491000 0.038000 0.018000
3 0.389250 0.481333 0.017500 0.022667
3 0.379500 0.468333 0.018000 0.020667
3 0.500250 0.488000 0.022500 0.020000
3 0.468750 0.457000 0.021500 0.016667
3 0.431250 0.467000 0.020500 0.018000
3 0.418000 0.451667 0.016000 0.016667
3 0.429000 0.420667 0.016000 0.016000
3 0.404500 0.437667 0.015000 0.015333
3 0.339000 0.452000 0.015000 0.018667
3 0.312500 0.441000 0.014000 0.016667
5 0.331250 0.405667 0.018500 0.018000
4 0.319750 0.394667 0.016500 0.016000
3 0.318000 0.415000 0.020000 0.018000
3 0.231500 0.771333 0.078000 0.048000
3 0.266750 0.724667 0.035500 0.052000
3 0.224250 0.725333 0.035500 0.050667
3 0.221000 0.461000 0.033000 0.018000
3 0.220500 0.451667 0.034000 0.016667
3 0.224000 0.432333 0.031000 0.014000
3 0.225250 0.429000 0.025500 0.015333
3 0.226250 0.424333 0.028500 0.016667
3 0.200250 0.414667 0.012500 0.016000
2 0.208750 0.677667 0.013500 0.018000
