3 0.027897 0.506679 0.042918 0.062977
3 0.376967 0.737595 0.100143 0.110687
3 0.603004 0.640744 0.047210 0.081107
3 0.721030 0.501908 0.055794 0.053435
3 0.652718 0.465649 0.069385 0.053435
0 0.495351 0.765744 0.017883 0.044847
0 0.483548 0.570134 0.011445 0.042939
0 0.408441 0.545802 0.008584 0.036260
3 0.119099 0.408397 0.043634 0.047710
3 0.016452 0.466126 0.032904 0.056298
4 0.326180 0.775286 0.103004 0.121183
9 0.364449 0.537214 0.032189 0.034351
0 0.217811 0.881679 0.022175 0.055344
0 0.250000 0.817748 0.017883 0.047710
0 0.237124 0.822519 0.023605 0.057252
0 0.110873 0.376431 0.012876 0.031489
4 0.506438 0.696565 0.075823 0.118321
2 0.550787 0.520992 0.020029 0.028626
3 0.667024 0.447519 0.062232 0.045802
3 0.679900 0.426050 0.057940 0.046756
3 0.742489 0.369752 0.052933 0.050573
4 0.723176 0.389790 0.044349 0.050573
9 0.081187 0.383588 0.022175 0.022901
9 0.069385 0.371660 0.024320 0.021947
1 0.311159 0.489981 0.007153 0.018130
9 0.692775 0.372615 0.010730 0.021947
4 0.757511 0.358302 0.060086 0.044847
3 0.768956 0.347805 0.042918 0.033397
3 0.800072 0.328244 0.047926 0.034351
3 0.818312 0.313931 0.040057 0.028626
3 0.837625 0.297233 0.030043 0.023855
4 0.829399 0.301050 0.046495 0.044847
4 0.863019 0.284351 0.023605 0.041985
0 0.874821 0.336832 0.010014 0.020992
0 0.884478 0.287214 0.005007 0.017176
0 0.890558 0.291985 0.005722 0.019084
3 0.920243 0.327767 0.020744 0.029580
0 0.982475 0.263359 0.006438 0.017176
3 0.880901 0.255248 0.036481 0.021947
3 0.892704 0.245229 0.034335 0.022901
3 0.912375 0.231870 0.030758 0.024809
0 0.940272 0.230916 0.003577 0.009542
1 0.961016 0.413645 0.007868 0.025763
2 0.958512 0.421756 0.018598 0.019084
4 0.576180 0.919370 0.116595 0.159351
