0 0.573500 0.608667 0.009000 0.045333
0 0.543750 0.593000 0.013500 0.040667
0 0.438000 0.862333 0.020000 0.067333
0 0.421250 0.875000 0.014500 0.066000
2 0.380750 0.885667 0.042500 0.055333
0 0.368500 0.840000 0.020000 0.066667
0 0.331250 0.819333 0.021500 0.072000
1 0.295500 0.836333 0.026000 0.034000
4 0.252000 0.787000 0.081000 0.154000
1 0.629500 0.754667 0.020000 0.045333
4 0.644000 0.677667 0.046000 0.091333
1 0.381750 0.630000 0.014500 0.022667
4 0.463250 0.559000 0.033500 0.064667
1 0.510000 0.491000 0.007000 0.016667
2 0.509500 0.501333 0.007000 0.018667
0 0.487500 0.457000 0.009000 0.020667
0 0.417000 0.547333 0.009000 0.033333
0 0.408500 0.547333 0.008000 0.037333
4 0.305250 0.557333 0.062500 0.054667
0 0.275000 0.527667 0.009000 0.031333
4 0.300250 0.521333 0.054500 0.038667
4 0.304000 0.499333 0.051000 0.030667
3 0.277500 0.491667 0.051000 0.027333
3 0.208500 0.529000 0.061000 0.028667
3 0.137000 0.529333 0.054000 0.025333
3 0.020500 0.511667 0.041000 0.028667
5 0.078750 0.545667 0.079500 0.035333
4 0.013000 0.469333 0.026000 0.029333
4 0.035750 0.442667 0.035500 0.025333
3 0.091000 0.424667 0.027000 0.017333
3 0.109750 0.417667 0.022500 0.015333
3 0.134000 0.406333 0.026000 0.014000
3 0.152500 0.412667 0.019000 0.014667
3 0.144750 0.423000 0.025500 0.014000
4 0.134250 0.426333 0.019500 0.018000
3 0.138750 0.438000 0.032500 0.016000
3 0.414000 0.449667 0.018000 0.022000
1 0.431000 0.439333 0.006000 0.013333
2 0.431000 0.446333 0.005000 0.014000
1 0.431750 0.424333 0.004500 0.012667
9 0.431750 0.429667 0.004500 0.008667
0 0.418000 0.421667 0.004000 0.016667
1 0.414500 0.422667 0.004000 0.010667
2 0.415000 0.427000 0.003000 0.007333
3 0.461000 0.405000 0.013000 0.014000
0 0.447250 0.391000 0.004500 0.012667
3 0.452500 0.389333 0.011000 0.012000
3 0.451000 0.381667 0.009000 0.008667
6 0.446250 0.376333 0.007500 0.010000
1 0.442750 0.369000 0.002500 0.004667
9 0.442500 0.373667 0.004000 0.006000
3 0.436250 0.370333 0.008500 0.010000
3 0.425500 0.371000 0.010000 0.010000
3 0.429000 0.362000 0.009000 0.008000
3 0.441250 0.361000 0.010500 0.008667
3 0.437250 0.359333 0.006500 0.009333
5 0.431000 0.352333 0.007000 0.011333
1 0.417250 0.349000 0.002500 0.003333
6 0.417000 0.352333 0.004000 0.006000
4 0.419250 0.341333 0.005500 0.008000
3 0.431750 0.342333 0.005500 0.006000
3 0.424000 0.330000 0.004000 0.004000
3 0.413250 0.332333 0.004500 0.006000
