3 0.102500 0.842000 0.196000 0.144000
3 0.121500 0.623667 0.139000 0.092667
3 0.132750 0.569000 0.123500 0.079333
4 0.153750 0.486333 0.092500 0.063333
9 0.085500 0.519667 0.040000 0.032667
3 0.124750 0.477000 0.076500 0.040667
3 0.131000 0.450000 0.073000 0.041333
3 0.168000 0.423000 0.081000 0.040667
3 0.127000 0.418333 0.081000 0.043333
3 0.105000 0.404667 0.048000 0.034667
3 0.106500 0.401667 0.055000 0.032667
3 0.138000 0.381000 0.065000 0.028667
3 0.120750 0.374333 0.064500 0.031333
3 0.166000 0.322333 0.040000 0.022000
3 0.100250 0.314333 0.042500 0.020667
3 0.068000 0.309000 0.034000 0.020667
3 0.161500 0.289667 0.031000 0.016667
3 0.192500 0.291333 0.029000 0.017333
3 0.221000 0.293667 0.031000 0.019333
1 0.153250 0.255333 0.003500 0.006667
3 0.351250 0.332000 0.040500 0.028000
0 0.292250 0.275000 0.004500 0.015333
0 0.376250 0.310333 0.003500 0.015333
0 0.343500 0.396667 0.009000 0.034667
0 0.465250 0.390667 0.009500 0.026667
0 0.471000 0.393667 0.010000 0.027333
1 0.439000 0.285333 0.005000 0.013333
0 0.524500 0.295667 0.004000 0.016667
0 0.535750 0.295000 0.005500 0.011333
1 0.556500 0.336000 0.005000 0.012000
1 0.536750 0.340000 0.005500 0.010667
0 0.595750 0.363667 0.006500 0.022000
0 0.610000 0.362000 0.006000 0.020000
0 0.611250 0.369333 0.004500 0.018667
3 0.606250 0.296667 0.031500 0.016000
0 0.605000 0.295667 0.004000 0.018000
3 0.655250 0.291333 0.029500 0.014667
3 0.659250 0.287667 0.028500 0.014000
3 0.608750 0.284000 0.028500 0.014667
7 0.505250 0.292333 0.009500 0.018000
0 0.741250 0.378000 0.006500 0.029333
0 0.748000 0.395333 0.009000 0.030667
0 0.701500 0.280667 0.003000 0.014667
0 0.708000 0.281667 0.003000 0.012667
0 0.711500 0.282000 0.003000 0.012000
0 0.715250 0.282333 0.004500 0.012667
4 0.812500 0.272000 0.021000 0.016000
3 0.797250 0.267333 0.010500 0.010667
3 0.789250 0.262000 0.010500 0.010667
1 0.841250 0.260000 0.003500 0.005333
9 0.840000 0.264000 0.003000 0.008000
3 0.853750 0.249667 0.008500 0.007333
3 0.833250 0.244667 0.013500 0.006667
3 0.823500 0.241333 0.013000 0.006667
3 0.812500 0.239333 0.010000 0.005333
3 0.102750 0.245000 0.020500 0.012667
3 0.290000 0.261000 0.025000 0.010000
1 0.300250 0.308667 0.006500 0.012000
0 0.374250 0.277000 0.004500 0.014000
3 0.326500 0.273667 0.022000 0.014000
3 0.451500 0.272333 0.026000 0.011333
3 0.945250 0.303667 0.035500 0.016667
1 0.993000 0.301000 0.004000 0.014000
9 0.991250 0.303000 0.013500 0.008667
0 0.857500 0.482667 0.014000 0.038667
3 0.859750 0.517667 0.092500 0.055333
3 0.860250 0.728667 0.155500 0.102667
0 0.366750 0.751667 0.022500 0.071333
3 0.383750 0.429667 0.077500 0.040667
3 0.276750 0.441000 0.049500 0.056667
0 0.348000 0.551333 0.011000 0.044000
