5 0.506795 0.838263 0.176681 0.254771
4 0.676323 0.797233 0.140916 0.138359
3 0.638412 0.975191 0.152361 0.045802
0 0.733190 0.868321 0.032904 0.020992
0 0.722103 0.846374 0.039342 0.030534
0 0.699213 0.499523 0.025036 0.037214
0 0.487124 0.425095 0.020029 0.039122
0 0.420959 0.595897 0.023605 0.041031
0 0.434549 0.567271 0.017883 0.039122
0 0.549714 0.326813 0.015021 0.042939
3 0.976753 0.122137 0.045064 0.091603
0 0.836910 0.275763 0.014306 0.028626
0 0.593705 0.333015 0.015737 0.030534
0 0.610515 0.273378 0.012160 0.042939
0 0.560086 0.145038 0.015737 0.038168
0 0.577969 0.168416 0.012876 0.035305
0 0.575823 0.148378 0.015737 0.037214
0 0.595851 0.164122 0.017167 0.040076
0 0.523247 0.125000 0.010730 0.041985
0 0.542918 0.154103 0.011445 0.042939
7 0.578326 0.359256 0.027897 0.067748
7 0.444564 0.413645 0.046495 0.056298
3 0.079399 0.957061 0.091559 0.080153
4 0.232475 0.964218 0.180258 0.069656
3 0.241774 0.864027 0.160229 0.115458
3 0.271102 0.750000 0.145923 0.095420
3 0.291845 0.656489 0.130186 0.095420
3 0.232833 0.491889 0.072246 0.159351
3 0.331187 0.568702 0.121602 0.085878
3 0.355150 0.485210 0.122318 0.086832
3 0.360515 0.414599 0.118741 0.073473
4 0.170959 0.252385 0.104435 0.075382
4 0.072604 0.236164 0.096567 0.073473
3 0.087983 0.356393 0.092990 0.077290
9 0.433834 0.747615 0.027897 0.071565
1 0.429542 0.745229 0.019313 0.032443
1 0.434907 0.727099 0.022890 0.024809
2 0.441702 0.162691 0.032189 0.033397
2 0.485336 0.074427 0.010730 0.030534
7 0.101216 0.194656 0.063662 0.026718
0 0.096209 0.180344 0.016452 0.024809
0 0.455293 0.064408 0.017883 0.042939
3 0.646638 0.084447 0.038627 0.077290
0 0.519313 0.023855 0.008584 0.036260
0 0.535408 0.013359 0.013591 0.026718
0 0.483548 0.015744 0.010014 0.031489
