0 0.205357 0.175127 0.005000 0.015228
3 0.204286 0.352792 0.031429 0.027919
3 0.294643 0.396574 0.035000 0.026650
3 0.300714 0.358503 0.031429 0.024112
3 0.252857 0.535533 0.034286 0.027919
0 0.287857 0.597081 0.005714 0.013959
3 0.411786 0.331853 0.030714 0.026650
9 0.135000 0.804569 0.010000 0.015228
9 0.376071 0.740482 0.013571 0.011421
0 0.608929 0.847081 0.005000 0.016497
0 0.360357 0.272208 0.005000 0.013959
0 0.360357 0.261421 0.005000 0.015228
0 0.346429 0.262056 0.004286 0.013959
8 0.468929 0.289340 0.085000 0.058376
5 0.555357 0.321066 0.046429 0.043147
0 0.607500 0.266497 0.003571 0.017766
0 0.611071 0.272843 0.005000 0.017766
0 0.624643 0.279822 0.005000 0.019036
0 0.923571 0.869924 0.004286 0.013959
3 0.617500 0.010787 0.019286 0.021574
3 0.636786 0.031726 0.022143 0.035533
4 0.692143 0.090102 0.024286 0.040609
3 0.714643 0.072970 0.015000 0.021574
3 0.702143 0.062183 0.014286 0.022843
3 0.752500 0.154188 0.020714 0.036802
3 0.765000 0.170051 0.021429 0.038071
3 0.726786 0.130076 0.023571 0.041878
3 0.672143 0.194162 0.030000 0.020305
3 0.772143 0.347716 0.038571 0.025381
