3 0.468571 0.431905 0.034286 0.033333
3 0.479286 0.770476 0.041429 0.057143
3 0.447143 0.708095 0.037143 0.061905
4 0.426786 0.728571 0.033571 0.051429
4 0.631786 0.639048 0.039286 0.049524
3 0.238214 0.760476 0.030714 0.069524
3 0.659643 0.580000 0.040714 0.038095
3 0.862857 0.716667 0.045714 0.050476
3 0.317143 0.520000 0.037143 0.032381
0 0.127143 0.192381 0.004286 0.013333
1 0.125714 0.237143 0.004286 0.009524
1 0.189286 0.303810 0.005714 0.009524
6 0.127857 0.241429 0.008571 0.016190
9 0.190357 0.307619 0.009286 0.009524
3 0.304286 0.172857 0.010000 0.012381
3 0.179286 0.236190 0.015714 0.013333
3 0.202857 0.277143 0.015714 0.017143
6 0.227143 0.402857 0.014286 0.024762
0 0.290714 0.394286 0.007143 0.013333
0 0.460000 0.583333 0.007143 0.016190
0 0.499643 0.588571 0.006429 0.017143
4 0.413929 0.512857 0.046429 0.042857
4 0.456429 0.410952 0.027143 0.029524
9 0.458571 0.394762 0.011429 0.010476
9 0.498929 0.415238 0.010714 0.011429
0 0.471071 0.382857 0.005000 0.015238
4 0.313214 0.489524 0.019286 0.022857
4 0.378214 0.559048 0.039286 0.032381
3 0.700357 0.972381 0.063571 0.047619
3 0.770357 0.787143 0.055000 0.058095
9 0.651429 0.835238 0.017143 0.019048
1 0.648571 0.839048 0.008571 0.013333
1 0.652143 0.832381 0.007143 0.015238
0 0.075357 0.910952 0.015000 0.023810
9 0.056786 0.788571 0.022143 0.032381
0 0.024286 0.511905 0.012857 0.020000
0 0.817143 0.918571 0.014286 0.021905
3 0.884286 0.478095 0.032857 0.034286
9 0.926429 0.589048 0.018571 0.018095
3 0.969286 0.567143 0.014286 0.018095
3 0.954643 0.571905 0.012143 0.018095
9 0.624643 0.546667 0.012143 0.015238
