3 0.109286 0.736190 0.102857 0.062857
3 0.078929 0.700952 0.122143 0.064762
3 0.075357 0.664286 0.119286 0.054286
3 0.230000 0.687143 0.085714 0.050476
3 0.213929 0.654286 0.073571 0.051429
3 0.212857 0.624762 0.074286 0.038095
3 0.217857 0.595714 0.072857 0.039048
3 0.813929 0.956190 0.100714 0.087619
3 0.832857 0.856190 0.081429 0.087619
0 0.527143 0.777619 0.014286 0.044762
0 0.495714 0.747619 0.008571 0.040000
0 0.530714 0.741905 0.012857 0.040000
2 0.490357 0.705714 0.020714 0.045714
9 0.520357 0.682857 0.027857 0.040000
9 0.497143 0.656667 0.031429 0.035238
0 0.361429 0.698571 0.014286 0.040952
0 0.385714 0.590000 0.011429 0.033333
0 0.399643 0.587619 0.013571 0.032381
0 0.399643 0.540952 0.007857 0.028571
0 0.385000 0.529524 0.007143 0.026667
0 0.377500 0.530000 0.007857 0.027619
0 0.376786 0.515714 0.006429 0.021905
0 0.373571 0.513810 0.005714 0.021905
3 0.633214 0.599048 0.072143 0.062857
4 0.481429 0.507619 0.040000 0.053333
9 0.526429 0.467143 0.020000 0.023810
4 0.818214 0.955238 0.100714 0.089524
3 0.986429 0.475238 0.027143 0.026667
2 0.569286 0.717143 0.032857 0.041905
3 0.458571 0.442857 0.025714 0.020952
3 0.632143 0.448571 0.041429 0.024762
3 0.049643 0.351905 0.022143 0.010476
3 0.033214 0.365714 0.017857 0.013333
3 0.079286 0.371905 0.028571 0.012381
0 0.955000 0.453333 0.007143 0.028571
0 0.966071 0.457619 0.006429 0.018095
0 0.985357 0.448095 0.006429 0.025714
0 0.995000 0.451905 0.008571 0.025714
3 0.973214 0.364762 0.030714 0.017143
1 0.528214 0.465714 0.010714 0.019048
0 0.493571 0.702857 0.011429 0.036190
1 0.568571 0.716667 0.018571 0.037143
1 0.519286 0.682381 0.015714 0.040952
1 0.497143 0.656667 0.014286 0.035238
