9 0.113214 0.861905 0.023571 0.017143
0 0.087857 0.891905 0.015714 0.031429
9 0.198571 0.965714 0.027143 0.053333
9 0.243571 0.969524 0.022857 0.053333
0 0.104643 0.984286 0.017857 0.029524
1 0.195357 0.960000 0.015000 0.032381
1 0.242500 0.966190 0.012143 0.027619
1 0.205000 0.955238 0.011429 0.030476
1 0.248571 0.961905 0.011429 0.036190
9 0.553571 0.191429 0.012857 0.011429
9 0.568929 0.218571 0.012143 0.014286
3 0.511429 0.720000 0.048571 0.089524
3 0.469286 0.829524 0.057143 0.102857
3 0.421786 0.947619 0.063571 0.104762
3 0.646429 0.626190 0.041429 0.100000
3 0.670357 0.315714 0.023571 0.033333
3 0.710714 0.209048 0.017143 0.025714
3 0.724286 0.179524 0.017143 0.021905
0 0.620000 0.211905 0.004286 0.016190
3 0.734643 0.120952 0.012143 0.020952
3 0.752143 0.105714 0.012857 0.015238
5 0.786071 0.058571 0.010714 0.018095
3 0.887857 0.130952 0.018571 0.012381
