4 0.040000 0.042381 0.042857 0.029524
3 0.075714 0.154762 0.045714 0.031429
3 0.082857 0.163810 0.045714 0.028571
3 0.071429 0.139048 0.034286 0.024762
9 0.030714 0.149048 0.008571 0.018095
1 0.028929 0.144286 0.007857 0.010476
3 0.057857 0.084286 0.044286 0.029524
4 0.187857 0.068571 0.032857 0.038095
3 0.430357 0.039048 0.025000 0.032381
3 0.483571 0.051905 0.027143 0.033333
3 0.293214 0.270476 0.047857 0.032381
3 0.306429 0.288571 0.044286 0.034286
3 0.326071 0.326190 0.046429 0.035238
3 0.335000 0.347619 0.051429 0.040000
3 0.348929 0.366667 0.046429 0.040000
3 0.366429 0.413810 0.048571 0.046667
0 0.335357 0.406190 0.006429 0.020000
0 0.262500 0.420952 0.007857 0.015238
3 0.272500 0.517143 0.035000 0.068571
3 0.126071 0.336190 0.057857 0.041905
3 0.121429 0.313333 0.051429 0.038095
3 0.206429 0.529524 0.045714 0.034286
3 0.177857 0.653810 0.041429 0.082857
4 0.143929 0.575714 0.063571 0.088571
9 0.206786 0.660000 0.015000 0.032381
4 0.017500 0.665238 0.035000 0.090476
8 0.048929 0.918095 0.097857 0.160000
0 0.444643 0.882857 0.010714 0.019048
1 0.457500 0.823333 0.012143 0.020000
1 0.428214 0.700952 0.010714 0.019048
9 0.426071 0.706190 0.023571 0.018095
9 0.448929 0.869048 0.023571 0.012381
9 0.455357 0.829048 0.035000 0.021905
4 0.756429 0.045238 0.038571 0.039048
9 0.753571 0.120000 0.015714 0.015238
1 0.757857 0.115238 0.007143 0.015238
0 0.741429 0.619524 0.010000 0.016190
0 0.745357 0.626190 0.010714 0.018095
0 0.687500 0.544762 0.006429 0.011429
0 0.676071 0.528095 0.005000 0.016190
0 0.683214 0.542857 0.006429 0.013333
3 0.738214 0.698571 0.072143 0.075238
4 0.886429 0.196190 0.070000 0.059048
