5 0.016071 0.089467 0.032143 0.049492
3 0.005714 0.163706 0.011429 0.017766
5 0.110357 0.260787 0.049286 0.059645
5 0.032143 0.167513 0.031429 0.043147
8 0.130714 0.141497 0.045714 0.057107
3 0.080000 0.202411 0.017143 0.021574
4 0.124286 0.225254 0.017143 0.024112
4 0.160714 0.312817 0.017143 0.026650
5 0.195714 0.355964 0.035714 0.052030
4 0.305714 0.081853 0.015714 0.021574
3 0.320000 0.039975 0.017143 0.021574
5 0.185000 0.472716 0.035714 0.049492
4 0.207500 0.471447 0.025000 0.034264
4 0.265357 0.513325 0.017857 0.024112
5 0.320000 0.455584 0.025714 0.045685
3 0.341429 0.554569 0.018571 0.025381
3 0.345357 0.638325 0.019286 0.025381
4 0.326786 0.642766 0.017857 0.026650
5 0.212143 0.701777 0.025714 0.038071
3 0.150000 0.432741 0.014286 0.020305
3 0.081071 0.604695 0.016429 0.024112
3 0.122500 0.534264 0.016429 0.025381
3 0.129286 0.521574 0.017143 0.025381
4 0.155714 0.513325 0.017143 0.024112
3 0.166429 0.564086 0.017143 0.026650
3 0.172857 0.549492 0.018571 0.025381
3 0.192500 0.427665 0.015000 0.020305
8 0.263214 0.437183 0.023571 0.034264
4 0.308929 0.725888 0.023571 0.048223
4 0.319286 0.775381 0.024286 0.053299
8 0.331429 0.784898 0.044286 0.092640
8 0.345357 0.796320 0.045000 0.095178
5 0.157857 0.845178 0.072857 0.086294
5 0.163929 0.887056 0.073571 0.088832
5 0.180714 0.916878 0.074286 0.092640
5 0.195357 0.951142 0.073571 0.090102
5 0.245000 0.982234 0.041429 0.032995
5 0.217500 0.967005 0.059286 0.060914
3 0.249643 0.696066 0.015000 0.036802
4 0.380357 0.863579 0.052143 0.115482
4 0.396786 0.862944 0.029286 0.065990
4 0.425357 0.935914 0.035000 0.031726
4 0.418571 0.968274 0.031429 0.030457
4 0.417500 0.991751 0.022143 0.013959
5 0.461429 0.779188 0.028571 0.040609
5 0.488571 0.776650 0.027143 0.043147
4 0.387143 0.659264 0.018571 0.029188
4 0.406429 0.602792 0.018571 0.022843
3 0.429286 0.657360 0.015714 0.022843
3 0.486071 0.696701 0.017857 0.025381
3 0.517857 0.760787 0.017143 0.026650
0 0.594286 0.233503 0.002857 0.010152
0 0.597857 0.234137 0.002857 0.008883
8 0.655714 0.849619 0.050000 0.069797
3 0.617500 0.848350 0.020714 0.031726
3 0.556786 0.891497 0.020714 0.029188
3 0.697143 0.942259 0.018571 0.029188
4 0.553214 0.920051 0.022143 0.032995
4 0.618929 0.935279 0.019286 0.027919
