3 0.352500 0.232381 0.013571 0.040000
0 0.357500 0.266667 0.006429 0.007619
0 0.479643 0.145238 0.003571 0.008571
3 0.539286 0.015714 0.031429 0.020000
3 0.540000 0.037143 0.028571 0.019048
4 0.540000 0.074286 0.031429 0.020952
4 0.539286 0.116667 0.034286 0.021905
3 0.538571 0.183810 0.031429 0.019048
5 0.540714 0.226667 0.040000 0.026667
1 0.508929 0.111905 0.003571 0.010476
2 0.506071 0.104286 0.003571 0.014286
3 0.539286 0.096190 0.027143 0.019048
4 0.613571 0.013810 0.030000 0.020000
5 0.616429 0.035714 0.025714 0.021905
4 0.616429 0.072381 0.030000 0.020952
0 0.650000 0.073810 0.004286 0.010476
4 0.618571 0.200000 0.025714 0.019048
4 0.618214 0.179524 0.025000 0.018095
3 0.616786 0.094286 0.025000 0.019048
3 0.616071 0.115238 0.030714 0.020952
3 0.617500 0.137619 0.030714 0.020000
3 0.617500 0.159048 0.029286 0.019048
0 0.678214 0.199048 0.005000 0.009524
1 0.672143 0.244762 0.004286 0.007619
9 0.672500 0.244762 0.007857 0.017143
3 0.616429 0.329524 0.030000 0.019048
3 0.617500 0.367619 0.029286 0.019048
4 0.619286 0.390952 0.030000 0.018095
3 0.620714 0.480000 0.028571 0.015238
3 0.628571 0.914286 0.028571 0.022857
3 0.629643 0.841905 0.030714 0.020952
0 0.601071 0.820000 0.003571 0.007619
0 0.595714 0.820000 0.004286 0.009524
5 0.549286 0.846667 0.040000 0.028571
5 0.507857 0.851905 0.041429 0.027619
5 0.506071 0.815238 0.042143 0.028571
5 0.625714 0.773810 0.044286 0.021905
5 0.506071 0.776190 0.042143 0.022857
5 0.504286 0.711905 0.041429 0.021905
5 0.630714 0.698571 0.042857 0.021905
5 0.631429 0.591905 0.041429 0.021905
3 0.500714 0.680476 0.031429 0.016190
3 0.543929 0.368095 0.030714 0.018095
5 0.500000 0.412381 0.041429 0.020952
4 0.267143 0.387143 0.012857 0.035238
3 0.871071 0.037619 0.029286 0.020000
3 0.943929 0.036667 0.029286 0.021905
4 0.941429 0.006190 0.028571 0.012381
3 0.925000 0.528571 0.025714 0.030476
3 0.907857 0.648095 0.028571 0.033333
