3 0.041845 0.939885 0.083691 0.114504
0 0.058298 0.520515 0.013591 0.039122
0 0.413805 0.937977 0.029328 0.062977
0 0.575823 0.749523 0.014306 0.058206
0 0.293276 0.597328 0.014306 0.043893
0 0.311874 0.572519 0.014306 0.041985
0 0.506795 0.649809 0.013591 0.047710
0 0.282189 0.590172 0.010730 0.042939
0 0.398426 0.647424 0.014306 0.046756
0 0.415951 0.632156 0.013591 0.042939
0 0.493562 0.645038 0.015737 0.047710
0 0.777539 0.479962 0.014306 0.041985
6 0.026466 0.554866 0.047210 0.035305
9 0.010014 0.472805 0.015737 0.025763
9 0.335122 0.316317 0.019313 0.020038
4 0.349785 0.353053 0.032904 0.036260
2 0.324750 0.583015 0.011445 0.030534
2 0.371245 0.625954 0.030043 0.034351
0 0.430973 0.626908 0.012160 0.041985
0 0.452432 0.650286 0.012160 0.046756
0 0.609084 0.677004 0.017883 0.050573
9 0.639485 0.669847 0.042918 0.034351
3 0.986409 0.635496 0.025751 0.110687
3 0.941702 0.465649 0.037911 0.061069
3 0.915236 0.539599 0.045064 0.071565
3 0.861588 0.431775 0.032189 0.054389
3 0.868383 0.395992 0.027182 0.036260
3 0.900572 0.272901 0.020029 0.022901
0 0.907725 0.283874 0.007153 0.020038
0 0.981044 0.209447 0.007868 0.014313
8 0.938126 0.343511 0.043634 0.101145
8 0.957082 0.269561 0.025751 0.046756
4 0.898069 0.245706 0.016452 0.020038
4 0.900930 0.239504 0.013591 0.020992
3 0.917024 0.228053 0.014306 0.024809
3 0.917382 0.215172 0.013591 0.018130
3 0.920959 0.207061 0.012160 0.013359
4 0.922389 0.192748 0.012160 0.017176
3 0.919170 0.165076 0.011445 0.009542
3 0.950286 0.161260 0.006438 0.011450
3 0.947067 0.140744 0.007153 0.012405
3 0.958512 0.133588 0.005722 0.011450
3 0.956009 0.116412 0.005007 0.007634
0 0.936695 0.191794 0.003577 0.013359
0 0.812232 0.281966 0.007868 0.023855
0 0.827969 0.270038 0.006438 0.015267
3 0.832260 0.250954 0.007868 0.017176
3 0.877682 0.173664 0.015737 0.013359
