6 0.112474 0.548701 0.032881 0.034323
3 0.093946 0.507421 0.037578 0.044527
3 0.092902 0.485158 0.056367 0.037106
4 0.120825 0.455473 0.058977 0.046382
4 0.126827 0.429035 0.061587 0.054731
5 0.143006 0.404917 0.037578 0.032468
9 0.145355 0.394712 0.021399 0.015770
6 0.157098 0.385900 0.036534 0.040816
7 0.218424 0.370594 0.025574 0.047310
7 0.234603 0.405380 0.024530 0.035250
7 0.147704 0.620130 0.029228 0.058442
3 0.054802 0.413729 0.052192 0.040816
3 0.026357 0.441558 0.052714 0.046382
3 0.018789 0.465677 0.037578 0.038961
8 0.031054 0.367811 0.062109 0.084416
5 0.116649 0.261596 0.159186 0.068646
3 0.214509 0.238868 0.030271 0.025046
9 0.019311 0.204545 0.010438 0.015770
9 0.037056 0.222635 0.007307 0.018553
9 0.041754 0.224026 0.006263 0.015770
9 0.046451 0.223098 0.007307 0.015770
9 0.048278 0.224026 0.006785 0.015770
9 0.051409 0.222635 0.006785 0.018553
9 0.053758 0.223098 0.008351 0.015770
9 0.055846 0.223098 0.007307 0.017625
9 0.057933 0.223098 0.007307 0.015770
9 0.062370 0.223098 0.007829 0.015770
9 0.067589 0.222635 0.007829 0.014842
9 0.075418 0.224954 0.012004 0.017625
9 0.104645 0.207328 0.005741 0.015770
9 0.128132 0.198516 0.006785 0.011132
9 0.092119 0.204545 0.007829 0.013915
7 0.140658 0.211967 0.019311 0.023191
9 0.154749 0.215213 0.014092 0.014842
7 0.152401 0.204082 0.018789 0.022263
9 0.172234 0.207328 0.009395 0.019481
2 0.176148 0.201299 0.005741 0.014842
9 0.186848 0.202690 0.007307 0.017625
0 0.158142 0.197588 0.005219 0.020408
0 0.151357 0.201299 0.006263 0.022263
7 0.257829 0.236085 0.020877 0.026902
7 0.252610 0.214750 0.012526 0.026902
7 0.263570 0.215213 0.012526 0.031540
6 0.273747 0.215677 0.010960 0.023191
2 0.308716 0.220779 0.007829 0.018553
6 0.304802 0.217996 0.010438 0.027829
0 0.288361 0.193414 0.005741 0.019481
0 0.293319 0.193878 0.005219 0.020408
0 0.314979 0.196660 0.007829 0.022263
0 0.331420 0.193878 0.006263 0.022263
7 0.339770 0.186456 0.010438 0.025974
7 0.368215 0.208720 0.012004 0.033395
3 0.372129 0.186920 0.029228 0.023191
9 0.388048 0.141002 0.008873 0.011132
6 0.420668 0.145176 0.007307 0.017625
1 0.436065 0.168831 0.003653 0.014842
9 0.435543 0.172078 0.004697 0.017625
5 0.411273 0.112245 0.035491 0.029685
4 0.414144 0.098794 0.022443 0.021336
4 0.417797 0.094620 0.019311 0.018553
4 0.423278 0.090445 0.016701 0.019481
7 0.447025 0.108998 0.008873 0.023191
3 0.477557 0.147032 0.012526 0.019481
9 0.486430 0.139610 0.004175 0.013915
4 0.478601 0.199443 0.021921 0.031540
4 0.503653 0.196660 0.021921 0.037106
6 0.534186 0.196660 0.014092 0.022263
3 0.497129 0.275974 0.040188 0.026902
7 0.552714 0.181818 0.010438 0.027829
9 0.568894 0.179499 0.006263 0.019481
6 0.586900 0.180891 0.017223 0.016698
0 0.551148 0.226345 0.005219 0.025974
7 0.692850 0.227273 0.046451 0.033395
5 0.642745 0.264378 0.061065 0.042672
1 0.631785 0.291744 0.006785 0.021336
9 0.630219 0.296846 0.017223 0.020408
9 0.663622 0.197124 0.013048 0.015770
9 0.663100 0.192022 0.006785 0.012987
9 0.679019 0.193414 0.008351 0.017625
1 0.675104 0.204545 0.004697 0.012059
0 0.663883 0.179035 0.005219 0.020408
0 0.673278 0.182282 0.004175 0.021336
0 0.688413 0.185993 0.005219 0.019481
1 0.693633 0.193414 0.006263 0.015770
0 0.714770 0.194805 0.004697 0.024119
6 0.720772 0.204082 0.013570 0.022263
9 0.729906 0.206401 0.007829 0.015770
9 0.755219 0.209647 0.011482 0.018553
9 0.706159 0.190631 0.009395 0.015770
9 0.710856 0.186920 0.009395 0.017625
9 0.723643 0.186920 0.006785 0.019481
9 0.741910 0.188312 0.007829 0.014842
2 0.746868 0.185529 0.013570 0.014842
3 0.750261 0.227273 0.036013 0.027829
9 0.770877 0.202226 0.008351 0.014842
9 0.749217 0.278293 0.013048 0.016698
1 0.748434 0.272263 0.009395 0.019481
6 0.777401 0.199443 0.012004 0.020408
6 0.790449 0.202226 0.010960 0.018553
3 0.762787 0.288497 0.046451 0.029685
3 0.801670 0.225881 0.036534 0.026902
4 0.815762 0.285714 0.036534 0.031540
7 0.837422 0.225881 0.020355 0.025046
7 0.805585 0.202226 0.014092 0.025974
7 0.816545 0.203618 0.015136 0.028757
7 0.828549 0.204545 0.014092 0.028757
6 0.842641 0.208720 0.012004 0.016698
7 0.850992 0.205009 0.019311 0.025974
3 0.875783 0.216141 0.030271 0.031540
0 0.778967 0.179035 0.004697 0.018553
3 0.928497 0.202226 0.025052 0.025974
9 0.923278 0.186456 0.009395 0.011132
9 0.926148 0.288497 0.007829 0.024119
4 0.946503 0.279685 0.036013 0.034323
1 0.905010 0.269017 0.006263 0.020408
6 0.899791 0.273191 0.021921 0.019481
9 0.965031 0.179963 0.006263 0.014842
5 0.576983 0.314935 0.058977 0.043599
7 0.506002 0.332560 0.015136 0.043599
4 0.596555 0.347866 0.032359 0.035250
0 0.649791 0.370594 0.009395 0.028757
0 0.621608 0.379406 0.008351 0.027829
3 0.604645 0.401670 0.043319 0.038961
6 0.630480 0.417904 0.031315 0.039889
6 0.639092 0.471707 0.029749 0.032468
9 0.648225 0.467532 0.020877 0.022263
6 0.645616 0.493970 0.028184 0.032468
9 0.567328 0.445269 0.018789 0.022263
0 0.576722 0.445733 0.007307 0.028757
7 0.530010 0.405844 0.023486 0.056586
7 0.535230 0.468924 0.019311 0.056586
6 0.536534 0.518089 0.013570 0.056586
0 0.545929 0.518089 0.007307 0.036178
9 0.558977 0.487013 0.010438 0.031540
6 0.559760 0.509740 0.036013 0.038033
1 0.518789 0.538497 0.008351 0.036178
9 0.519572 0.544527 0.022443 0.029685
7 0.528445 0.585343 0.024530 0.074212
7 0.574635 0.635436 0.024008 0.074212
6 0.613779 0.600649 0.019833 0.052876
6 0.679802 0.552412 0.038100 0.034323
1 0.686065 0.549629 0.009916 0.025046
0 0.678236 0.586271 0.008873 0.031540
0 0.689718 0.586271 0.007829 0.038961
0 0.706942 0.587662 0.010960 0.049165
1 0.621347 0.650278 0.017223 0.033395
0 0.581942 0.588126 0.008351 0.035250
0 0.632568 0.691558 0.008351 0.047310
0 0.639353 0.683673 0.009395 0.040816
0 0.570981 0.719852 0.011482 0.040816
0 0.629958 0.765306 0.012526 0.040816
1 0.709290 0.763451 0.013570 0.027829
9 0.704332 0.589054 0.021399 0.024119
6 0.681889 0.583952 0.019311 0.052876
9 0.669624 0.599722 0.014614 0.036178
9 0.651618 0.593228 0.012004 0.038033
9 0.636482 0.592301 0.010960 0.032468
9 0.643528 0.591373 0.011482 0.036178
9 0.625522 0.586271 0.013048 0.038961
9 0.639875 0.610390 0.008351 0.035250
9 0.647443 0.607143 0.014092 0.034323
9 0.658664 0.604360 0.012526 0.034323
9 0.661534 0.618275 0.010960 0.036178
9 0.657620 0.622449 0.010438 0.046382
9 0.647704 0.623840 0.014614 0.045455
9 0.629958 0.627551 0.016701 0.043599
9 0.602035 0.620594 0.013048 0.038961
2 0.624478 0.643785 0.012004 0.042672
2 0.664144 0.642857 0.013048 0.042672
9 0.677192 0.628942 0.016180 0.038961
2 0.681106 0.608998 0.013570 0.043599
9 0.681106 0.683210 0.025052 0.030612
9 0.672234 0.700835 0.027140 0.028757
9 0.672495 0.711967 0.028706 0.036178
6 0.614562 0.716605 0.046451 0.062152
6 0.617693 0.749072 0.044363 0.041744
9 0.659186 0.759276 0.025052 0.030612
9 0.661795 0.770872 0.025052 0.029685
9 0.663883 0.788961 0.032359 0.032468
9 0.720511 0.788497 0.026618 0.037106
9 0.728079 0.801020 0.027140 0.036178
9 0.730167 0.826067 0.032359 0.038033
9 0.730950 0.846011 0.030793 0.033395
9 0.744259 0.920686 0.028184 0.034323
9 0.742432 0.898887 0.029749 0.037106
9 0.757046 0.970779 0.034969 0.036178
9 0.759916 0.985158 0.036534 0.027829
6 0.638570 0.967069 0.058977 0.064007
6 0.628132 0.924861 0.072547 0.081633
6 0.637787 0.879406 0.066806 0.068646
7 0.628914 0.837199 0.049061 0.054731
6 0.623173 0.804267 0.053236 0.057514
9 0.627349 0.775510 0.031315 0.029685
3 0.554280 0.723562 0.039666 0.098330
0 0.528184 0.724026 0.012526 0.043599
0 0.517223 0.722171 0.012526 0.038033
1 0.498434 0.716141 0.011482 0.033395
9 0.498956 0.720315 0.012526 0.047310
1 0.467380 0.700835 0.013048 0.036178
9 0.467119 0.705473 0.027140 0.032468
1 0.414666 0.667904 0.010960 0.029685
1 0.409969 0.667440 0.009916 0.034323
1 0.406576 0.668831 0.008351 0.031540
9 0.408403 0.672078 0.026618 0.030612
7 0.319415 0.638219 0.048017 0.059369
0 0.421973 0.591837 0.008873 0.042672
0 0.420146 0.572356 0.011482 0.038961
3 0.454854 0.452690 0.024530 0.064935
7 0.428497 0.435529 0.017745 0.056586
9 0.425626 0.417440 0.019311 0.025974
7 0.424582 0.371985 0.020355 0.046382
1 0.461900 0.317254 0.006263 0.022263
9 0.461639 0.321429 0.006785 0.021336
0 0.443894 0.307514 0.004697 0.019481
0 0.445459 0.304731 0.005741 0.023191
2 0.332203 0.967532 0.033925 0.024119
