3 0.523929 0.124762 0.005000 0.007619
3 0.509286 0.154286 0.004286 0.005714
3 0.513929 0.170952 0.003571 0.004762
5 0.503929 0.167619 0.007857 0.019048
3 0.496429 0.221429 0.005714 0.006667
5 0.451429 0.347619 0.012857 0.020952
5 0.462143 0.378571 0.012857 0.027619
4 0.468929 0.287619 0.007857 0.013333
3 0.480714 0.268095 0.007143 0.008571
8 0.492500 0.231429 0.010714 0.020952
3 0.399643 0.792857 0.026429 0.054286
3 0.421786 0.483810 0.012143 0.024762
5 0.430000 0.138571 0.005714 0.012381
0 0.217857 0.917143 0.010000 0.022857
0 0.225357 0.912381 0.012143 0.020952
