3 0.793214 0.400000 0.016429 0.036190
3 0.673571 0.481429 0.018571 0.044762
3 0.732500 0.533810 0.026429 0.046667
3 0.753571 0.514286 0.020000 0.045714
3 0.775357 0.494762 0.019286 0.040952
3 0.759286 0.424762 0.018571 0.038095
3 0.794643 0.480476 0.023571 0.042857
3 0.589286 0.939524 0.050000 0.082857
3 0.658929 0.810952 0.045000 0.067619
3 0.477500 0.702381 0.036429 0.058095
3 0.337500 0.420952 0.025000 0.038095
3 0.298571 0.347143 0.020000 0.033333
3 0.361429 0.316190 0.022857 0.028571
3 0.345000 0.292857 0.021429 0.027619
3 0.330714 0.269048 0.018571 0.025714
3 0.290357 0.318095 0.022143 0.028571
3 0.277500 0.298095 0.017857 0.024762
3 0.107143 0.469048 0.042857 0.039048
3 0.249286 0.134286 0.012857 0.017143
3 0.199286 0.142381 0.011429 0.014286
4 0.375000 0.497619 0.025714 0.044762
4 0.354286 0.458095 0.025714 0.041905
4 0.263571 0.270476 0.020000 0.030476
4 0.251071 0.242857 0.022143 0.032381
4 0.183214 0.114286 0.015000 0.015238
5 0.520000 0.787143 0.074286 0.126667
5 0.317500 0.383810 0.026429 0.036190
5 0.412500 0.315238 0.030714 0.034286
5 0.217857 0.178571 0.021429 0.035238
9 0.746071 0.949524 0.022143 0.036190
9 0.798214 0.954762 0.027857 0.033333
9 0.693571 0.870000 0.015714 0.033333
9 0.629643 0.760000 0.009286 0.028571
9 0.616786 0.743333 0.010714 0.027619
9 0.394286 0.358095 0.010000 0.017143
9 0.393214 0.413333 0.009286 0.015238
9 0.429643 0.430000 0.015000 0.012381
9 0.457500 0.479048 0.010714 0.019048
9 0.427857 0.492857 0.010000 0.020000
9 0.417143 0.456667 0.010000 0.018095
6 0.407500 0.391429 0.017857 0.030476
9 0.425000 0.419048 0.012857 0.013333
9 0.445357 0.451429 0.012143 0.017143
9 0.450714 0.456667 0.014286 0.018095
9 0.521071 0.571429 0.010714 0.015238
2 0.562857 0.740952 0.010000 0.020952
2 0.596786 0.799048 0.013571 0.024762
2 0.486071 0.548571 0.012143 0.015238
0 0.729643 0.867619 0.009286 0.015238
0 0.650000 0.748571 0.008571 0.019048
0 0.429286 0.394762 0.005714 0.014286
0 0.611429 0.493333 0.007143 0.017143
0 0.589643 0.511429 0.006429 0.015238
6 0.425000 0.585238 0.020000 0.037143
6 0.442857 0.631429 0.020000 0.036190
0 0.339286 0.315714 0.008571 0.016190
2 0.389286 0.301905 0.010000 0.013333
1 0.693571 0.868571 0.012857 0.015238
1 0.596786 0.800000 0.009286 0.015238
1 0.563571 0.740476 0.008571 0.012381
1 0.417857 0.457619 0.007143 0.010476
1 0.392857 0.358095 0.004286 0.011429
1 0.392857 0.412381 0.004286 0.009524
9 0.408214 0.419048 0.010714 0.020952
5 0.225000 0.196667 0.018571 0.021905
