7 0.318111 0.288033 0.029749 0.075139
3 0.295929 0.159555 0.040710 0.100186
7 0.233820 0.065863 0.031315 0.076067
5 0.250000 0.019017 0.035491 0.038033
3 0.187370 0.693878 0.037578 0.083488
2 0.232777 0.659555 0.014614 0.037106
7 0.255219 0.677644 0.024008 0.071429
3 0.310282 0.694341 0.044363 0.119666
3 0.424582 0.747681 0.036013 0.090909
3 0.492693 0.788497 0.039666 0.118738
4 0.542276 0.804267 0.043841 0.126160
3 0.018789 0.611781 0.037578 0.102968
3 0.103601 0.658627 0.037056 0.098330
9 0.623434 0.658163 0.026618 0.017625
1 0.573330 0.834416 0.012004 0.013915
1 0.571503 0.857143 0.015658 0.020408
1 0.611169 0.805659 0.010438 0.023191
1 0.613518 0.852505 0.013048 0.018553
3 0.650052 0.856679 0.036013 0.134508
1 0.776879 0.937384 0.013048 0.023191
9 0.753392 0.964750 0.009916 0.031540
3 0.819154 0.942950 0.033925 0.112245
0 0.932672 0.972171 0.017745 0.018553
1 0.969468 0.985622 0.009916 0.025046
