3 0.512250 0.785333 0.077500 0.192000
3 0.494000 0.622667 0.060000 0.121333
3 0.479250 0.515667 0.044500 0.082000
3 0.467750 0.379667 0.035500 0.058000
3 0.462500 0.332000 0.032000 0.044000
3 0.453500 0.291333 0.029000 0.040000
3 0.445500 0.261667 0.024000 0.034000
3 0.446500 0.236667 0.032000 0.030667
3 0.491000 0.209667 0.022000 0.028667
3 0.437000 0.198333 0.021000 0.027333
3 0.435000 0.182000 0.019000 0.022667
3 0.433750 0.168667 0.017500 0.018667
0 0.451500 0.176667 0.007000 0.021333
0 0.447250 0.154667 0.005500 0.018667
0 0.494500 0.162667 0.006000 0.021333
0 0.504750 0.166000 0.007500 0.022667
0 0.503250 0.163000 0.004500 0.019333
1 0.542250 0.196333 0.007500 0.022000
9 0.541750 0.201333 0.007500 0.016000
3 0.071250 0.258667 0.059500 0.037333
1 0.414500 0.112667 0.005000 0.008000
2 0.420000 0.113667 0.003000 0.012667
3 0.424000 0.102333 0.013000 0.014000
3 0.427000 0.094333 0.012000 0.012667
3 0.421750 0.082333 0.010500 0.015333
3 0.419750 0.068333 0.009500 0.011333
3 0.417500 0.057667 0.008000 0.008667
3 0.443500 0.044000 0.008000 0.009333
4 0.426500 0.033667 0.006000 0.008667
3 0.430250 0.006667 0.004500 0.005333
3 0.435750 0.012000 0.004500 0.005333
4 0.439750 0.019333 0.005500 0.008000
0 0.403750 0.051667 0.002500 0.008667
0 0.405750 0.051000 0.002500 0.010000
3 0.429000 0.002000 0.004000 0.004000
3 0.949250 0.421333 0.079500 0.054667
3 0.855000 0.384000 0.062000 0.045333
3 0.850250 0.295667 0.045500 0.034000
3 0.862500 0.263667 0.040000 0.031333
4 0.844000 0.223000 0.039000 0.036667
3 0.796000 0.242333 0.041000 0.032667
3 0.815500 0.211667 0.044000 0.030000
3 0.798250 0.203333 0.033500 0.024000
3 0.779750 0.188667 0.039500 0.026667
4 0.761000 0.177667 0.043000 0.027333
3 0.741750 0.174000 0.040500 0.020000
3 0.729500 0.167333 0.039000 0.020000
3 0.728250 0.158000 0.036500 0.017333
4 0.717000 0.148667 0.032000 0.021333
0 0.700250 0.159667 0.005500 0.019333
0 0.675750 0.139000 0.004500 0.018000
0 0.679500 0.139000 0.004000 0.015333
3 0.659750 0.146667 0.022500 0.020000
3 0.591750 0.133000 0.017500 0.018000
3 0.634500 0.130667 0.032000 0.018667
5 0.632000 0.119333 0.033000 0.020000
3 0.516500 0.109333 0.029000 0.014667
3 0.518250 0.106333 0.028500 0.014000
4 0.512750 0.097667 0.028500 0.018000
9 0.480750 0.082000 0.003500 0.008000
1 0.479750 0.079000 0.003500 0.008667
9 0.546250 0.092000 0.003500 0.010667
1 0.546250 0.089667 0.003500 0.010000
3 0.344750 0.031000 0.006500 0.010000
0 0.869500 0.167333 0.007000 0.021333
3 0.924000 0.120667 0.028000 0.013333
3 0.895000 0.118000 0.020000 0.016000
5 0.874000 0.115667 0.032000 0.026000
5 0.854500 0.129000 0.042000 0.024667
4 0.840750 0.120333 0.028500 0.019333
4 0.819250 0.120333 0.020500 0.018000
4 0.804500 0.121667 0.016000 0.018000
4 0.799250 0.111667 0.017500 0.014000
4 0.783250 0.113333 0.016500 0.014667
4 0.786750 0.122333 0.022500 0.020667
4 0.757750 0.133667 0.030500 0.019333
4 0.757500 0.122333 0.023000 0.014000
4 0.745750 0.117000 0.018500 0.019333
4 0.767500 0.119333 0.018000 0.017333
3 0.707750 0.147000 0.031500 0.019333
3 0.722000 0.140667 0.037000 0.018667
4 0.718500 0.133667 0.030000 0.019333
3 0.733500 0.135000 0.021000 0.016667
4 0.727000 0.122000 0.027000 0.017333
5 0.711250 0.107667 0.041500 0.031333
4 0.698250 0.122667 0.025500 0.021333
0 0.673500 0.111333 0.005000 0.016000
4 0.664250 0.117000 0.018500 0.022000
3 0.610500 0.114000 0.020000 0.014667
0 0.603000 0.112333 0.004000 0.015333
9 0.608500 0.103333 0.005000 0.013333
3 0.619750 0.100333 0.014500 0.015333
3 0.595000 0.100667 0.022000 0.016000
3 0.559000 0.096667 0.014000 0.013333
3 0.509250 0.075667 0.009500 0.010000
3 0.507750 0.056667 0.008500 0.010667
3 0.499500 0.050333 0.008000 0.008667
3 0.481000 0.043000 0.006000 0.008667
3 0.478500 0.026333 0.005000 0.007333
9 0.529250 0.067667 0.003500 0.006000
3 0.587000 0.097000 0.014000 0.012667
3 0.571500 0.095333 0.013000 0.012000
3 0.573500 0.086667 0.019000 0.012000
4 0.564250 0.083000 0.019500 0.012667
3 0.564250 0.075667 0.010500 0.010000
3 0.559750 0.072000 0.010500 0.012000
3 0.562750 0.063000 0.018500 0.010000
3 0.564500 0.060667 0.019000 0.009333
3 0.544250 0.074000 0.007500 0.010667
1 0.529250 0.064333 0.002500 0.007333
3 0.540000 0.059667 0.009000 0.010000
3 0.543000 0.065333 0.012000 0.009333
3 0.547000 0.067000 0.010000 0.007333
3 0.551500 0.070333 0.009000 0.010000
4 0.529750 0.049333 0.006500 0.009333
3 0.533250 0.055000 0.013500 0.008667
0 0.547250 0.056667 0.002500 0.009333
2 0.582250 0.070000 0.007500 0.006667
2 0.581000 0.068667 0.008000 0.006667
3 0.562750 0.019667 0.012500 0.006000
4 0.565750 0.030000 0.011500 0.006667
5 0.555250 0.024667 0.006500 0.009333
