5 0.444286 0.530000 0.004286 0.004762
5 0.435714 0.563333 0.008571 0.016190
5 0.450000 0.523810 0.002857 0.003810
3 0.444643 0.522857 0.002143 0.001905
3 0.447500 0.538095 0.002143 0.003810
3 0.448929 0.561905 0.003571 0.005714
3 0.435357 0.590476 0.007857 0.007619
3 0.408571 0.587143 0.007143 0.008571
3 0.392857 0.615238 0.010000 0.011429
3 0.486071 0.542857 0.003571 0.003810
5 0.367500 0.693810 0.036429 0.065714
3 0.344286 0.700000 0.018571 0.022857
3 0.318571 0.732857 0.025714 0.027619
3 0.343929 0.761905 0.025000 0.032381
3 0.306429 0.802857 0.034286 0.045714
3 0.283571 0.776667 0.032857 0.039048
3 0.268929 0.757143 0.032143 0.030476
1 0.253214 0.781905 0.009286 0.022857
9 0.252857 0.784762 0.011429 0.024762
3 0.153929 0.887619 0.065000 0.043810
3 0.291786 0.960476 0.077857 0.054286
3 0.149286 0.967619 0.080000 0.057143
3 0.022857 0.885714 0.045714 0.043810
5 0.020714 0.837619 0.041429 0.048571
