0 0.461071 0.728571 0.017857 0.043810
0 0.463571 0.720000 0.025714 0.045714
4 0.585714 0.609048 0.028571 0.021905
0 0.497857 0.553333 0.004286 0.009524
1 0.483929 0.551429 0.003571 0.007619
0 0.418929 0.536667 0.002143 0.008571
0 0.415714 0.537619 0.001429 0.008571
3 0.409286 0.532381 0.007143 0.005714
3 0.337857 0.510000 0.002857 0.002857
3 0.333214 0.509524 0.002143 0.001905
3 0.335357 0.555714 0.010714 0.012381
3 0.307500 0.558571 0.010714 0.012381
3 0.303214 0.532857 0.006429 0.008571
3 0.362500 0.595714 0.017857 0.020000
3 0.273571 0.538095 0.008571 0.009524
3 0.263929 0.540952 0.007857 0.007619
3 0.261429 0.544286 0.008571 0.008571
3 0.259643 0.548571 0.010714 0.009524
3 0.236071 0.549048 0.022143 0.012381
3 0.241786 0.546667 0.020714 0.009524
3 0.243571 0.544286 0.018571 0.006667
3 0.310714 0.618095 0.017143 0.022857
3 0.313929 0.630476 0.023571 0.030476
5 0.446786 0.659524 0.035000 0.044762
3 0.403929 0.660000 0.035000 0.049524
3 0.357500 0.665714 0.030714 0.038095
3 0.350000 0.634762 0.025714 0.033333
3 0.315000 0.651429 0.024286 0.032381
3 0.316071 0.680476 0.030714 0.042857
3 0.245000 0.768571 0.048571 0.081905
1 0.193214 0.634286 0.009286 0.017143
2 0.194286 0.644286 0.008571 0.020000
