5 0.281071 0.960476 0.020714 0.060000
5 0.217857 0.719048 0.031429 0.020952
5 0.291429 0.562857 0.015714 0.043810
5 0.326429 0.462857 0.027143 0.019048
5 0.211071 0.390000 0.013571 0.025714
5 0.231071 0.330476 0.009286 0.015238
5 0.298929 0.374762 0.013571 0.031429
5 0.310000 0.305238 0.008571 0.018095
5 0.271429 0.239048 0.010000 0.024762
8 0.270357 0.188095 0.009286 0.016190
8 0.316071 0.059048 0.005000 0.009524
3 0.297500 0.877143 0.025000 0.020952
3 0.308214 0.812857 0.019286 0.012381
3 0.314643 0.774762 0.020714 0.014286
3 0.316429 0.761905 0.022857 0.015238
3 0.315714 0.750000 0.022857 0.012381
3 0.313571 0.738095 0.021429 0.011429
3 0.266786 0.810000 0.012143 0.031429
3 0.257857 0.771905 0.010000 0.029524
3 0.251429 0.669048 0.020000 0.012381
3 0.272857 0.651429 0.008571 0.020952
3 0.222500 0.653333 0.010714 0.022857
4 0.220714 0.350000 0.007143 0.012381
3 0.322857 0.408571 0.012857 0.007619
3 0.321071 0.403333 0.013571 0.010476
3 0.322143 0.398095 0.012857 0.007619
3 0.322143 0.388095 0.010000 0.008571
3 0.321071 0.324286 0.010714 0.008571
5 0.335714 0.166667 0.010000 0.007619
4 0.345357 0.167143 0.006429 0.004762
3 0.295357 0.179524 0.003571 0.006667
3 0.280357 0.161905 0.003571 0.005714
3 0.301071 0.093333 0.003571 0.005714
3 0.300714 0.140952 0.002857 0.005714
3 0.300000 0.146190 0.004286 0.004762
3 0.297500 0.150000 0.003571 0.004762
9 0.293929 0.128571 0.002143 0.003810
9 0.290357 0.139048 0.003571 0.005714
9 0.296429 0.165714 0.002857 0.003810
4 0.497143 0.142857 0.007143 0.005714
3 0.505714 0.142857 0.005714 0.005714
3 0.500714 0.131905 0.004286 0.006667
3 0.501786 0.124762 0.003571 0.007619
3 0.426786 0.143333 0.003571 0.006667
3 0.433214 0.146190 0.005000 0.006667
8 0.806429 0.106190 0.014286 0.008571
8 0.791786 0.102381 0.006429 0.010476
8 0.806429 0.105238 0.014286 0.008571
3 0.783571 0.106190 0.004286 0.004762
3 0.780357 0.101905 0.003571 0.003810
5 0.760000 0.189048 0.007143 0.008571
5 0.747500 0.194762 0.010714 0.006667
5 0.755357 0.190476 0.005000 0.007619
5 0.036071 0.193810 0.017857 0.021905
5 0.024286 0.192857 0.012857 0.021905
5 0.018929 0.192381 0.016429 0.024762
4 0.133929 0.747143 0.016429 0.023810
