5 0.038214 0.969543 0.015000 0.043147
3 0.676786 0.800127 0.013571 0.013959
5 0.882143 0.875635 0.024286 0.027919
4 0.848571 0.895305 0.018571 0.016497
0 0.863571 0.862944 0.002857 0.012690
3 0.801071 0.654822 0.003571 0.007614
9 0.804286 0.770939 0.002857 0.008883
1 0.804286 0.767132 0.002857 0.008883
0 0.759643 0.736041 0.002143 0.007614
0 0.767857 0.735406 0.001429 0.011421
0 0.746429 0.732868 0.002857 0.008883
0 0.758214 0.707487 0.002143 0.006345
0 0.760714 0.708756 0.001429 0.006345
8 0.773571 0.732234 0.005714 0.020305
