5 0.035714 0.427030 0.020000 0.049492
3 0.005714 0.532995 0.011429 0.035533
5 0.279286 0.672589 0.045714 0.088832
3 0.348214 0.520939 0.017857 0.034264
5 0.418214 0.677030 0.029286 0.110406
3 0.442143 0.663706 0.017143 0.043147
3 0.476071 0.609772 0.013571 0.039340
5 0.390000 0.972081 0.030000 0.050761
5 0.472857 0.044416 0.008571 0.030457
3 0.470357 0.089467 0.006429 0.016497
3 0.457143 0.159264 0.010000 0.021574
3 0.431786 0.264594 0.010714 0.021574
3 0.460357 0.123731 0.009286 0.019036
4 0.475000 0.010152 0.005714 0.020305
8 0.485714 0.008883 0.010000 0.017766
5 0.490357 0.054569 0.007857 0.022843
3 0.498571 0.033629 0.005714 0.013959
3 0.530357 0.021574 0.006429 0.022843
4 0.490714 0.104061 0.007143 0.017766
4 0.500714 0.123096 0.008571 0.020305
4 0.514286 0.302665 0.011429 0.031726
8 0.488571 0.340102 0.012857 0.048223
1 0.454643 0.187183 0.002143 0.008883
1 0.501071 0.061548 0.002143 0.008883
1 0.512857 0.024746 0.002857 0.006345
9 0.501071 0.062817 0.003571 0.008883
9 0.513571 0.027284 0.002857 0.011421
9 0.455357 0.189721 0.003571 0.008883
3 0.419643 0.309645 0.010714 0.020305
3 0.520000 0.134518 0.007143 0.020305
3 0.528929 0.094543 0.006429 0.019036
3 0.568571 0.174492 0.010000 0.024112
3 0.465000 0.512690 0.012857 0.035533
5 0.511429 0.439721 0.017143 0.069797
0 0.009643 0.749365 0.005000 0.013959
0 0.009286 0.733503 0.005714 0.010152
8 0.628214 0.472716 0.027857 0.090102
3 0.602143 0.367386 0.012857 0.029188
5 0.598214 0.279188 0.016429 0.043147
