3 0.456250 0.935333 0.058500 0.129333
3 0.512250 0.838333 0.051500 0.163333
3 0.439000 0.767333 0.050000 0.126667
0 0.410500 0.845333 0.016000 0.041333
0 0.409750 0.810000 0.016500 0.030667
3 0.356500 0.870333 0.103000 0.146000
3 0.378250 0.697333 0.046500 0.122667
3 0.505750 0.695000 0.039500 0.103333
3 0.433000 0.611000 0.038000 0.094000
3 0.489750 0.585667 0.062500 0.092667
0 0.074750 0.611000 0.020500 0.035333
0 0.217000 0.527000 0.013000 0.032667
0 0.255500 0.362333 0.013000 0.030000
0 0.292250 0.318333 0.008500 0.020667
0 0.249000 0.541000 0.017000 0.030000
1 0.235500 0.550333 0.008000 0.016667
1 0.265500 0.549667 0.014000 0.024667
9 0.265000 0.554667 0.030000 0.014667
0 0.265000 0.518667 0.008000 0.020000
0 0.255750 0.507333 0.010500 0.025333
9 0.284250 0.469667 0.026500 0.020667
0 0.282250 0.465333 0.010500 0.026667
0 0.369750 0.145667 0.005500 0.020667
3 0.359000 0.102000 0.016000 0.025333
0 0.368750 0.062333 0.012500 0.016667
1 0.393000 0.045667 0.003000 0.010000
5 0.387000 0.143000 0.021000 0.050000
3 0.441250 0.015000 0.010500 0.015333
3 0.441750 0.026333 0.010500 0.012667
3 0.439250 0.034333 0.007500 0.008667
3 0.438750 0.043333 0.009500 0.012000
3 0.438750 0.052333 0.008500 0.011333
0 0.450250 0.075333 0.003500 0.013333
0 0.439500 0.063667 0.004000 0.014000
3 0.438250 0.075333 0.010500 0.018667
4 0.444000 0.116667 0.013000 0.028000
3 0.424000 0.134000 0.016000 0.025333
0 0.469500 0.109333 0.005000 0.017333
0 0.472000 0.130333 0.004000 0.019333
0 0.405750 0.156000 0.004500 0.018667
0 0.412000 0.155333 0.005000 0.018667
3 0.419750 0.168667 0.015500 0.024000
3 0.445250 0.148333 0.024500 0.024667
3 0.459000 0.170333 0.018000 0.027333
3 0.482750 0.165667 0.017500 0.022000
3 0.464500 0.204667 0.018000 0.029333
3 0.487000 0.215667 0.021000 0.032667
3 0.492250 0.246000 0.020500 0.029333
3 0.466500 0.253333 0.022000 0.030667
3 0.467500 0.299000 0.025000 0.038000
4 0.493250 0.297000 0.022500 0.052667
5 0.504500 0.365667 0.031000 0.076667
3 0.475750 0.395667 0.030500 0.046000
4 0.444500 0.399000 0.031000 0.075333
3 0.441000 0.345667 0.025000 0.043333
3 0.412000 0.346000 0.026000 0.045333
9 0.408250 0.310333 0.012500 0.023333
0 0.391250 0.275667 0.007500 0.027333
3 0.558750 0.071333 0.027500 0.017333
3 0.532750 0.134333 0.015500 0.023333
3 0.610500 0.140667 0.038000 0.024000
5 0.543500 0.371667 0.030000 0.066000
0 0.548000 0.413000 0.007000 0.024667
1 0.507500 0.400000 0.008000 0.020000
6 0.498500 0.418333 0.014000 0.026000
1 0.497750 0.413333 0.010500 0.021333
0 0.485500 0.435667 0.007000 0.028667
9 0.503250 0.495333 0.015500 0.033333
3 0.580500 0.472333 0.066000 0.042000
2 0.530250 0.445000 0.024500 0.020667
1 0.532250 0.443333 0.009500 0.032000
3 0.412500 0.398333 0.031000 0.060667
3 0.395000 0.450667 0.057000 0.046667
0 0.362250 0.457667 0.013500 0.028667
0 0.303250 0.524667 0.012500 0.033333
9 0.337500 0.529000 0.028000 0.015333
0 0.337750 0.529667 0.017500 0.030000
0 0.371000 0.571333 0.013000 0.030667
9 0.375000 0.537333 0.023000 0.024000
1 0.377500 0.532333 0.016000 0.028667
3 0.389750 0.492000 0.060500 0.056000
9 0.392000 0.551000 0.029000 0.016667
1 0.390500 0.547000 0.012000 0.027333
0 0.422250 0.538667 0.011500 0.030667
6 0.429750 0.540000 0.039500 0.028000
9 0.416750 0.522333 0.022500 0.030000
1 0.416500 0.517000 0.009000 0.032667
4 0.605750 0.689667 0.042500 0.106000
9 0.476250 0.528333 0.019500 0.031333
1 0.474750 0.524000 0.012500 0.034667
3 0.460750 0.495667 0.043500 0.068667
3 0.559500 0.522000 0.073000 0.054667
0 0.582500 0.541000 0.010000 0.026000
0 0.701000 0.556667 0.013000 0.026667
0 0.700000 0.532667 0.008000 0.022667
4 0.677750 0.484667 0.048500 0.033333
0 0.682250 0.441000 0.008500 0.022000
5 0.633000 0.437333 0.075000 0.048000
0 0.696000 0.455000 0.009000 0.024667
5 0.812250 0.411667 0.096500 0.067333
0 0.714500 0.434333 0.008000 0.026000
5 0.804000 0.591000 0.116000 0.120667
1 0.941250 0.599667 0.016500 0.024667
1 0.950250 0.590000 0.019500 0.020000
4 0.826250 0.553000 0.078500 0.059333
0 0.782000 0.536333 0.010000 0.020667
1 0.930000 0.449667 0.016000 0.023333
