3 0.497857 0.662437 0.014286 0.043147
3 0.493571 0.434645 0.010000 0.031726
3 0.443571 0.509518 0.012857 0.029188
3 0.442143 0.326777 0.007143 0.021574
3 0.441071 0.401015 0.010714 0.025381
3 0.503214 0.282995 0.007857 0.020305
3 0.471786 0.226523 0.006429 0.016497
3 0.500714 0.196066 0.005714 0.016497
3 0.471786 0.197970 0.006429 0.012690
3 0.451786 0.190355 0.007857 0.015228
3 0.462857 0.170051 0.007143 0.012690
3 0.473929 0.121827 0.005000 0.012690
3 0.465714 0.102157 0.005714 0.011421
3 0.456071 0.125635 0.005000 0.012690
3 0.494286 0.084391 0.005714 0.013959
3 0.487143 0.013959 0.004286 0.010152
3 0.503214 0.012056 0.005000 0.008883
3 0.455000 0.090102 0.004286 0.010152
3 0.455714 0.335025 0.008571 0.017766
3 0.525000 0.406091 0.010000 0.027919
3 0.413214 0.730330 0.013571 0.041878
3 0.397143 0.921954 0.015714 0.057107
4 0.451071 0.151650 0.006429 0.013959
4 0.466786 0.071066 0.003571 0.010152
4 0.486071 0.054569 0.005000 0.012690
4 0.494643 0.031091 0.005000 0.011421
4 0.512143 0.421320 0.010000 0.032995
4 0.517500 0.568528 0.015000 0.045685
4 0.426786 0.882614 0.017857 0.057107
4 0.463929 0.970812 0.026429 0.055838
4 0.470714 0.302030 0.007143 0.020305
3 0.493929 0.059645 0.005000 0.012690
0 0.578929 0.777919 0.005000 0.022843
0 0.710357 0.794416 0.007857 0.022843
0 0.890000 0.817259 0.008571 0.020305
0 0.219643 0.789340 0.007857 0.022843
