0 0.193929 0.241905 0.017857 0.051429
0 0.211786 0.238571 0.019286 0.052381
0 0.145357 0.103810 0.025000 0.047619
1 0.141429 0.264286 0.020000 0.035238
2 0.142857 0.279524 0.018571 0.048571
9 0.043929 0.318571 0.057857 0.033333
0 0.291071 0.022381 0.013571 0.042857
3 0.334643 0.030952 0.037857 0.058095
3 0.283571 0.187143 0.050000 0.069524
4 0.304286 0.092857 0.042857 0.067619
3 0.357857 0.441905 0.064286 0.156190
3 0.361071 0.310000 0.050714 0.105714
0 0.480000 0.158095 0.015714 0.045714
0 0.481429 0.147143 0.012857 0.046667
0 0.586429 0.191905 0.012857 0.044762
2 0.603929 0.173333 0.030714 0.028571
3 0.593214 0.133333 0.042143 0.060952
3 0.577500 0.069524 0.039286 0.053333
3 0.563214 0.017143 0.032143 0.034286
0 0.776786 0.092857 0.016429 0.042857
0 0.794286 0.088571 0.014286 0.043810
0 0.743929 0.129048 0.013571 0.039048
0 0.892857 0.291905 0.021429 0.052381
0 0.917143 0.279524 0.025714 0.052381
2 0.858214 0.250952 0.025000 0.040952
9 0.825000 0.194762 0.020000 0.046667
9 0.745714 0.048095 0.012857 0.035238
9 0.734286 0.034286 0.021429 0.028571
9 0.686786 0.075238 0.033571 0.020952
3 0.817143 0.425238 0.090000 0.100000
5 0.902500 0.553333 0.159286 0.196190
3 0.955714 0.806667 0.088571 0.234286
9 0.845357 0.788095 0.075000 0.079048
3 0.787143 0.339048 0.072857 0.093333
4 0.758214 0.809048 0.117857 0.252381
3 0.698571 0.585238 0.085714 0.151429
3 0.657500 0.428095 0.069286 0.128571
3 0.627143 0.300952 0.055714 0.095238
3 0.720714 0.158571 0.081429 0.065714
3 0.460000 0.760476 0.074286 0.225714
3 0.282500 0.647143 0.166429 0.107619
4 0.265000 0.801905 0.160000 0.156190
