0 0.471786 0.910476 0.055000 0.121905
0 0.583214 0.804286 0.042143 0.100000
0 0.668571 0.661429 0.037143 0.092381
0 0.687500 0.580952 0.029286 0.089524
0 0.677857 0.490476 0.042857 0.095238
0 0.614286 0.479048 0.022857 0.078095
0 0.621429 0.398571 0.018571 0.071429
0 0.601429 0.358571 0.021429 0.067619
0 0.359286 0.573810 0.038571 0.111429
0 0.078929 0.752857 0.062143 0.130476
0 0.088929 0.689048 0.069286 0.113333
1 0.378571 0.511905 0.044286 0.084762
1 0.372143 0.546667 0.047143 0.091429
0 0.340357 0.294762 0.036429 0.071429
0 0.523214 0.297619 0.016429 0.071429
0 0.567143 0.324286 0.018571 0.065714
2 0.561071 0.300000 0.039286 0.034286
