9 0.227557 0.122913 0.022965 0.028757
0 0.252871 0.133117 0.008873 0.038033
0 0.209551 0.166512 0.007829 0.030612
0 0.213466 0.171614 0.010438 0.037106
3 0.088727 0.160946 0.069937 0.051020
0 0.207463 0.178108 0.009916 0.025974
0 0.217380 0.181818 0.009916 0.031540
0 0.237474 0.175325 0.008351 0.033395
0 0.249478 0.175788 0.008351 0.028757
0 0.258090 0.177180 0.009916 0.033395
0 0.245042 0.173933 0.009916 0.028757
0 0.290710 0.175788 0.009395 0.028757
3 0.302192 0.164193 0.062630 0.055659
3 0.323069 0.138683 0.054280 0.049165
0 0.333246 0.101113 0.012004 0.037106
3 0.439979 0.120594 0.049061 0.038961
1 0.419363 0.297310 0.014092 0.034323
0 0.420668 0.350649 0.011482 0.050093
1 0.422756 0.376160 0.019833 0.032468
1 0.400313 0.378015 0.014614 0.028757
1 0.389092 0.362245 0.012004 0.036178
0 0.417015 0.423469 0.012526 0.045455
0 0.408403 0.443878 0.012004 0.051020
0 0.407359 0.459647 0.012004 0.051020
1 0.423539 0.545455 0.017223 0.035250
1 0.404749 0.534323 0.015136 0.033395
1 0.395616 0.548701 0.014614 0.034323
0 0.324374 0.896104 0.022443 0.033395
0 0.324896 0.912338 0.020355 0.034323
7 0.361430 0.958720 0.097599 0.080705
1 0.383351 0.916048 0.019311 0.058442
9 0.387004 0.914657 0.051670 0.053803
9 0.399791 0.859462 0.052192 0.060297
6 0.449113 0.946197 0.032881 0.105751
7 0.399530 0.775046 0.077766 0.095547
0 0.406054 0.745362 0.021921 0.056586
9 0.441806 0.738868 0.043319 0.049165
7 0.407359 0.695733 0.065240 0.085343
7 0.414144 0.631725 0.074635 0.079777
7 0.422756 0.587199 0.069937 0.077922
7 0.473904 0.615492 0.029228 0.115955
0 0.491388 0.617811 0.013048 0.044527
0 0.501305 0.613636 0.017223 0.064007
1 0.491649 0.667440 0.020877 0.067718
0 0.513048 0.663729 0.017745 0.069573
6 0.501305 0.658163 0.056889 0.082560
7 0.431628 0.509740 0.061587 0.078850
7 0.441806 0.461967 0.057933 0.070501
6 0.492432 0.504174 0.024530 0.108534
0 0.493215 0.511596 0.018789 0.041744
9 0.496347 0.468460 0.030271 0.046382
0 0.485908 0.450371 0.014614 0.052876
6 0.448852 0.413265 0.051148 0.065863
6 0.497912 0.392857 0.021921 0.091837
6 0.518267 0.358998 0.026096 0.050093
6 0.488518 0.358071 0.027140 0.055659
1 0.482255 0.348330 0.012526 0.036178
1 0.471555 0.343228 0.012004 0.027829
1 0.461117 0.342764 0.012004 0.034323
2 0.448591 0.378015 0.021399 0.034323
2 0.453288 0.370130 0.024530 0.031540
2 0.466858 0.369666 0.022443 0.036178
7 0.483559 0.322820 0.048539 0.061224
7 0.489823 0.303340 0.045407 0.059369
9 0.512787 0.300557 0.016180 0.044527
0 0.483559 0.276902 0.008873 0.036178
9 0.502349 0.274583 0.027662 0.029685
9 0.485908 0.267161 0.025052 0.025974
7 0.489823 0.246289 0.034969 0.047310
9 0.481994 0.201763 0.020355 0.028757
9 0.506524 0.209647 0.023486 0.027829
9 0.501566 0.192022 0.015658 0.027829
9 0.495825 0.194341 0.017745 0.019481
1 0.508351 0.198980 0.009395 0.030612
9 0.510438 0.185529 0.010438 0.029685
1 0.511482 0.181818 0.010438 0.033395
0 0.497651 0.176716 0.009916 0.038033
1 0.482255 0.166512 0.008351 0.030612
1 0.469729 0.163729 0.009395 0.034323
1 0.480428 0.149351 0.006785 0.035250
1 0.478340 0.145176 0.007829 0.034323
2 0.481472 0.155844 0.026618 0.027829
1 0.523747 0.138219 0.007829 0.022263
0 0.519050 0.130798 0.007829 0.042672
1 0.528967 0.173006 0.009916 0.030612
7 0.527662 0.180427 0.016701 0.041744
7 0.550887 0.189703 0.017223 0.054731
0 0.500000 0.102968 0.008351 0.037106
0 0.507307 0.097866 0.009395 0.036178
1 0.494781 0.099722 0.008351 0.023191
1 0.500261 0.077922 0.007829 0.029685
9 0.500261 0.083024 0.009916 0.026902
1 0.508612 0.085807 0.006785 0.030612
1 0.512004 0.073748 0.008351 0.032468
9 0.510960 0.078386 0.010438 0.025046
0 0.507829 0.062152 0.008351 0.024119
1 0.475209 0.094156 0.006785 0.025046
9 0.475470 0.100649 0.018789 0.021336
0 0.457985 0.040353 0.006785 0.030612
9 0.482516 0.029685 0.016180 0.018553
6 0.504436 0.046846 0.026618 0.036178
6 0.493215 0.042672 0.025052 0.035250
6 0.503653 0.040353 0.029228 0.038033
6 0.507307 0.029685 0.027140 0.035250
6 0.509656 0.015306 0.021399 0.030612
6 0.571764 0.019017 0.013048 0.034323
7 0.574896 0.013915 0.027662 0.027829
0 0.579332 0.044527 0.006263 0.020408
0 0.585856 0.041744 0.006785 0.025974
1 0.611430 0.032468 0.006785 0.018553
0 0.619781 0.043599 0.004697 0.020408
1 0.630741 0.030612 0.007829 0.027829
0 0.614562 0.062152 0.006785 0.025974
1 0.604384 0.069573 0.007307 0.027829
0 0.632829 0.086271 0.005741 0.027829
2 0.632568 0.090445 0.014614 0.021336
7 0.637265 0.017625 0.024008 0.033395
9 0.636482 0.141466 0.019311 0.021336
0 0.625522 0.125232 0.012004 0.031540
9 0.624739 0.133117 0.013570 0.028757
0 0.616910 0.166048 0.008351 0.040816
0 0.647443 0.203618 0.008873 0.047310
7 0.598121 0.171614 0.034447 0.050093
1 0.575939 0.206401 0.008873 0.036178
1 0.587944 0.196660 0.009916 0.022263
1 0.593685 0.216605 0.008873 0.039889
1 0.609081 0.224026 0.009395 0.030612
9 0.599426 0.191558 0.029749 0.026902
9 0.591336 0.210575 0.018789 0.024119
9 0.593946 0.218924 0.022965 0.029685
7 0.616910 0.218924 0.043841 0.048237
7 0.613779 0.242579 0.038622 0.043599
6 0.616910 0.269481 0.041754 0.047310
7 0.632307 0.297310 0.042276 0.052876
7 0.641962 0.334416 0.042797 0.047310
7 0.645877 0.354360 0.055846 0.059369
0 0.693372 0.353432 0.012004 0.059369
0 0.680585 0.366419 0.015658 0.057514
9 0.619781 0.395640 0.013048 0.045455
0 0.619259 0.409555 0.009916 0.052876
0 0.634134 0.411874 0.014614 0.048237
0 0.624478 0.436456 0.009916 0.052876
1 0.640658 0.425325 0.014092 0.039889
6 0.652662 0.396104 0.046451 0.053803
6 0.655010 0.433673 0.052192 0.047310
7 0.664666 0.450371 0.051670 0.069573
6 0.635699 0.490724 0.027140 0.089054
6 0.667797 0.477737 0.046451 0.055659
7 0.677714 0.531540 0.072547 0.074212
7 0.688413 0.563080 0.068894 0.068646
7 0.688413 0.618275 0.069937 0.080705
9 0.675887 0.656308 0.034447 0.049165
6 0.702244 0.679035 0.078810 0.074212
9 0.774269 0.680891 0.021399 0.072356
7 0.707724 0.736085 0.085595 0.093692
7 0.722599 0.814471 0.093424 0.107607
7 0.740605 0.899351 0.096033 0.123377
1 0.735125 0.927644 0.029749 0.053803
1 0.632307 0.948052 0.026618 0.090909
9 0.632568 0.944341 0.029228 0.107607
3 0.509134 0.876623 0.068372 0.244898
9 0.575157 0.958256 0.037578 0.081633
7 0.633351 0.669759 0.032881 0.124304
1 0.593946 0.740724 0.022965 0.058442
1 0.592902 0.730519 0.022965 0.056586
9 0.592119 0.759740 0.031837 0.092764
9 0.564979 0.078386 0.010960 0.034323
1 0.565501 0.076531 0.006785 0.026902
1 0.581681 0.447588 0.016180 0.045455
1 0.581942 0.503711 0.018789 0.050093
1 0.551409 0.521336 0.019311 0.061224
1 0.620042 0.557050 0.019833 0.041744
9 0.582724 0.454082 0.017223 0.056586
9 0.580637 0.509740 0.018267 0.056586
9 0.552453 0.530148 0.016180 0.064007
6 0.624217 0.579314 0.028184 0.075139
0 0.605950 0.529685 0.016701 0.061224
0 0.611952 0.545455 0.014092 0.042672
