5 0.759286 0.826777 0.110000 0.343909
4 0.847500 0.923223 0.070714 0.151015
4 0.135000 0.531726 0.045714 0.065990
5 0.172143 0.422589 0.067143 0.129442
5 0.215000 0.322335 0.058571 0.086294
5 0.513571 0.142766 0.032857 0.092640
5 0.660714 0.114848 0.038571 0.090102
4 0.486786 0.090736 0.019286 0.044416
3 0.620000 0.037437 0.017143 0.036802
3 0.597857 0.142766 0.021429 0.046954
3 0.641786 0.222716 0.026429 0.067259
3 0.608929 0.270939 0.026429 0.074873
1 0.847857 0.626269 0.007143 0.021574
0 0.839643 0.617386 0.005000 0.006345
0 0.888571 0.612944 0.011429 0.025381
1 0.883571 0.655457 0.008571 0.016497
1 0.877143 0.568528 0.007143 0.022843
1 0.862857 0.574239 0.007143 0.026650
1 0.869643 0.571701 0.009286 0.031726
1 0.943929 0.825508 0.009286 0.024112
1 0.933571 0.805838 0.008571 0.020305
1 0.951429 0.807107 0.008571 0.022843
0 0.991786 0.621193 0.009286 0.021574
0 0.843929 0.595178 0.009286 0.030457
0 0.939643 0.480330 0.010714 0.029188
1 0.826786 0.461929 0.006429 0.025381
1 0.820357 0.463198 0.006429 0.020305
1 0.815357 0.464467 0.005000 0.020305
1 0.808571 0.467640 0.007143 0.021574
1 0.811071 0.446066 0.006429 0.024112
0 0.876071 0.262690 0.007857 0.027919
0 0.914643 0.352792 0.006429 0.017766
0 0.826786 0.317893 0.006429 0.024112
0 0.816786 0.312183 0.007857 0.025381
0 0.764286 0.180203 0.007143 0.025381
0 0.760000 0.226523 0.007143 0.021574
0 0.734286 0.094543 0.005714 0.013959
0 0.819643 0.147208 0.006429 0.020305
0 0.738214 0.118020 0.003571 0.015228
1 0.832143 0.253807 0.005714 0.017766
1 0.808214 0.452411 0.006429 0.016497
