3 0.483929 0.845714 0.073571 0.125714
3 0.409286 0.812857 0.058571 0.115238
3 0.258214 0.754762 0.055000 0.098095
3 0.190000 0.716190 0.071429 0.085714
3 0.058214 0.632857 0.073571 0.052381
3 0.149643 0.560000 0.059286 0.045714
3 0.697857 0.926667 0.168571 0.137143
3 0.800000 0.760476 0.128571 0.086667
3 0.018214 0.599048 0.036429 0.059048
7 0.477500 0.518571 0.046429 0.042857
9 0.541429 0.531905 0.014286 0.039048
9 0.566786 0.540476 0.023571 0.039048
9 0.584643 0.545238 0.022143 0.037143
9 0.544643 0.475238 0.029286 0.026667
2 0.612500 0.545238 0.010714 0.027619
2 0.646071 0.542381 0.013571 0.031429
0 0.590714 0.513333 0.008571 0.034286
0 0.575000 0.497619 0.008571 0.029524
0 0.585714 0.484286 0.008571 0.029524
0 0.595714 0.489048 0.008571 0.029524
0 0.583214 0.502857 0.007857 0.030476
3 0.960357 0.871905 0.079286 0.124762
