3 0.657250 0.871333 0.123500 0.257333
3 0.699250 0.516000 0.148500 0.089333
3 0.217500 0.934000 0.123000 0.132000
3 0.414750 0.645667 0.087500 0.187333
3 0.669000 0.394000 0.130000 0.070667
3 0.663750 0.306667 0.106500 0.068000
3 0.592500 0.250667 0.041000 0.061333
3 0.361500 0.497667 0.077000 0.136667
3 0.468250 0.347333 0.052500 0.085333
3 0.394500 0.370667 0.063000 0.109333
1 0.403500 0.310667 0.014000 0.024000
0 0.277500 0.443333 0.023000 0.056000
3 0.269750 0.367333 0.083500 0.125333
3 0.318000 0.279667 0.065000 0.090000
3 0.354000 0.216667 0.052000 0.062667
3 0.376500 0.172333 0.042000 0.052667
3 0.395250 0.133667 0.034500 0.050000
3 0.417500 0.110333 0.030000 0.040667
3 0.419250 0.084333 0.027500 0.034000
3 0.427250 0.060333 0.027500 0.035333
0 0.453250 0.070667 0.006500 0.028000
3 0.321750 0.101333 0.039500 0.033333
3 0.486500 0.231667 0.036000 0.054000
3 0.499500 0.146333 0.030000 0.046000
3 0.512250 0.078000 0.019500 0.030667
3 0.501750 0.055000 0.019500 0.028667
3 0.512500 0.026000 0.019000 0.024000
3 0.526500 0.012333 0.019000 0.024667
3 0.506250 0.012000 0.016500 0.022667
3 0.447000 0.026667 0.025000 0.026667
3 0.469750 0.008000 0.020500 0.016000
5 0.437500 0.010000 0.047000 0.020000
3 0.574500 0.138000 0.031000 0.045333
3 0.618750 0.104667 0.063500 0.026667
3 0.609000 0.090333 0.057000 0.027333
3 0.601250 0.075667 0.050500 0.026000
3 0.612000 0.067333 0.047000 0.022667
3 0.598000 0.039333 0.046000 0.024000
3 0.598000 0.026000 0.043000 0.021333
3 0.599250 0.018333 0.041500 0.020667
3 0.593500 0.013000 0.033000 0.015333
3 0.595000 0.006667 0.035000 0.013333
