5 0.528571 0.955714 0.050000 0.088571
3 0.541786 0.889048 0.032143 0.044762
3 0.552500 0.850476 0.030714 0.038095
3 0.631786 0.855714 0.036429 0.046667
4 0.726429 0.948571 0.035714 0.062857
3 0.713214 0.893333 0.059286 0.053333
3 0.696071 0.822857 0.042143 0.034286
3 0.693571 0.801905 0.042857 0.036190
3 0.691429 0.781905 0.035714 0.026667
3 0.735000 0.679048 0.037143 0.022857
3 0.686071 0.763810 0.040714 0.024762
3 0.679286 0.754286 0.042857 0.024762
3 0.677500 0.740476 0.042143 0.025714
3 0.677857 0.728095 0.041429 0.023810
3 0.674286 0.720952 0.035714 0.020952
3 0.674286 0.708095 0.035714 0.018095
3 0.667857 0.700000 0.034286 0.020952
3 0.662143 0.690952 0.037143 0.021905
3 0.671786 0.683810 0.036429 0.020952
3 0.675000 0.669048 0.030000 0.016190
3 0.664286 0.664286 0.032857 0.018095
3 0.663214 0.652381 0.030714 0.019048
3 0.657857 0.648095 0.028571 0.016190
3 0.659643 0.641905 0.029286 0.015238
3 0.660000 0.637143 0.031429 0.015238
3 0.658929 0.633333 0.030714 0.013333
4 0.655357 0.622857 0.033571 0.019048
3 0.655000 0.613810 0.025714 0.016190
3 0.655357 0.610952 0.025000 0.018095
3 0.610714 0.544762 0.008571 0.007619
3 0.608929 0.540476 0.006429 0.006667
3 0.575714 0.527619 0.008571 0.007619
3 0.589286 0.532857 0.011429 0.012381
3 0.605000 0.570000 0.014286 0.012381
3 0.588571 0.610476 0.020000 0.013333
3 0.567857 0.618095 0.012857 0.017143
3 0.595357 0.601429 0.015000 0.012381
3 0.588929 0.625714 0.010714 0.011429
3 0.586786 0.634286 0.010714 0.011429
3 0.584286 0.644286 0.012857 0.014286
3 0.583214 0.658095 0.013571 0.019048
3 0.565357 0.664286 0.035000 0.018095
4 0.574286 0.683810 0.035714 0.022857
3 0.579643 0.694762 0.020714 0.027619
3 0.573571 0.713333 0.017143 0.022857
3 0.570357 0.730476 0.025000 0.024762
3 0.572500 0.755714 0.025000 0.027619
3 0.563929 0.783333 0.017857 0.033333
3 0.556429 0.807143 0.027143 0.040952
5 0.719643 0.845714 0.047857 0.081905
