3 0.473500 0.913000 0.064000 0.174000
3 0.366250 0.711000 0.070500 0.119333
3 0.333750 0.626333 0.068500 0.100667
4 0.601750 0.658667 0.042500 0.084000
3 0.558250 0.610667 0.035500 0.070667
4 0.694750 0.571667 0.066500 0.076667
3 0.480000 0.530667 0.068000 0.057333
9 0.752500 0.448667 0.015000 0.028000
9 0.784750 0.427000 0.020500 0.022000
3 0.716250 0.432333 0.058500 0.043333
0 0.653250 0.394667 0.009500 0.029333
4 0.561500 0.419333 0.049000 0.042667
2 0.595250 0.372333 0.007500 0.015333
6 0.586000 0.369333 0.010000 0.014667
0 0.504250 0.305000 0.006500 0.018000
4 0.476500 0.302000 0.026000 0.028000
0 0.462000 0.279000 0.004000 0.018000
0 0.456000 0.276000 0.005000 0.018667
0 0.451500 0.280333 0.005000 0.018000
0 0.449500 0.278333 0.004000 0.019333
3 0.448500 0.270333 0.025000 0.019333
5 0.384250 0.278333 0.035500 0.042000
3 0.364500 0.265333 0.032000 0.018667
9 0.380500 0.254667 0.010000 0.013333
9 0.402000 0.247333 0.009000 0.010667
5 0.939750 0.286333 0.054500 0.032667
3 0.956000 0.290333 0.036000 0.020667
3 0.911500 0.279000 0.041000 0.016667
3 0.862750 0.267333 0.033500 0.018667
3 0.832500 0.275000 0.037000 0.019333
3 0.826250 0.258667 0.031500 0.017333
3 0.793750 0.264000 0.035500 0.018667
4 0.553750 0.190667 0.016500 0.013333
4 0.536500 0.187000 0.016000 0.012667
3 0.522750 0.185667 0.015500 0.010000
3 0.942500 0.954667 0.115000 0.088000
9 0.421750 0.631000 0.016500 0.038000
1 0.422250 0.621667 0.016500 0.036667
1 0.418750 0.614000 0.011500 0.025333
3 0.263750 0.517667 0.044500 0.058000
3 0.238250 0.467333 0.040500 0.057333
5 0.223000 0.427333 0.039000 0.056000
3 0.434250 0.487667 0.066500 0.042000
3 0.416000 0.458667 0.062000 0.040000
4 0.391750 0.426667 0.035500 0.040000
3 0.356750 0.411000 0.025500 0.034000
4 0.338000 0.361000 0.057000 0.052667
3 0.286000 0.323000 0.025000 0.024667
3 0.299250 0.301667 0.030500 0.022000
3 0.270500 0.310667 0.022000 0.022667
3 0.233750 0.317667 0.025500 0.026000
5 0.244750 0.279000 0.020500 0.028667
3 0.168000 0.340333 0.027000 0.034000
4 0.283000 0.199333 0.014000 0.014667
3 0.256250 0.179000 0.010500 0.008667
3 0.240250 0.191667 0.020500 0.010000
3 0.333250 0.225000 0.015500 0.014000
1 0.392750 0.237333 0.005500 0.009333
9 0.297500 0.198000 0.005000 0.008000
0 0.276250 0.259667 0.004500 0.016667
9 0.197000 0.238000 0.006000 0.010667
1 0.196750 0.235333 0.005500 0.012000
3 0.107750 0.189667 0.011500 0.010000
3 0.120250 0.171667 0.009500 0.010000
3 0.114500 0.162000 0.008000 0.006667
3 0.145250 0.295333 0.020500 0.026667
3 0.139500 0.280333 0.015000 0.015333
3 0.136750 0.269000 0.016500 0.015333
3 0.120250 0.238000 0.016500 0.014667
3 0.116250 0.229667 0.015500 0.011333
3 0.110500 0.221000 0.015000 0.012667
0 0.040000 0.244000 0.007000 0.016000
0 0.036250 0.243667 0.004500 0.012667
4 0.090000 0.147333 0.007000 0.009333
5 0.077000 0.139667 0.008000 0.010000
3 0.093750 0.144000 0.005500 0.008000
3 0.085000 0.134000 0.005000 0.006667
3 0.083000 0.126000 0.005000 0.005333
3 0.072750 0.125333 0.007500 0.005333
4 0.044000 0.128000 0.005000 0.006667
