1 0.253571 0.559048 0.021429 0.043810
1 0.263929 0.562381 0.022143 0.040952
1 0.173571 0.499048 0.015714 0.036190
1 0.164643 0.517619 0.015000 0.029524
1 0.143571 0.505238 0.012857 0.033333
1 0.151786 0.510476 0.019286 0.030476
1 0.803571 0.714286 0.031429 0.055238
1 0.735000 0.700000 0.024286 0.051429
1 0.755357 0.661429 0.016429 0.037143
1 0.656071 0.603810 0.019286 0.036190
1 0.656071 0.627143 0.025000 0.039048
1 0.675000 0.635714 0.018571 0.035238
1 0.700000 0.655238 0.025714 0.047619
0 0.672143 0.668095 0.015714 0.058095
0 0.655000 0.660000 0.015714 0.051429
1 0.983929 0.601905 0.029286 0.047619
1 0.931786 0.592857 0.017857 0.052381
1 0.949286 0.598095 0.024286 0.053333
1 0.814286 0.535714 0.025714 0.046667
1 0.835000 0.542381 0.021429 0.033333
1 0.848571 0.532857 0.018571 0.033333
1 0.872500 0.568571 0.023571 0.045714
1 0.896429 0.576667 0.030000 0.056190
1 0.915000 0.570476 0.020000 0.038095
1 0.882143 0.571429 0.027143 0.053333
1 0.745357 0.402857 0.015000 0.028571
1 0.771071 0.415238 0.017857 0.038095
1 0.759643 0.403333 0.017857 0.035238
