3 0.800000 0.890667 0.137000 0.074667
3 0.740000 0.793000 0.100000 0.051333
3 0.704500 0.748333 0.090000 0.042000
3 0.501250 0.849000 0.108500 0.076667
3 0.518750 0.793333 0.093500 0.054667
3 0.527500 0.731000 0.072000 0.039333
3 0.690500 0.702667 0.071000 0.038667
3 0.680750 0.690333 0.063500 0.028667
3 0.541500 0.669333 0.058000 0.028000
3 0.545000 0.650000 0.050000 0.025333
3 0.542500 0.633000 0.044000 0.020667
3 0.545250 0.613000 0.037500 0.016667
3 0.548750 0.601333 0.034500 0.016000
3 0.554250 0.585667 0.013500 0.018000
3 0.654500 0.643000 0.051000 0.026000
3 0.649250 0.635333 0.046500 0.021333
3 0.639250 0.617333 0.039500 0.020000
3 0.629500 0.600333 0.038000 0.018000
3 0.619250 0.579333 0.028500 0.013333
3 0.615500 0.573333 0.026000 0.010667
3 0.609750 0.567333 0.024500 0.009333
3 0.555000 0.559333 0.017000 0.009333
3 0.488000 0.557667 0.018000 0.008667
3 0.461250 0.534000 0.004500 0.005333
5 0.312000 0.600333 0.068000 0.050000
4 0.399750 0.556000 0.014500 0.010667
3 0.385750 0.559667 0.020500 0.010000
9 0.691500 0.624333 0.017000 0.016667
3 0.615750 0.547000 0.011500 0.007333
4 0.581000 0.529333 0.010000 0.008000
0 0.566000 0.542000 0.002000 0.006667
0 0.563500 0.542333 0.002000 0.007333
5 0.337750 0.628333 0.062500 0.056667
3 0.610000 0.561667 0.024000 0.008667
3 0.608000 0.559333 0.024000 0.006667
3 0.604500 0.556667 0.022000 0.008000
3 0.596500 0.548667 0.018000 0.009333
3 0.595000 0.544333 0.016000 0.007333
3 0.593000 0.543667 0.016000 0.008667
3 0.589500 0.540333 0.019000 0.008667
3 0.586250 0.538000 0.019500 0.008000
3 0.584000 0.537667 0.021000 0.006000
3 0.568000 0.531667 0.012000 0.004667
3 0.566250 0.530000 0.010500 0.006667
3 0.559250 0.528333 0.011500 0.006000
