3 0.374643 0.635714 0.025000 0.039048
3 0.482143 0.495714 0.022857 0.033333
3 0.487143 0.757619 0.030000 0.021905
4 0.566071 0.687619 0.025000 0.038095
5 0.642143 0.558571 0.062857 0.090476
3 0.493571 0.610952 0.022857 0.029524
3 0.533571 0.550000 0.021429 0.035238
3 0.545357 0.358571 0.013571 0.033333
3 0.662857 0.226667 0.027143 0.020952
3 0.739643 0.201429 0.023571 0.021905
3 0.762500 0.222381 0.025000 0.020000
3 0.881429 0.427143 0.027143 0.027619
3 0.916786 0.460000 0.027857 0.032381
3 0.931071 0.443333 0.029286 0.031429
3 0.882500 0.399524 0.027857 0.031429
3 0.898214 0.390000 0.026429 0.035238
4 0.955000 0.497143 0.032857 0.038095
3 0.803929 0.163810 0.020714 0.026667
3 0.877857 0.176190 0.012857 0.030476
3 0.859643 0.124286 0.017857 0.025714
3 0.831786 0.083810 0.017857 0.030476
3 0.560357 0.476190 0.026429 0.032381
3 0.568214 0.505238 0.023571 0.035238
3 0.583571 0.517143 0.018571 0.026667
3 0.285714 0.709524 0.028571 0.043810
3 0.245714 0.769048 0.031429 0.039048
8 0.437500 0.843333 0.053571 0.092381
8 0.463929 0.844286 0.042143 0.069524
3 0.237500 0.857143 0.027857 0.041905
3 0.078929 0.151905 0.023571 0.025714
0 0.011071 0.073810 0.009286 0.010476
4 0.254286 0.035714 0.022857 0.027619
3 0.405000 0.064286 0.024286 0.029524
3 0.435357 0.045238 0.019286 0.021905
3 0.472500 0.082857 0.020714 0.028571
3 0.518214 0.129524 0.023571 0.026667
3 0.452143 0.280952 0.022857 0.028571
3 0.431071 0.305238 0.026429 0.027619
3 0.364286 0.388571 0.024286 0.026667
3 0.421429 0.320000 0.024286 0.030476
3 0.399286 0.346667 0.024286 0.028571
3 0.388929 0.360476 0.020714 0.025714
3 0.352500 0.405238 0.023571 0.029524
3 0.376786 0.375714 0.026429 0.027619
3 0.411071 0.331905 0.023571 0.029524
3 0.390000 0.280476 0.024286 0.031429
3 0.325357 0.360952 0.025000 0.032381
3 0.272857 0.425238 0.017143 0.027619
3 0.300000 0.391905 0.027143 0.029524
3 0.209643 0.497143 0.026429 0.034286
3 0.239643 0.461429 0.023571 0.029524
4 0.286786 0.370476 0.025000 0.028571
4 0.348929 0.237619 0.025000 0.029524
4 0.377143 0.228095 0.021429 0.031429
3 0.336429 0.192857 0.021429 0.025714
3 0.323571 0.179524 0.025714 0.027619
3 0.316071 0.168571 0.020714 0.019048
3 0.308571 0.160476 0.017143 0.029524
3 0.447143 0.010476 0.020000 0.020952
4 0.464286 0.008095 0.014286 0.016190
4 0.472857 0.057619 0.024286 0.029524
5 0.435000 0.017619 0.032857 0.035238
3 0.487143 0.046667 0.022857 0.024762
4 0.504286 0.039524 0.025714 0.029524
3 0.509643 0.096667 0.023571 0.027619
3 0.544643 0.128095 0.023571 0.027619
3 0.550714 0.162857 0.022857 0.028571
3 0.612857 0.189524 0.027143 0.026667
3 0.537857 0.094762 0.024286 0.025714
4 0.615357 0.146667 0.029286 0.028571
4 0.598929 0.203333 0.023571 0.031429
4 0.575000 0.108571 0.025714 0.028571
4 0.541429 0.073333 0.025714 0.028571
3 0.571071 0.071429 0.023571 0.022857
3 0.562857 0.043810 0.021429 0.022857
3 0.595000 0.033810 0.024286 0.025714
3 0.711071 0.044762 0.017857 0.024762
3 0.779643 0.091429 0.019286 0.026667
3 0.793929 0.107619 0.022143 0.032381
3 0.808929 0.120476 0.020714 0.029524
3 0.825357 0.059524 0.020714 0.031429
3 0.818214 0.036667 0.019286 0.027619
3 0.849643 0.021905 0.019286 0.026667
3 0.875357 0.019524 0.019286 0.027619
4 0.855357 0.049524 0.022143 0.034286
4 0.800714 0.061429 0.017143 0.027619
3 0.798214 0.029524 0.015000 0.026667
4 0.905000 0.159524 0.018571 0.027619
3 0.950714 0.086667 0.018571 0.022857
3 0.820357 0.005714 0.012143 0.011429
0 0.890000 0.228095 0.005714 0.010476
0 0.938214 0.283333 0.006429 0.008571
0 0.863214 0.577619 0.006429 0.008571
0 0.812857 0.577619 0.005714 0.004762
0 0.817500 0.576667 0.002143 0.002857
0 0.905000 0.684762 0.007143 0.005714
0 0.905357 0.681429 0.007857 0.008571
0 0.560357 0.644762 0.003571 0.007619
0 0.715714 0.415238 0.004286 0.009524
0 0.819286 0.347619 0.004286 0.007619
0 0.851786 0.334286 0.006429 0.009524
0 0.496786 0.806190 0.005000 0.004762
0 0.457500 0.486190 0.005000 0.006667
1 0.604643 0.514286 0.003571 0.005714
9 0.606071 0.515238 0.009286 0.013333
0 0.762143 0.021905 0.004286 0.009524
0 0.734286 0.102381 0.004286 0.010476
0 0.718571 0.130476 0.004286 0.011429
0 0.645357 0.180476 0.002143 0.008571
0 0.576786 0.278095 0.003571 0.009524
0 0.650000 0.177619 0.005714 0.010476
1 0.635714 0.175238 0.002857 0.005714
1 0.633929 0.115714 0.003571 0.006667
1 0.578929 0.254762 0.005000 0.006667
9 0.578929 0.256667 0.007857 0.008571
9 0.636071 0.178095 0.006429 0.011429
9 0.633214 0.119048 0.007857 0.011429
0 0.688571 0.074762 0.002857 0.008571
0 0.727143 0.013333 0.004286 0.009524
0 0.737143 0.024762 0.004286 0.009524
0 0.705714 0.132381 0.002857 0.013333
0 0.690357 0.126190 0.003571 0.012381
0 0.685000 0.122857 0.004286 0.007619
0 0.705714 0.117143 0.002857 0.007619
0 0.709286 0.108571 0.002857 0.009524
0 0.642143 0.095714 0.005714 0.010476
0 0.707500 0.079524 0.003571 0.006667
0 0.710000 0.100000 0.004286 0.011429
0 0.708929 0.085238 0.003571 0.010476
7 0.672857 0.099048 0.018571 0.019048
0 0.650714 0.075714 0.002857 0.014286
9 0.347143 0.212857 0.007143 0.010476
0 0.396786 0.208095 0.005000 0.010476
0 0.416429 0.229524 0.004286 0.011429
0 0.417857 0.225714 0.002857 0.009524
3 0.169286 0.919524 0.035714 0.048571
5 0.207143 0.810476 0.038571 0.051429
4 0.211786 0.689048 0.032143 0.040952
3 0.151429 0.611905 0.028571 0.035238
0 0.056071 0.631429 0.009286 0.007619
0 0.037500 0.710000 0.010714 0.004762
0 0.035000 0.701905 0.007143 0.003810
0 0.005357 0.707619 0.010714 0.009524
7 0.093571 0.652857 0.020000 0.016190
3 0.358214 0.607143 0.026429 0.039048
3 0.322857 0.659524 0.028571 0.039048
3 0.009643 0.740000 0.019286 0.034286
3 0.075357 0.987143 0.029286 0.023810
4 0.106071 0.946667 0.033571 0.045714
3 0.132500 0.904762 0.035000 0.017143
0 0.393929 0.875714 0.005000 0.006667
7 0.644643 0.466190 0.013571 0.020000
0 0.481071 0.409524 0.005000 0.005714
0 0.476071 0.400476 0.003571 0.004762
0 0.471429 0.398095 0.004286 0.007619
0 0.503214 0.320476 0.003571 0.010476
0 0.558929 0.243810 0.003571 0.007619
0 0.562500 0.232381 0.003571 0.007619
0 0.593571 0.018571 0.002857 0.004762
0 0.586429 0.009524 0.002857 0.009524
0 0.659286 0.073810 0.001429 0.004762
