5 0.076429 0.962381 0.150000 0.075238
0 0.140000 0.824762 0.028571 0.051429
0 0.492857 0.511429 0.014286 0.032381
0 0.530000 0.463333 0.011429 0.029524
0 0.577143 0.537143 0.014286 0.036190
0 0.724643 0.472381 0.007857 0.026667
0 0.801071 0.398571 0.010714 0.025714
1 0.983214 0.275238 0.005000 0.011429
9 0.983929 0.277619 0.013571 0.006667
3 0.732857 0.288571 0.022857 0.017143
3 0.744643 0.292381 0.017857 0.013333
3 0.758214 0.293810 0.023571 0.014286
3 0.733571 0.309524 0.021429 0.019048
3 0.777143 0.295238 0.021429 0.015238
3 0.791786 0.296667 0.023571 0.016190
3 0.809286 0.300952 0.021429 0.015238
3 0.827857 0.304286 0.024286 0.016190
3 0.856071 0.305714 0.027857 0.015238
3 0.684286 0.515714 0.047143 0.040952
4 0.608929 0.549524 0.056429 0.064762
3 0.502857 0.650000 0.075714 0.075238
9 0.502500 0.474286 0.010714 0.024762
0 0.552500 0.394286 0.006429 0.020952
0 0.558929 0.395714 0.006429 0.021905
3 0.547143 0.389524 0.022857 0.026667
3 0.431071 0.472857 0.053571 0.037143
3 0.569286 0.434286 0.032857 0.038095
3 0.649286 0.466667 0.050000 0.038095
3 0.420357 0.727619 0.092143 0.087619
