3 0.401429 0.123333 0.017143 0.018095
3 0.399286 0.138571 0.014286 0.018095
3 0.269643 0.159524 0.035000 0.021905
3 0.060000 0.176190 0.035714 0.022857
3 0.083929 0.169048 0.033571 0.020000
3 0.103571 0.161429 0.028571 0.020000
3 0.089643 0.227143 0.046429 0.039048
4 0.733929 0.009048 0.007857 0.014286
3 0.743571 0.027619 0.011429 0.013333
5 0.745714 0.010952 0.012857 0.021905
3 0.716071 0.084762 0.010714 0.015238
3 0.845357 0.030476 0.012143 0.013333
4 0.864643 0.080476 0.015000 0.020000
9 0.896071 0.092381 0.006429 0.017143
1 0.896786 0.090476 0.002143 0.011429
3 0.060000 0.290476 0.042857 0.030476
3 0.174643 0.311429 0.043571 0.038095
3 0.227143 0.326667 0.050000 0.053333
3 0.067143 0.458571 0.041429 0.031429
7 0.336786 0.501429 0.027857 0.025714
1 0.323929 0.487619 0.010714 0.015238
3 0.372857 0.570000 0.090000 0.056190
7 0.402500 0.715238 0.025000 0.040000
8 0.390357 0.879048 0.167857 0.241905
0 0.258214 0.971905 0.022143 0.033333
0 0.161786 0.968571 0.029286 0.038095
4 0.588571 0.683333 0.061429 0.155238
4 0.660357 0.351905 0.029286 0.063810
9 0.418214 0.175714 0.013571 0.018095
9 0.421786 0.172857 0.012143 0.018095
9 0.430714 0.168571 0.014286 0.015238
9 0.433214 0.166190 0.012143 0.014286
9 0.437500 0.163333 0.010714 0.016190
9 0.442500 0.188571 0.015000 0.015238
9 0.447857 0.186190 0.014286 0.018095
9 0.466786 0.189048 0.013571 0.016190
7 0.957500 0.207143 0.016429 0.021905
1 0.958214 0.198095 0.005000 0.011429
9 0.975000 0.207619 0.021429 0.015238
9 0.989643 0.216667 0.020714 0.014286
9 0.990714 0.236667 0.018571 0.020000
1 0.978571 0.206190 0.007143 0.020000
1 0.995000 0.212857 0.005714 0.020000
