3 0.043929 0.040952 0.027857 0.015238
4 0.084286 0.020952 0.020000 0.024762
3 0.072857 0.020952 0.020000 0.019048
3 0.110000 0.045714 0.028571 0.017143
3 0.159286 0.089524 0.027143 0.017143
3 0.177500 0.049524 0.032143 0.017143
3 0.225357 0.091429 0.032143 0.019048
3 0.152857 0.027143 0.020000 0.020000
3 0.170714 0.029524 0.020000 0.017143
3 0.225357 0.032381 0.023571 0.017143
3 0.241071 0.032857 0.017857 0.018095
3 0.260357 0.024762 0.017857 0.022857
9 0.215714 0.047143 0.008571 0.010476
9 0.226786 0.047143 0.010714 0.008571
9 0.229643 0.043810 0.010714 0.009524
7 0.253214 0.053810 0.019286 0.014286
9 0.266429 0.064762 0.014286 0.009524
7 0.335000 0.068095 0.020000 0.018095
3 0.414286 0.004762 0.021429 0.009524
3 0.484643 0.008571 0.015000 0.017143
1 0.493571 0.050952 0.004286 0.008571
1 0.482143 0.069048 0.004286 0.010476
1 0.534286 0.034762 0.004286 0.010476
1 0.537143 0.027143 0.004286 0.006667
5 0.557143 0.019524 0.031429 0.039048
5 0.579286 0.015238 0.018571 0.030476
1 0.590714 0.018095 0.004286 0.009524
3 0.606429 0.006190 0.012857 0.012381
5 0.598929 0.019524 0.010714 0.016190
9 0.590000 0.020000 0.004286 0.011429
9 0.537857 0.030000 0.005714 0.012381
9 0.533929 0.037619 0.005000 0.014286
9 0.493214 0.054762 0.005000 0.014286
9 0.482500 0.073810 0.005000 0.012381
1 0.323929 0.500476 0.009286 0.018095
1 0.296786 0.560000 0.007857 0.019048
1 0.293214 0.570000 0.010714 0.021905
1 0.256786 0.639048 0.012143 0.017143
1 0.253929 0.644762 0.012143 0.022857
9 0.323929 0.509524 0.013571 0.032381
9 0.293214 0.572857 0.015000 0.035238
9 0.256429 0.649048 0.015714 0.042857
3 0.331786 0.636190 0.033571 0.078095
3 0.443571 0.568095 0.035714 0.065714
5 0.410714 0.661429 0.045714 0.090476
5 0.361429 0.778095 0.061429 0.118095
3 0.310000 0.754762 0.047143 0.094286
5 0.224643 0.807619 0.082143 0.152381
3 0.330714 0.922857 0.054286 0.114286
3 0.265714 0.872857 0.058571 0.113333
3 0.138571 0.684286 0.074286 0.067619
3 0.023571 0.775714 0.047143 0.050476
5 0.758214 0.809048 0.035000 0.098095
5 0.552143 0.871429 0.047143 0.121905
1 0.648214 0.813333 0.009286 0.019048
1 0.646429 0.807143 0.012857 0.018095
9 0.646429 0.810952 0.015714 0.042857
1 0.487857 0.636190 0.010000 0.017143
1 0.598214 0.614762 0.010714 0.020000
1 0.658571 0.601429 0.010000 0.018095
1 0.641429 0.564762 0.008571 0.017143
9 0.658214 0.606667 0.010714 0.028571
9 0.640714 0.569048 0.008571 0.029524
9 0.597857 0.619524 0.010000 0.029524
9 0.486786 0.640000 0.010714 0.028571
1 0.619643 0.503810 0.007857 0.015238
1 0.618571 0.497619 0.010000 0.016190
1 0.639286 0.504762 0.008571 0.011429
1 0.639286 0.502381 0.008571 0.014286
0 0.698929 0.480476 0.007857 0.023810
1 0.671429 0.449048 0.007143 0.021905
2 0.670714 0.451905 0.007143 0.025714
1 0.650357 0.460476 0.009286 0.014286
1 0.631786 0.438095 0.007857 0.017143
2 0.638571 0.508095 0.008571 0.023810
2 0.620000 0.505714 0.010000 0.026667
2 0.649643 0.465714 0.006429 0.022857
2 0.631429 0.443333 0.008571 0.023810
3 0.630714 0.380000 0.020000 0.043810
3 0.622143 0.319524 0.021429 0.035238
7 0.673929 0.338095 0.016429 0.036190
1 0.652143 0.310952 0.005714 0.016190
1 0.669643 0.265238 0.007857 0.012381
1 0.677143 0.187619 0.007143 0.013333
1 0.682143 0.115714 0.005714 0.008571
1 0.681071 0.082857 0.005000 0.007619
1 0.668571 0.017619 0.004286 0.010476
2 0.651786 0.315238 0.007857 0.024762
2 0.670000 0.269524 0.008571 0.017143
2 0.677143 0.190476 0.007143 0.017143
2 0.681071 0.119048 0.005000 0.015238
2 0.681071 0.085714 0.005000 0.017143
2 0.667857 0.018095 0.005714 0.015238
0 0.705714 0.262857 0.005714 0.020952
3 0.589286 0.211905 0.018571 0.027619
3 0.597500 0.158095 0.017857 0.024762
3 0.648571 0.160476 0.017143 0.025714
5 0.651071 0.111429 0.016429 0.040000
3 0.610714 0.101905 0.014286 0.024762
3 0.624643 0.044286 0.015000 0.020000
3 0.633571 0.007143 0.012857 0.014286
4 0.783571 0.047143 0.027143 0.018095
3 0.779643 0.057619 0.030714 0.016190
3 0.757143 0.049048 0.010000 0.021905
3 0.763214 0.113810 0.013571 0.018095
3 0.798214 0.101905 0.023571 0.013333
4 0.798571 0.108571 0.024286 0.015238
4 0.799286 0.117143 0.025714 0.017143
3 0.802857 0.130476 0.025714 0.017143
7 0.733214 0.146190 0.025000 0.018095
7 0.764286 0.152381 0.021429 0.015238
3 0.791786 0.157619 0.013571 0.020000
3 0.807857 0.159524 0.011429 0.018095
3 0.858571 0.172857 0.035714 0.035238
3 0.887857 0.177143 0.035714 0.030476
3 0.921071 0.181905 0.037857 0.022857
5 0.885357 0.137619 0.050714 0.040952
5 0.833214 0.532381 0.069286 0.053333
3 0.752143 0.607143 0.028571 0.060000
7 0.815714 0.685714 0.024286 0.051429
9 0.784286 0.707143 0.027143 0.023810
