3 0.269572 0.936456 0.051670 0.125232
5 0.445981 0.946197 0.034969 0.105751
1 0.170407 0.646104 0.012004 0.025046
9 0.170407 0.653989 0.015136 0.037106
1 0.339770 0.404917 0.008351 0.025046
9 0.339248 0.409555 0.008351 0.026902
9 0.274269 0.320501 0.010960 0.023191
9 0.331942 0.302412 0.013570 0.020408
2 0.338987 0.279685 0.013048 0.017625
2 0.338466 0.276438 0.013048 0.018553
7 0.378132 0.235158 0.013048 0.030612
9 0.365084 0.204545 0.007829 0.021336
9 0.368737 0.185529 0.013048 0.018553
1 0.373695 0.192022 0.004175 0.007421
9 0.376566 0.159091 0.012004 0.013915
9 0.409186 0.205937 0.006263 0.016698
1 0.409186 0.200371 0.006263 0.016698
6 0.403445 0.151670 0.010438 0.026902
1 0.403967 0.154917 0.006263 0.014842
6 0.378914 0.144249 0.018789 0.017625
7 0.383090 0.128942 0.010438 0.024119
0 0.350992 0.141929 0.006785 0.018553
0 0.354384 0.134972 0.005219 0.010204
0 0.359864 0.115955 0.004697 0.012987
0 0.405793 0.100649 0.003653 0.017625
0 0.409186 0.102968 0.004175 0.018553
3 0.363779 0.096939 0.019833 0.019481
1 0.375522 0.100186 0.004697 0.014842
9 0.375261 0.102968 0.004175 0.014842
7 0.386482 0.107607 0.013048 0.020408
6 0.380741 0.100649 0.007829 0.023191
1 0.414144 0.119666 0.004697 0.016698
1 0.413622 0.104360 0.004697 0.013915
1 0.385177 0.085343 0.005219 0.014842
9 0.384656 0.088126 0.005219 0.012987
9 0.413883 0.108534 0.005219 0.012987
9 0.414144 0.121985 0.004697 0.013915
0 0.378653 0.086271 0.003653 0.014842
0 0.379436 0.083024 0.004175 0.015770
7 0.392223 0.066790 0.008873 0.020408
2 0.409708 0.051948 0.007307 0.011132
9 0.381785 0.053340 0.004697 0.012059
9 0.386221 0.037570 0.006263 0.010204
1 0.426670 0.044991 0.003653 0.013915
1 0.432672 0.026902 0.004175 0.011132
9 0.427192 0.048701 0.003653 0.012059
9 0.432672 0.030148 0.004175 0.010204
1 0.418580 0.036642 0.004175 0.010204
6 0.416493 0.023191 0.009395 0.012987
7 0.436587 0.016698 0.007829 0.016698
3 0.451461 0.025974 0.011482 0.020408
3 0.446503 0.169295 0.016180 0.026902
5 0.463205 0.050557 0.018267 0.051020
3 0.497390 0.088126 0.012526 0.024119
9 0.520616 0.006494 0.003653 0.009276
1 0.520616 0.004174 0.003653 0.008349
1 0.521138 0.166048 0.004697 0.016698
9 0.520877 0.170223 0.004175 0.015770
0 0.531315 0.146568 0.003132 0.020408
0 0.533925 0.163265 0.004175 0.024119
6 0.471294 0.182282 0.021921 0.075139
3 0.424582 0.245826 0.019311 0.037106
3 0.421451 0.334879 0.020355 0.051948
3 0.441806 0.481911 0.022443 0.049165
3 0.415710 0.731911 0.032881 0.092764
0 0.633873 0.922078 0.009916 0.038961
0 0.622651 0.780612 0.011482 0.034323
0 0.627349 0.709647 0.010438 0.037106
6 0.624217 0.934601 0.039666 0.047310
0 0.900313 0.176716 0.005219 0.021336
0 0.892484 0.175788 0.005219 0.019481
0 0.881263 0.218460 0.003653 0.021336
0 0.866388 0.219388 0.005219 0.015770
0 0.871086 0.218460 0.005219 0.019481
8 0.830115 0.192950 0.071503 0.050093
5 0.740605 0.185065 0.038622 0.028757
0 0.650835 0.193878 0.006263 0.022263
9 0.670668 0.143321 0.009395 0.021336
0 0.649530 0.077922 0.004697 0.014842
6 0.632829 0.077922 0.016180 0.020408
3 0.641180 0.180427 0.027662 0.023191
3 0.633873 0.166512 0.027662 0.025046
7 0.632829 0.154917 0.019311 0.022263
7 0.629436 0.142857 0.020877 0.025974
3 0.622390 0.121058 0.026618 0.023191
3 0.619781 0.114100 0.023486 0.020408
3 0.617432 0.101577 0.021921 0.023191
3 0.585856 0.080241 0.020355 0.023191
3 0.588727 0.172542 0.027140 0.024119
3 0.579332 0.164657 0.027140 0.023191
3 0.574374 0.149814 0.026618 0.028757
3 0.571764 0.128015 0.023486 0.020408
3 0.568372 0.121521 0.021921 0.022263
3 0.569154 0.106215 0.023486 0.023191
3 0.561848 0.062616 0.013048 0.015770
9 0.540710 0.050557 0.004175 0.012059
1 0.540449 0.046846 0.003653 0.012059
3 0.555585 0.027365 0.019311 0.015770
3 0.555063 0.019944 0.017223 0.013915
3 0.601253 0.035250 0.021921 0.020408
3 0.596294 0.026902 0.019311 0.014842
