3 0.491786 0.560000 0.022143 0.064762
3 0.559286 0.347619 0.014286 0.030476
3 0.521429 0.333333 0.015714 0.038095
3 0.511429 0.265238 0.014286 0.035238
3 0.540000 0.217619 0.011429 0.021905
8 0.536786 0.501905 0.032143 0.120000
3 0.483571 0.430476 0.017143 0.043810
3 0.482500 0.380476 0.019286 0.050476
3 0.481429 0.324286 0.018571 0.039048
3 0.479643 0.291905 0.017857 0.029524
3 0.479643 0.259524 0.013571 0.035238
3 0.478929 0.164762 0.013571 0.026667
3 0.479643 0.139048 0.012143 0.026667
3 0.479286 0.110000 0.011429 0.021905
3 0.477857 0.210476 0.012857 0.024762
3 0.478929 0.187143 0.013571 0.020000
3 0.476429 0.024762 0.010000 0.015238
3 0.474643 0.040476 0.010714 0.014286
3 0.478571 0.077619 0.011429 0.023810
3 0.538929 0.068095 0.020714 0.016190
3 0.528929 0.024286 0.007857 0.012381
3 0.525714 0.007619 0.008571 0.013333
3 0.530714 0.035714 0.007143 0.010476
3 0.477857 0.003333 0.007143 0.006667
3 0.501786 0.055714 0.007857 0.016190
3 0.522857 0.098095 0.010000 0.015238
3 0.531429 0.147143 0.011429 0.016190
3 0.502857 0.157619 0.011429 0.029524
3 0.492857 0.082381 0.005714 0.016190
0 0.442143 0.037619 0.002857 0.010476
0 0.436071 0.037143 0.002143 0.011429
0 0.447143 0.108095 0.004286 0.012381
0 0.505714 0.080952 0.002857 0.011429
0 0.415000 0.204762 0.002857 0.011429
9 0.489286 0.040476 0.002857 0.014286
9 0.495714 0.040476 0.002857 0.010476
9 0.492500 0.102857 0.003571 0.013333
9 0.518929 0.064286 0.005000 0.012381
9 0.546071 0.146667 0.003571 0.011429
0 0.553929 0.013333 0.002143 0.009524
0 0.560714 0.018095 0.002857 0.009524
0 0.580000 0.040476 0.002857 0.008571
0 0.415714 0.226667 0.002857 0.011429
9 0.578571 0.408095 0.005714 0.018095
9 0.650000 0.810000 0.011429 0.031429
4 0.682857 0.405714 0.021429 0.047619
3 0.750000 0.354286 0.025714 0.045714
3 0.603929 0.203333 0.005000 0.014286
3 0.656071 0.280000 0.017857 0.030476
0 0.589643 0.103810 0.003571 0.013333
0 0.583571 0.109048 0.004286 0.014286
0 0.574643 0.105238 0.003571 0.014286
0 0.578214 0.107619 0.003571 0.013333
3 0.589643 0.066667 0.019286 0.019048
3 0.783571 0.641905 0.065714 0.051429
3 0.762500 0.584286 0.055000 0.042857
3 0.866429 0.450000 0.040000 0.077143
3 0.800714 0.420000 0.031429 0.049524
4 0.786786 0.355714 0.026429 0.046667
3 0.835714 0.358095 0.025714 0.041905
3 0.808929 0.348571 0.027857 0.051429
3 0.983571 0.454286 0.031429 0.051429
3 0.793571 0.541905 0.057143 0.041905
1 0.488929 0.037619 0.002143 0.006667
1 0.518571 0.060952 0.004286 0.007619
1 0.492500 0.100000 0.002143 0.007619
1 0.546429 0.144762 0.002857 0.007619
1 0.495357 0.039048 0.002143 0.007619
1 0.579286 0.403810 0.004286 0.011429
1 0.650714 0.802381 0.007143 0.018095
