8 0.485714 0.955584 0.025714 0.086294
3 0.300000 0.894670 0.038571 0.058376
3 0.357500 0.796320 0.030714 0.054569
3 0.467500 0.778553 0.016429 0.057107
8 0.417500 0.560914 0.035000 0.121827
2 0.270714 0.772843 0.010000 0.020305
1 0.268571 0.768401 0.007143 0.019036
9 0.501071 0.645939 0.007857 0.032995
1 0.501429 0.641497 0.007143 0.021574
4 0.555000 0.632614 0.014286 0.052030
5 0.552857 0.588198 0.018571 0.057107
3 0.525714 0.562817 0.014286 0.046954
3 0.552500 0.539340 0.012143 0.040609
3 0.503214 0.510152 0.012143 0.032995
3 0.531429 0.473985 0.012857 0.034264
4 0.548214 0.327411 0.012143 0.035533
3 0.503214 0.276650 0.010714 0.022843
3 0.530714 0.269036 0.011429 0.025381
8 0.488571 0.235406 0.015714 0.039340
5 0.550000 0.187817 0.014286 0.043147
3 0.577143 0.169416 0.010000 0.026650
0 0.624286 0.218909 0.004286 0.013959
3 0.949643 0.465736 0.029286 0.025381
3 0.892857 0.427665 0.031429 0.025381
3 0.926786 0.432741 0.033571 0.030457
3 0.960000 0.440355 0.028571 0.022843
3 0.991071 0.446066 0.017857 0.021574
0 0.960714 0.325508 0.005714 0.016497
0 0.678214 0.503173 0.005000 0.019036
0 0.687143 0.444797 0.005714 0.019036
3 0.521786 0.162437 0.010714 0.022843
3 0.531429 0.123731 0.010000 0.019036
3 0.540357 0.095178 0.009286 0.017766
3 0.529286 0.089467 0.008571 0.016497
3 0.546786 0.072335 0.009286 0.015228
3 0.537500 0.063452 0.009286 0.015228
3 0.543571 0.042513 0.008571 0.016497
3 0.553214 0.043782 0.009286 0.016497
4 0.557857 0.024112 0.008571 0.017766
3 0.547857 0.019036 0.008571 0.015228
4 0.571429 0.006980 0.008571 0.013959
0 0.318571 0.319797 0.004286 0.017766
