3 0.890357 0.247462 0.050714 0.086294
3 0.966429 0.126269 0.050000 0.095178
5 0.802143 0.124365 0.074286 0.164975
1 0.544286 0.711294 0.017143 0.026650
1 0.556071 0.704315 0.015000 0.022843
0 0.436071 0.624365 0.015000 0.022843
0 0.437857 0.647208 0.015714 0.027919
0 0.462857 0.548223 0.012857 0.032995
0 0.425000 0.519036 0.008571 0.030457
0 0.426071 0.523477 0.007857 0.029188
0 0.435357 0.510787 0.006429 0.029188
0 0.454286 0.485406 0.010000 0.034264
0 0.705000 0.586294 0.008571 0.032995
0 0.475357 0.369924 0.009286 0.019036
0 0.475000 0.358503 0.008571 0.019036
0 0.597143 0.233503 0.007143 0.030457
0 0.602143 0.257614 0.005714 0.015228
1 0.588214 0.090102 0.015000 0.015228
0 0.589643 0.076777 0.003571 0.016497
0 0.593571 0.074239 0.007143 0.026650
0 0.602857 0.073604 0.007143 0.025381
0 0.595000 0.041878 0.008571 0.027919
0 0.583214 0.041878 0.007857 0.025381
0 0.543929 0.109772 0.006429 0.034264
0 0.413929 0.192893 0.006429 0.030457
0 0.436071 0.157360 0.006429 0.030457
0 0.444286 0.121193 0.008571 0.031726
0 0.412143 0.015228 0.007143 0.027919
0 0.453571 0.020305 0.008571 0.017766
0 0.523929 0.060914 0.003571 0.012690
0 0.523214 0.077411 0.003571 0.012690
0 0.528571 0.053299 0.004286 0.022843
0 0.521786 0.045051 0.005000 0.016497
0 0.527500 0.028553 0.005000 0.026650
0 0.515357 0.036802 0.003571 0.017766
0 0.520357 0.016497 0.006429 0.015228
0 0.539643 0.211929 0.005000 0.027919
0 0.543929 0.208756 0.005000 0.024112
0 0.545000 0.218909 0.004286 0.021574
0 0.548214 0.228426 0.007857 0.032995
0 0.725000 0.570431 0.010000 0.026650
0 0.728929 0.583756 0.016429 0.030457
0 0.596786 0.022208 0.005000 0.019036
0 0.602143 0.027284 0.008571 0.024112
