3 0.182500 0.730476 0.142143 0.280000
0 0.316071 0.637143 0.025000 0.093333
0 0.354643 0.657619 0.040714 0.109524
3 0.581071 0.868095 0.186429 0.263810
4 0.879643 0.689524 0.182143 0.245714
3 0.742143 0.469048 0.142857 0.160952
3 0.579286 0.239524 0.081429 0.079048
3 0.447500 0.262857 0.077857 0.085714
3 0.256429 0.383333 0.071429 0.128571
4 0.147857 0.303333 0.117143 0.090476
3 0.126071 0.285714 0.143571 0.078095
3 0.136786 0.212857 0.117857 0.073333
3 0.115000 0.141429 0.102857 0.058095
3 0.302857 0.087619 0.050000 0.051429
3 0.486786 0.134286 0.063571 0.066667
3 0.454643 0.089524 0.042143 0.051429
3 0.398571 0.022381 0.068571 0.042857
3 0.224286 0.025238 0.060000 0.048571
4 0.163571 0.016667 0.050000 0.033333
4 0.027143 0.030952 0.052857 0.042857
3 0.136786 0.065714 0.042143 0.045714
