5 0.271786 0.024762 0.042143 0.047619
3 0.264286 0.064286 0.044286 0.063810
3 0.256786 0.122381 0.037857 0.073333
3 0.245714 0.189048 0.038571 0.075238
3 0.231786 0.270952 0.043571 0.088571
3 0.222857 0.373810 0.060000 0.109524
3 0.206071 0.511429 0.067857 0.144762
3 0.172143 0.700952 0.085714 0.188571
3 0.139643 0.940952 0.092143 0.110476
3 0.083571 0.383810 0.065714 0.116190
3 0.347500 0.194762 0.045000 0.086667
3 0.629643 0.719524 0.099286 0.189524
9 0.508929 0.037619 0.015000 0.025714
3 0.605714 0.344762 0.047143 0.093333
1 0.510357 0.016667 0.009286 0.016190
1 0.507143 0.023333 0.008571 0.020000
0 0.503571 0.239048 0.017143 0.047619
0 0.544286 0.281905 0.017143 0.055238
3 0.551429 0.013333 0.031429 0.026667
3 0.591429 0.008095 0.034286 0.016190
4 0.546071 0.085238 0.042143 0.058095
3 0.570714 0.060952 0.037143 0.045714
4 0.592857 0.102857 0.041429 0.064762
3 0.617857 0.176190 0.050000 0.074286
3 0.547143 0.155714 0.050000 0.060000
3 0.612857 0.036667 0.038571 0.042857
3 0.691071 0.163810 0.049286 0.072381
3 0.733571 0.250952 0.064286 0.080952
5 0.651071 0.074762 0.057857 0.077143
9 0.723571 0.052857 0.018571 0.023810
9 0.721071 0.035238 0.019286 0.017143
3 0.657143 0.299048 0.055714 0.093333
3 0.813929 0.197143 0.069286 0.072381
0 0.800357 0.267143 0.015000 0.046667
0 0.785714 0.270000 0.017143 0.042857
9 0.915357 0.324762 0.040714 0.040000
9 0.912143 0.299048 0.031429 0.036190
9 0.956429 0.372381 0.085714 0.074286
3 0.813571 0.422381 0.074286 0.098095
3 0.704286 0.458095 0.081429 0.118095
3 0.757500 0.436667 0.080714 0.113333
9 0.816429 0.705238 0.018571 0.067619
1 0.822500 0.688571 0.019286 0.043810
3 0.934643 0.934762 0.129286 0.130476
3 0.957500 0.849524 0.083571 0.203810
