0 0.203571 0.777619 0.065714 0.088571
0 0.897500 0.921429 0.077857 0.082857
1 0.920357 0.875238 0.046429 0.089524
2 0.915000 0.888571 0.111429 0.068571
1 0.236786 0.362857 0.046429 0.072381
2 0.242500 0.375238 0.066429 0.062857
2 0.210714 0.182381 0.030000 0.052381
2 0.704643 0.125714 0.047857 0.043810
2 0.813571 0.134286 0.044286 0.038095
2 0.530714 0.016667 0.034286 0.033333
2 0.422500 0.043810 0.039286 0.036190
0 0.469286 0.827143 0.037143 0.069524
0 0.471071 0.790000 0.027857 0.067619
1 0.207857 0.158571 0.028571 0.061905
1 0.418929 0.031429 0.025000 0.053333
1 0.502500 0.043333 0.020714 0.050476
1 0.709643 0.116667 0.020714 0.050476
1 0.820000 0.122381 0.025714 0.052381
3 0.131071 0.311905 0.133571 0.136190
3 0.767857 0.238571 0.137143 0.159048
3 0.810357 0.194762 0.132143 0.096190
3 0.928929 0.405238 0.142143 0.140000
3 0.937500 0.301429 0.123571 0.132381
3 0.037143 0.206667 0.072857 0.108571
0 0.472857 0.025238 0.014286 0.050476
9 0.500000 0.056667 0.042857 0.039048
0 0.611071 0.030476 0.017857 0.057143
0 0.667857 0.029524 0.020000 0.053333
0 0.688214 0.045238 0.017857 0.060000
0 0.711429 0.071429 0.021429 0.055238
0 0.702143 0.070000 0.015714 0.039048
0 0.772500 0.080476 0.020714 0.054286
0 0.786429 0.017619 0.020000 0.035238
0 0.851071 0.119048 0.025000 0.060952
0 0.858929 0.105238 0.022143 0.054286
0 0.815357 0.095714 0.027857 0.054286
0 0.810000 0.090476 0.030000 0.055238
0 0.971071 0.022857 0.025000 0.045714
