3 0.326786 0.970178 0.032143 0.057107
3 0.453214 0.964467 0.025000 0.068528
3 0.330714 0.762056 0.025714 0.074873
3 0.365000 0.572970 0.024286 0.057107
3 0.347857 0.481599 0.020000 0.046954
3 0.679286 0.753807 0.042857 0.076142
3 0.356071 0.112310 0.013571 0.029188
3 0.374643 0.094543 0.012143 0.026650
3 0.446786 0.098350 0.010714 0.034264
3 0.358214 0.048858 0.010714 0.024112
3 0.374643 0.031726 0.009286 0.022843
3 0.389643 0.011421 0.009286 0.017766
3 0.301786 0.066624 0.012143 0.029188
3 0.238214 0.153553 0.016429 0.027919
0 0.157857 0.291878 0.007143 0.027919
8 0.371786 0.354695 0.025000 0.079949
5 0.389286 0.170051 0.017143 0.055838
4 0.498571 0.486675 0.031429 0.082487
3 0.010000 0.099619 0.020000 0.031726
3 0.153214 0.128807 0.026429 0.031726
3 0.141429 0.212563 0.024286 0.029188
5 0.190000 0.077411 0.037143 0.038071
3 0.221429 0.061548 0.024286 0.029188
4 0.246429 0.044416 0.022857 0.030457
3 0.143571 0.086929 0.017143 0.021574
3 0.150357 0.048223 0.016429 0.015228
3 0.180714 0.039975 0.017143 0.016497
3 0.196071 0.021574 0.015000 0.015228
3 0.198929 0.031726 0.016429 0.017766
3 0.176071 0.034898 0.017857 0.021574
3 0.125714 0.064721 0.018571 0.022843
3 0.146429 0.065990 0.020000 0.020305
3 0.201429 0.048858 0.017143 0.016497
3 0.235357 0.028553 0.016429 0.019036
3 0.243929 0.024746 0.020714 0.021574
3 0.159643 0.074873 0.017857 0.020305
3 0.169643 0.064721 0.016429 0.020305
0 0.266429 0.023477 0.005714 0.013959
