3 0.578571 0.579048 0.027143 0.055238
3 0.595000 0.474762 0.022857 0.054286
0 0.392143 0.007619 0.002857 0.009524
0 0.388214 0.007143 0.003571 0.008571
9 0.455357 0.106667 0.005000 0.020952
1 0.455714 0.101429 0.004286 0.006667
0 0.381429 0.111905 0.002857 0.010476
0 0.378571 0.113810 0.002857 0.012381
9 0.384643 0.020476 0.007857 0.006667
0 0.378214 0.029048 0.002143 0.006667
0 0.381786 0.032857 0.002143 0.008571
3 0.454643 0.018571 0.009286 0.016190
3 0.528571 0.005238 0.017143 0.010476
3 0.528571 0.015714 0.022857 0.012381
3 0.533571 0.035238 0.022857 0.011429
3 0.537500 0.044286 0.020714 0.010476
3 0.539286 0.053333 0.021429 0.011429
0 0.550714 0.026190 0.002857 0.008571
4 0.573929 0.055714 0.009286 0.014286
3 0.568929 0.112857 0.012143 0.018095
3 0.570357 0.132857 0.027857 0.018095
3 0.604286 0.124762 0.011429 0.017143
0 0.593571 0.077143 0.004286 0.011429
0 0.600000 0.106667 0.002857 0.011429
3 0.579643 0.175714 0.030714 0.020000
9 0.622500 0.166190 0.013571 0.008571
3 0.611429 0.258571 0.032857 0.039048
3 0.715714 0.532857 0.058571 0.046667
3 0.694643 0.486190 0.052143 0.044762
3 0.681429 0.452857 0.045714 0.039048
3 0.676786 0.420000 0.045000 0.032381
9 0.756071 0.463333 0.023571 0.044762
3 0.655714 0.354762 0.042857 0.031429
3 0.667500 0.390000 0.040714 0.029524
3 0.641786 0.321429 0.032143 0.027619
9 0.627500 0.186667 0.019286 0.013333
3 0.896071 0.612857 0.056429 0.042857
3 0.869643 0.588095 0.050714 0.033333
4 0.896429 0.818095 0.092857 0.089524
