5 0.130714 0.520305 0.042857 0.032995
5 0.247143 0.494289 0.041429 0.036802
4 0.410714 0.940990 0.024286 0.100254
4 0.414286 0.751904 0.021429 0.069797
3 0.486429 0.820431 0.027143 0.049492
8 0.516786 0.582487 0.067857 0.076142
3 0.528214 0.528553 0.032143 0.021574
4 0.487143 0.387056 0.015714 0.038071
3 0.463571 0.301396 0.014286 0.021574
3 0.463214 0.258883 0.012143 0.020305
3 0.508571 0.234137 0.012857 0.016497
4 0.480000 0.208756 0.011429 0.021574
3 0.550357 0.148477 0.007857 0.017766
3 0.499643 0.201777 0.012143 0.020305
3 0.520000 0.147208 0.011429 0.020305
3 0.528929 0.100254 0.009286 0.015228
3 0.532143 0.120558 0.011429 0.012690
3 0.551786 0.068528 0.007857 0.012690
3 0.575357 0.039340 0.009286 0.012690
5 0.588929 0.026015 0.010714 0.013959
8 0.336071 0.308376 0.029286 0.032995
5 0.368571 0.286802 0.038571 0.043147
9 0.505357 0.488579 0.016429 0.017766
8 0.349643 0.649746 0.056429 0.109137
