3 0.723571 0.865482 0.028571 0.076142
3 0.723571 0.519670 0.015714 0.034264
3 0.721786 0.477157 0.013571 0.030457
3 0.716071 0.408629 0.010714 0.022843
3 0.670000 0.414340 0.012857 0.021574
3 0.657857 0.531726 0.015714 0.025381
3 0.706071 0.321701 0.009286 0.019036
3 0.715000 0.283629 0.008571 0.013959
3 0.700714 0.270939 0.007143 0.013959
3 0.711786 0.259518 0.006429 0.013959
3 0.700714 0.254442 0.007143 0.011421
3 0.711071 0.240482 0.007857 0.011421
3 0.747143 0.217005 0.007143 0.010152
3 0.792500 0.208122 0.009286 0.010152
3 0.737857 0.211929 0.010000 0.010152
3 0.773214 0.201777 0.009286 0.010152
3 0.803929 0.193528 0.010714 0.011421
3 0.821071 0.192259 0.007857 0.011421
4 0.702500 0.288706 0.009286 0.019036
3 0.669643 0.260787 0.006429 0.013959
3 0.687143 0.245558 0.007143 0.013959
3 0.700000 0.229061 0.007143 0.008883
3 0.756071 0.201777 0.009286 0.010152
3 0.835000 0.187183 0.010000 0.011421
3 0.893214 0.180203 0.007857 0.010152
3 0.877500 0.178299 0.006429 0.011421
3 0.868214 0.182107 0.006429 0.011421
3 0.622500 0.427030 0.009286 0.019036
3 0.624286 0.409264 0.008571 0.013959
3 0.625000 0.399112 0.007143 0.013959
3 0.618929 0.368020 0.009286 0.015228
3 0.493571 0.491117 0.025714 0.017766
3 0.495000 0.484772 0.022857 0.017766
5 0.503929 0.432107 0.027857 0.029188
5 0.752857 0.500635 0.028571 0.087563
5 0.679643 0.314721 0.013571 0.035533
5 0.665000 0.313452 0.011429 0.030457
8 0.664643 0.343274 0.013571 0.054569
8 0.792500 0.402919 0.017857 0.041878
3 0.588929 0.417513 0.009286 0.020305
4 0.426429 0.326142 0.017143 0.015228
3 0.447500 0.321066 0.010714 0.010152
3 0.451786 0.315990 0.013571 0.010152
3 0.457500 0.311548 0.013571 0.011421
3 0.483571 0.418147 0.012857 0.021574
3 0.389286 0.382614 0.012857 0.019036
9 0.650714 0.628807 0.008571 0.026650
9 0.738571 0.429569 0.005714 0.016497
9 0.716429 0.380711 0.005714 0.017766
3 0.772143 0.435279 0.011429 0.020305
