6 0.406837 0.866883 0.018267 0.038033
6 0.536534 0.762523 0.016701 0.044527
6 0.431367 0.665121 0.013048 0.038961
9 0.433455 0.687848 0.010960 0.023191
7 0.451461 0.683673 0.029228 0.035250
7 0.567328 0.876160 0.016701 0.051020
7 0.551931 0.696197 0.015136 0.039889
7 0.528445 0.629870 0.024530 0.031540
7 0.512265 0.568182 0.009916 0.030612
0 0.530793 0.694341 0.006263 0.030612
1 0.526879 0.931818 0.013048 0.028757
1 0.539405 0.903989 0.008873 0.019481
7 0.544624 0.916512 0.008873 0.031540
9 0.529228 0.832560 0.009395 0.030612
0 0.588466 0.881262 0.006785 0.033395
1 0.556628 0.602505 0.006785 0.017625
1 0.569415 0.592301 0.006263 0.015770
1 0.526357 0.573284 0.006785 0.012987
1 0.526879 0.566790 0.006785 0.012987
1 0.539144 0.537106 0.006263 0.018553
1 0.549061 0.531540 0.005219 0.016698
1 0.531054 0.550557 0.004697 0.012059
1 0.528967 0.543135 0.004697 0.010204
1 0.526879 0.501391 0.005741 0.017625
1 0.513570 0.488868 0.007307 0.016698
1 0.524008 0.656772 0.006263 0.014842
1 0.525574 0.648887 0.007307 0.013915
6 0.538622 0.596475 0.009395 0.031540
6 0.567328 0.593228 0.015658 0.028757
6 0.499739 0.557978 0.010960 0.030612
9 0.539666 0.540816 0.006263 0.016698
9 0.549322 0.536178 0.005741 0.018553
9 0.516180 0.510204 0.009395 0.018553
9 0.527662 0.505566 0.009395 0.016698
7 0.470511 0.496753 0.014092 0.023191
7 0.465553 0.459647 0.014614 0.021336
9 0.539144 0.473562 0.006263 0.017625
4 0.532098 0.419759 0.012004 0.032468
3 0.551670 0.370130 0.011482 0.022263
3 0.549061 0.355288 0.010438 0.020408
6 0.524791 0.349722 0.005741 0.016698
6 0.521399 0.405844 0.007307 0.017625
6 0.509395 0.402134 0.011482 0.015770
7 0.536273 0.404917 0.008873 0.023191
7 0.543058 0.392857 0.009916 0.019481
7 0.515658 0.376623 0.008351 0.018553
7 0.501044 0.371521 0.015658 0.021336
7 0.534186 0.201763 0.005741 0.012059
1 0.524791 0.345547 0.004697 0.010204
0 0.524269 0.400278 0.003653 0.017625
0 0.521921 0.397495 0.004175 0.015770
0 0.516441 0.400742 0.003653 0.016698
9 0.521138 0.398887 0.004697 0.011132
6 0.552975 0.387755 0.012004 0.009276
6 0.554280 0.394249 0.008351 0.012987
9 0.566284 0.391929 0.009395 0.012059
9 0.561848 0.401670 0.010960 0.011132
2 0.555324 0.403061 0.005219 0.010204
2 0.559238 0.404453 0.005741 0.014842
1 0.551409 0.414657 0.004697 0.011132
1 0.557933 0.416512 0.004175 0.011132
6 0.558716 0.422542 0.014092 0.017625
1 0.516962 0.416048 0.003653 0.012059
2 0.516962 0.416976 0.008873 0.010204
0 0.453027 0.422078 0.006263 0.018553
1 0.548278 0.411874 0.003653 0.012987
1 0.545668 0.414193 0.004697 0.012059
6 0.479384 0.415584 0.009916 0.024119
6 0.571503 0.453618 0.012526 0.031540
