6 0.951200 0.395176 0.031837 0.044527
3 0.704593 0.422542 0.038622 0.058442
3 0.672234 0.445733 0.037578 0.067718
3 0.602296 0.482839 0.051148 0.056586
3 0.575939 0.505566 0.038100 0.055659
3 0.534186 0.525974 0.044363 0.057514
6 0.506002 0.563544 0.012004 0.028757
6 0.513048 0.540816 0.018789 0.018553
6 0.518006 0.559369 0.016180 0.020408
3 0.451722 0.577922 0.041232 0.070501
1 0.400574 0.580705 0.007829 0.018553
1 0.412056 0.614564 0.007829 0.015770
1 0.417015 0.593692 0.008351 0.022263
1 0.395094 0.616883 0.008351 0.020408
1 0.396660 0.617347 0.004175 0.010204
1 0.406837 0.598330 0.006785 0.016698
1 0.396921 0.596475 0.007829 0.012987
1 0.408925 0.585807 0.006785 0.019481
3 0.368737 0.626160 0.031837 0.077922
3 0.339248 0.647032 0.035491 0.082560
9 0.229906 0.670686 0.022443 0.025974
3 0.110125 0.791280 0.049061 0.070501
3 0.443372 0.878479 0.057933 0.077922
3 0.446242 0.973098 0.062630 0.051948
3 0.288883 0.908163 0.068372 0.064935
3 0.293319 0.969852 0.063674 0.058442
