3 0.544643 0.360952 0.003571 0.005714
3 0.558214 0.361905 0.005000 0.005714
3 0.565357 0.364762 0.005000 0.007619
3 0.562143 0.376190 0.004286 0.005714
3 0.568929 0.382381 0.005000 0.008571
3 0.580000 0.372857 0.005714 0.008571
3 0.577143 0.390476 0.005714 0.007619
3 0.590000 0.388095 0.005714 0.008571
3 0.578571 0.417143 0.007143 0.009524
3 0.546786 0.422857 0.006429 0.007619
3 0.606786 0.406667 0.007857 0.009524
3 0.600357 0.421905 0.007857 0.009524
3 0.627857 0.421429 0.010000 0.010476
4 0.625714 0.437619 0.010000 0.012381
3 0.525000 0.435238 0.004286 0.007619
0 0.508929 0.437619 0.003571 0.004762
3 0.539286 0.442381 0.005714 0.008571
3 0.548571 0.440476 0.005714 0.008571
3 0.544286 0.492381 0.007143 0.011429
0 0.512500 0.509048 0.003571 0.006667
0 0.518571 0.510000 0.004286 0.006667
0 0.518214 0.519048 0.005000 0.007619
0 0.513571 0.522857 0.004286 0.007619
3 0.526786 0.525238 0.013571 0.016190
3 0.547500 0.547143 0.009286 0.014286
0 0.514286 0.557619 0.004286 0.008571
3 0.586071 0.516190 0.010714 0.015238
3 0.572857 0.564286 0.011429 0.018095
3 0.553571 0.588571 0.010000 0.019048
3 0.636071 0.461905 0.012143 0.013333
4 0.632500 0.480952 0.010714 0.017143
3 0.620000 0.494762 0.010000 0.014286
3 0.654643 0.479048 0.010714 0.015238
3 0.716429 0.582857 0.020000 0.026667
0 0.458571 0.532857 0.002857 0.004762
0 0.457857 0.583333 0.004286 0.008571
0 0.453571 0.561905 0.004286 0.007619
0 0.451786 0.564286 0.003571 0.006667
0 0.450000 0.562381 0.004286 0.006667
0 0.259643 0.739048 0.003571 0.003810
0 0.257143 0.742381 0.002857 0.004762
0 0.214286 0.782857 0.005714 0.003810
0 0.088214 0.942381 0.005000 0.004762
0 0.137857 0.884286 0.004286 0.004762
0 0.079643 0.956667 0.005000 0.006667
0 0.077857 0.961905 0.002857 0.003810
0 0.075357 0.964762 0.003571 0.005714
0 0.072857 0.968095 0.002857 0.002857
0 0.070714 0.970952 0.005714 0.002857
3 0.563214 0.642857 0.013571 0.026667
0 0.513929 0.654762 0.007857 0.012381
0 0.607500 0.689048 0.020714 0.031429
0 0.574643 0.726190 0.016429 0.035238
3 0.595357 0.731429 0.017857 0.036190
3 0.617143 0.727143 0.018571 0.035238
3 0.603929 0.770952 0.020714 0.042857
3 0.587857 0.821429 0.021429 0.048571
3 0.611786 0.818571 0.022143 0.044762
3 0.620000 0.872857 0.024286 0.052381
3 0.608571 0.944286 0.025714 0.067619
4 0.639286 0.947619 0.028571 0.068571
4 0.627857 0.770476 0.024286 0.041905
4 0.639643 0.817619 0.027857 0.050476
4 0.660357 0.790000 0.027857 0.050476
4 0.676429 0.848571 0.031429 0.059048
4 0.655357 0.882857 0.032143 0.059048
4 0.698929 0.912857 0.036429 0.069524
5 0.668929 0.952857 0.056429 0.094286
3 0.724286 0.980476 0.035714 0.039048
3 0.753929 0.947143 0.045000 0.080952
3 0.881071 0.805714 0.053571 0.066667
3 0.950714 0.791429 0.062857 0.072381
3 0.821786 0.667619 0.037857 0.045714
3 0.739286 0.705238 0.028571 0.040952
3 0.740357 0.653333 0.025000 0.036190
0 0.824286 0.314286 0.005714 0.013333
0 0.800000 0.266667 0.007143 0.011429
3 0.861071 0.278571 0.027857 0.027619
3 0.919286 0.241905 0.030000 0.026667
3 0.802857 0.306190 0.022857 0.025714
3 0.831071 0.250952 0.025000 0.023810
3 0.823214 0.251429 0.022143 0.020952
3 0.816786 0.251905 0.022143 0.020000
3 0.808214 0.252857 0.019286 0.021905
3 0.793571 0.255238 0.018571 0.022857
3 0.789643 0.254286 0.015000 0.015238
4 0.774643 0.258571 0.016429 0.021905
3 0.770000 0.260000 0.015714 0.019048
0 0.760000 0.237619 0.002857 0.006667
0 0.759286 0.238095 0.002857 0.005714
0 0.708929 0.232381 0.003571 0.005714
3 0.765000 0.259048 0.015714 0.019048
3 0.761071 0.255714 0.013571 0.016190
3 0.757143 0.257619 0.012857 0.016190
3 0.750357 0.259524 0.013571 0.016190
3 0.746429 0.259524 0.012857 0.016190
3 0.721786 0.265238 0.009286 0.008571
3 0.791429 0.308095 0.021429 0.023810
3 0.783571 0.308095 0.021429 0.023810
3 0.779643 0.304286 0.022143 0.023810
0 0.641786 0.290952 0.003571 0.006667
3 0.648929 0.270952 0.006429 0.008571
3 0.647500 0.270476 0.007857 0.009524
3 0.645357 0.270476 0.007857 0.009524
3 0.643214 0.270476 0.007857 0.009524
3 0.637857 0.271429 0.007143 0.009524
3 0.633929 0.292857 0.006429 0.008571
3 0.631071 0.295238 0.007857 0.009524
3 0.629643 0.293810 0.009286 0.010476
3 0.627500 0.290952 0.009286 0.010476
0 0.661786 0.375238 0.005000 0.007619
0 0.663214 0.374286 0.003571 0.007619
2 0.660357 0.380952 0.006429 0.005714
1 0.637857 0.378095 0.002857 0.003810
2 0.638214 0.380000 0.005000 0.005714
