3 0.784643 0.821905 0.097857 0.198095
4 0.557500 0.789048 0.119286 0.096190
3 0.513929 0.620000 0.059286 0.144762
3 0.707500 0.489048 0.067857 0.122857
0 0.546786 0.542381 0.019286 0.050476
3 0.661071 0.300000 0.050714 0.083810
3 0.641786 0.226190 0.043571 0.067619
3 0.631786 0.165238 0.039286 0.071429
3 0.498214 0.329524 0.039286 0.081905
3 0.494643 0.195238 0.035000 0.083810
3 0.593214 0.015238 0.029286 0.028571
0 0.472500 0.182381 0.009286 0.033333
0 0.406071 0.147619 0.015000 0.040000
0 0.392143 0.145714 0.014286 0.040000
0 0.443571 0.128095 0.010000 0.039048
6 0.452857 0.104762 0.030000 0.049524
3 0.427143 0.076190 0.062857 0.040000
3 0.403929 0.036190 0.065000 0.038095
3 0.419286 0.015714 0.057143 0.031429
9 0.332500 0.087619 0.012143 0.034286
9 0.350714 0.102857 0.011429 0.030476
0 0.313571 0.196190 0.011429 0.041905
0 0.305714 0.204286 0.012857 0.042857
0 0.298214 0.191905 0.009286 0.035238
9 0.348214 0.171905 0.027857 0.025714
9 0.345357 0.161905 0.029286 0.026667
9 0.320357 0.301905 0.033571 0.032381
9 0.322500 0.288571 0.032143 0.030476
2 0.233571 0.501905 0.044286 0.024762
0 0.358929 0.467143 0.016429 0.042857
3 0.404643 0.731905 0.059286 0.164762
3 0.400357 0.570952 0.055000 0.134286
9 0.245714 0.721905 0.055714 0.034286
9 0.253214 0.694286 0.057857 0.047619
2 0.172500 0.724762 0.025000 0.053333
1 0.240000 0.804762 0.025714 0.036190
