3 0.679286 0.972081 0.054286 0.048223
8 0.748214 0.868020 0.027857 0.093909
3 0.518929 0.980964 0.047857 0.035533
3 0.671786 0.926396 0.045000 0.040609
3 0.668214 0.879442 0.050714 0.043147
4 0.664643 0.833122 0.050714 0.044416
3 0.730357 0.707487 0.026429 0.087563
3 0.711071 0.492386 0.022143 0.068528
3 0.689643 0.497462 0.019286 0.073604
3 0.666429 0.494924 0.018571 0.065990
3 0.645000 0.491751 0.020000 0.069797
3 0.620714 0.493020 0.021429 0.074873
3 0.597857 0.491117 0.020000 0.068528
3 0.575714 0.492386 0.018571 0.073604
3 0.552500 0.479061 0.022143 0.069797
3 0.532500 0.494289 0.017857 0.062183
5 0.436071 0.601523 0.047857 0.116751
3 0.314643 0.909898 0.030714 0.114213
3 0.262500 0.404822 0.022143 0.073604
3 0.337500 0.300761 0.023571 0.071066
3 0.321786 0.143401 0.019286 0.060914
3 0.267500 0.190355 0.023571 0.073604
3 0.302143 0.019670 0.018571 0.039340
