4 0.106429 0.505714 0.042857 0.028571
4 0.594643 0.963810 0.029286 0.072381
4 0.533214 0.019524 0.007857 0.014286
4 0.516429 0.167143 0.008571 0.029524
4 0.515000 0.149524 0.011429 0.022857
4 0.511429 0.053333 0.008571 0.019048
4 0.510714 0.037619 0.010000 0.020000
3 0.580714 0.520476 0.041429 0.025714
3 0.482500 0.503810 0.042143 0.026667
3 0.208929 0.507619 0.042143 0.026667
3 0.014643 0.504286 0.029286 0.023810
3 0.554643 0.402857 0.017857 0.036190
3 0.593929 0.343810 0.015000 0.028571
3 0.523214 0.359048 0.015000 0.030476
3 0.521786 0.261905 0.013571 0.024762
3 0.511786 0.093333 0.009286 0.019048
3 0.513929 0.078571 0.007857 0.021905
3 0.512500 0.069048 0.006429 0.014286
3 0.561429 0.123810 0.018571 0.017143
3 0.557857 0.094762 0.010000 0.016190
3 0.555357 0.080952 0.010714 0.015238
3 0.552857 0.068095 0.011429 0.016190
3 0.534643 0.049048 0.007857 0.020000
0 0.708571 0.968095 0.008571 0.018095
0 0.715714 0.962381 0.008571 0.016190
0 0.723571 0.966190 0.008571 0.018095
0 0.272857 0.436190 0.007143 0.015238
0 0.345714 0.432381 0.008571 0.019048
0 0.539643 0.343333 0.005000 0.018095
0 0.589286 0.251905 0.005714 0.016190
0 0.586071 0.210476 0.002143 0.015238
0 0.588571 0.213810 0.004286 0.008571
0 0.524643 0.112381 0.003571 0.013333
0 0.528571 0.113333 0.004286 0.013333
0 0.542500 0.124286 0.003571 0.014286
0 0.559643 0.155714 0.003571 0.012381
0 0.492143 0.615238 0.007143 0.017143
0 0.476071 0.549048 0.006429 0.016190
9 0.405357 0.489048 0.016429 0.010476
9 0.493929 0.470000 0.017857 0.012381
9 0.508214 0.465714 0.016429 0.011429
9 0.537143 0.462857 0.015714 0.011429
9 0.560000 0.355714 0.005714 0.018095
9 0.596429 0.371905 0.005714 0.014286
9 0.604286 0.404286 0.008571 0.021905
9 0.631071 0.421429 0.009286 0.020000
9 0.647500 0.483333 0.015000 0.014286
9 0.541429 0.444286 0.007143 0.021905
9 0.540000 0.200952 0.005714 0.013333
9 0.555357 0.175714 0.003571 0.010476
9 0.570000 0.172381 0.010000 0.011429
9 0.566071 0.155238 0.007857 0.011429
9 0.569286 0.182857 0.005714 0.013333
9 0.549643 0.145238 0.005000 0.008571
9 0.553929 0.138095 0.003571 0.011429
9 0.551071 0.155714 0.005000 0.010476
9 0.532500 0.150952 0.003571 0.010476
6 0.521429 0.210952 0.010000 0.020000
6 0.520000 0.231905 0.010000 0.020000
6 0.564643 0.136190 0.007857 0.019048
9 0.587857 0.312381 0.012857 0.013333
9 0.590714 0.320476 0.014286 0.012381
2 0.177857 0.464762 0.015714 0.011429
2 0.259643 0.470476 0.015000 0.009524
2 0.273214 0.463333 0.016429 0.008571
2 0.557143 0.450476 0.012857 0.011429
2 0.579643 0.093810 0.009286 0.008571
9 0.523929 0.447143 0.007857 0.023810
9 0.625714 0.632381 0.008571 0.022857
1 0.175714 0.460476 0.008571 0.012381
1 0.257500 0.466190 0.007857 0.014286
1 0.271786 0.459524 0.006429 0.012381
1 0.494286 0.467143 0.005714 0.012381
1 0.503571 0.461429 0.004286 0.012381
1 0.509286 0.464286 0.007143 0.016190
1 0.538214 0.462381 0.006429 0.010476
1 0.556786 0.445714 0.005000 0.011429
1 0.560000 0.351429 0.004286 0.009524
1 0.596429 0.366190 0.004286 0.010476
1 0.541786 0.440476 0.005000 0.016190
1 0.540000 0.195238 0.004286 0.009524
1 0.533214 0.146667 0.003571 0.007619
3 0.515357 0.132857 0.009286 0.020000
5 0.512500 0.113333 0.009286 0.020952
4 0.588571 0.105238 0.021429 0.014286
2 0.457857 0.476667 0.015714 0.010476
1 0.459286 0.475238 0.007143 0.013333
3 0.866786 0.467143 0.042143 0.021905
6 0.786786 0.446190 0.020714 0.018095
7 0.803929 0.441905 0.020714 0.019048
9 0.896429 0.458095 0.014286 0.015238
9 0.907857 0.440000 0.015714 0.015238
9 0.859643 0.447143 0.012143 0.012381
9 0.965714 0.445714 0.015714 0.011429
