0 0.060714 0.192381 0.014286 0.034286
0 0.132500 0.210952 0.012143 0.035238
3 0.078571 0.234286 0.038571 0.051429
3 0.095357 0.286190 0.042143 0.090476
0 0.082500 0.330000 0.016429 0.037143
0 0.067500 0.356190 0.017857 0.040000
3 0.200714 0.016190 0.025714 0.024762
3 0.205357 0.048095 0.025000 0.025714
3 0.230714 0.049048 0.022857 0.027619
3 0.223571 0.064286 0.027143 0.035238
3 0.250357 0.064286 0.030714 0.035238
3 0.277143 0.086190 0.031429 0.039048
3 0.306786 0.072857 0.033571 0.039048
3 0.337500 0.071429 0.033571 0.030476
3 0.360000 0.066667 0.027143 0.036190
3 0.292143 0.133810 0.030000 0.037143
3 0.318571 0.127143 0.031429 0.035238
3 0.338571 0.117619 0.028571 0.033333
3 0.384286 0.217143 0.050000 0.047619
3 0.399643 0.195238 0.047857 0.041905
4 0.441429 0.230952 0.050000 0.061905
3 0.501786 0.287143 0.059286 0.067619
3 0.561429 0.350476 0.065714 0.066667
3 0.337500 0.366190 0.067857 0.054286
3 0.365357 0.424286 0.102143 0.080952
3 0.386786 0.463333 0.112143 0.088571
3 0.551429 0.566667 0.092857 0.112381
3 0.645000 0.475714 0.094286 0.084762
3 0.642857 0.417619 0.084286 0.082857
3 0.735714 0.495238 0.101429 0.112381
3 0.707143 0.739048 0.122857 0.160000
0 0.724286 0.818571 0.028571 0.052381
3 0.863571 0.929048 0.160000 0.141905
0 0.456071 0.933810 0.022143 0.082857
3 0.414286 0.170952 0.041429 0.040952
3 0.453214 0.164286 0.046429 0.037143
9 0.093214 0.904762 0.046429 0.066667
9 0.119286 0.853333 0.058571 0.057143
3 0.743214 0.014286 0.032143 0.020952
3 0.738214 0.036667 0.030714 0.023810
3 0.768571 0.033333 0.014286 0.020952
