3 0.535714 0.560476 0.038571 0.046667
3 0.445357 0.693810 0.040714 0.063810
3 0.350714 0.870000 0.072857 0.115238
3 0.308214 0.612857 0.049286 0.035238
3 0.326429 0.562857 0.050000 0.030476
3 0.671071 0.234286 0.009286 0.011429
3 0.707857 0.265714 0.010000 0.015238
1 0.131071 0.903333 0.015000 0.018095
1 0.142857 0.889048 0.014286 0.020000
1 0.197857 0.802857 0.011429 0.019048
1 0.215357 0.735238 0.012143 0.020952
3 0.745357 0.578095 0.019286 0.034286
0 0.893214 0.969524 0.015000 0.028571
1 0.609286 0.549048 0.008571 0.023810
9 0.608929 0.553810 0.009286 0.021905
9 0.695357 0.407143 0.005000 0.012381
1 0.694643 0.403333 0.005000 0.016190
