3 0.714643 0.037143 0.003571 0.005714
3 0.703214 0.041905 0.003571 0.005714
3 0.710714 0.028095 0.004286 0.002857
3 0.716071 0.023333 0.002143 0.002857
3 0.704643 0.055714 0.005000 0.006667
3 0.719643 0.050952 0.003571 0.006667
3 0.722857 0.042381 0.002857 0.004762
3 0.712500 0.060952 0.005000 0.007619
3 0.716429 0.062857 0.004286 0.005714
3 0.723929 0.056667 0.003571 0.006667
3 0.705357 0.073333 0.003571 0.005714
3 0.735714 0.017143 0.002857 0.003810
3 0.736786 0.024286 0.003571 0.004762
3 0.740000 0.038571 0.004286 0.006667
3 0.751429 0.088095 0.007143 0.010476
3 0.760714 0.065238 0.005714 0.008571
3 0.762143 0.074286 0.007143 0.009524
3 0.763571 0.097143 0.007143 0.011429
3 0.778571 0.112857 0.008571 0.014286
3 0.782500 0.139048 0.010714 0.015238
3 0.694643 0.099524 0.005000 0.008571
3 0.688214 0.129048 0.006429 0.010476
3 0.726071 0.165238 0.010714 0.018095
3 0.688571 0.218571 0.010000 0.016190
3 0.711786 0.254762 0.012143 0.021905
8 0.677857 0.250476 0.021429 0.040000
3 0.617143 0.210476 0.014286 0.017143
3 0.631786 0.231905 0.012143 0.010476
3 0.605357 0.236667 0.012143 0.012381
3 0.678571 0.313810 0.015714 0.025714
3 0.704286 0.352857 0.017143 0.035238
3 0.731071 0.333333 0.017857 0.034286
3 0.730714 0.378095 0.018571 0.036190
3 0.733571 0.415238 0.022857 0.045714
0 0.760357 0.396667 0.012143 0.018095
0 0.749286 0.387619 0.011429 0.020952
3 0.737857 0.467619 0.025714 0.051429
3 0.736429 0.523333 0.030000 0.056190
3 0.641429 0.504762 0.020000 0.045714
3 0.666429 0.524762 0.022857 0.045714
3 0.696071 0.559048 0.026429 0.059048
3 0.661786 0.586190 0.026429 0.058095
3 0.806429 0.332381 0.024286 0.040000
0 0.762857 0.347619 0.010000 0.017143
3 0.862143 0.410476 0.035714 0.051429
3 0.810000 0.536667 0.035714 0.060000
7 0.985714 0.573333 0.028571 0.055238
1 0.983214 0.558571 0.017857 0.021905
3 0.897143 0.673333 0.058571 0.100952
8 0.535714 0.301429 0.011429 0.016190
3 0.542143 0.298571 0.007143 0.010476
3 0.530000 0.309048 0.007143 0.008571
3 0.526429 0.310476 0.007143 0.009524
3 0.461786 0.580476 0.023571 0.023810
3 0.454286 0.605714 0.030000 0.024762
4 0.507500 0.627143 0.029286 0.031429
0 0.471071 0.668095 0.010714 0.014286
0 0.573214 0.729048 0.019286 0.023810
0 0.400714 0.774286 0.014286 0.015238
3 0.400714 0.760952 0.028571 0.026667
3 0.377857 0.721905 0.011429 0.015238
0 0.335714 0.734762 0.008571 0.010476
3 0.324643 0.780476 0.027857 0.050476
3 0.307143 0.793333 0.018571 0.034286
3 0.282500 0.842381 0.023571 0.040952
3 0.274643 0.832381 0.029286 0.036190
3 0.271071 0.809048 0.020714 0.037143
3 0.267143 0.800476 0.022857 0.033333
3 0.256071 0.810476 0.022143 0.036190
3 0.240357 0.826190 0.023571 0.039048
3 0.228929 0.830476 0.020714 0.032381
0 0.232143 0.780000 0.008571 0.011429
3 0.220000 0.799048 0.018571 0.024762
3 0.202857 0.810476 0.018571 0.030476
3 0.190000 0.823333 0.018571 0.029524
3 0.178214 0.827143 0.022143 0.029524
3 0.163214 0.841905 0.020714 0.028571
4 0.177143 0.875714 0.022857 0.033333
4 0.168214 0.882857 0.022143 0.032381
3 0.160000 0.890000 0.017143 0.033333
3 0.152857 0.890476 0.020000 0.034286
3 0.141071 0.900000 0.020714 0.036190
3 0.130000 0.856667 0.018571 0.023810
4 0.124643 0.853810 0.019286 0.021905
0 0.108214 0.880476 0.007857 0.008571
3 0.105000 0.912381 0.018571 0.026667
3 0.100357 0.915238 0.020714 0.028571
3 0.097500 0.914762 0.019286 0.031429
3 0.087143 0.920952 0.014286 0.028571
3 0.083571 0.921429 0.020000 0.027619
3 0.101429 0.894286 0.015714 0.015238
4 0.080714 0.906190 0.020000 0.023810
4 0.073929 0.907619 0.019286 0.024762
3 0.066429 0.914286 0.014286 0.022857
3 0.063214 0.915714 0.017857 0.021905
3 0.058214 0.920476 0.016429 0.025714
3 0.055000 0.920952 0.018571 0.024762
3 0.069643 0.885238 0.015000 0.018095
3 0.079643 0.866667 0.015000 0.017143
3 0.066071 0.866190 0.016429 0.020000
3 0.056071 0.883810 0.015000 0.015238
3 0.051786 0.891429 0.016429 0.019048
3 0.037500 0.916667 0.016429 0.021905
3 0.044286 0.990476 0.022857 0.019048
1 0.472857 0.990000 0.017143 0.016190
9 0.477143 0.987619 0.024286 0.024762
3 0.383214 0.925714 0.042143 0.040000
3 0.398929 0.989524 0.053571 0.020952
