3 0.432857 0.647619 0.032857 0.076190
3 0.672143 0.738571 0.064286 0.101905
3 0.826786 0.963333 0.080714 0.073333
3 0.268929 0.551429 0.067857 0.036190
3 0.275714 0.505238 0.057143 0.035238
3 0.279286 0.480952 0.055714 0.028571
3 0.281429 0.460952 0.051429 0.024762
3 0.289286 0.442857 0.047143 0.032381
3 0.293214 0.411905 0.046429 0.027619
3 0.302143 0.397619 0.047143 0.027619
3 0.304286 0.383333 0.042857 0.029524
3 0.310000 0.368571 0.042857 0.028571
3 0.412500 0.437143 0.022143 0.036190
3 0.579643 0.450952 0.029286 0.037143
3 0.610714 0.588571 0.041429 0.060952
3 0.631429 0.546190 0.042857 0.056190
3 0.539286 0.437619 0.027143 0.037143
3 0.513214 0.357143 0.020714 0.028571
3 0.476786 0.287619 0.016429 0.019048
3 0.415000 0.339524 0.018571 0.025714
3 0.421429 0.154286 0.005714 0.009524
3 0.413929 0.140952 0.005000 0.007619
3 0.320357 0.304286 0.033571 0.016190
3 0.469286 0.132381 0.007143 0.007619
3 0.478214 0.157143 0.009286 0.011429
3 0.418571 0.133333 0.007143 0.007619
3 0.895714 0.888095 0.072857 0.098095
