0 0.477250 0.712667 0.007500 0.025333
0 0.452500 0.709667 0.011000 0.026000
0 0.426000 0.707000 0.007000 0.026000
0 0.447500 0.685333 0.009000 0.029333
0 0.456250 0.613333 0.008500 0.024000
0 0.466250 0.614667 0.006500 0.024000
0 0.528250 0.309667 0.004500 0.018000
0 0.530250 0.313667 0.004500 0.016667
3 0.531250 0.324333 0.042500 0.020667
3 0.374750 0.317667 0.040500 0.024667
3 0.321000 0.319667 0.039000 0.023333
4 0.266000 0.315667 0.038000 0.024667
3 0.204250 0.316000 0.042500 0.024000
2 0.141500 0.283667 0.005000 0.016667
2 0.147500 0.280667 0.007000 0.016000
2 0.164750 0.276667 0.006500 0.014667
2 0.170750 0.274333 0.005500 0.018000
2 0.191000 0.270333 0.008000 0.012667
2 0.193500 0.268333 0.008000 0.016667
2 0.200000 0.266000 0.007000 0.014667
2 0.203500 0.264667 0.005000 0.016000
2 0.207750 0.263000 0.005500 0.015333
2 0.221250 0.259333 0.008500 0.013333
2 0.227000 0.260000 0.008000 0.013333
2 0.231500 0.258000 0.007000 0.012000
2 0.236500 0.255333 0.008000 0.012000
2 0.241250 0.255000 0.007500 0.012667
2 0.247250 0.254000 0.007500 0.012000
2 0.255250 0.250667 0.007500 0.014667
2 0.267500 0.248000 0.007000 0.009333
2 0.269000 0.245333 0.007000 0.012000
2 0.274750 0.244000 0.005500 0.012000
2 0.277000 0.243333 0.007000 0.012000
2 0.284500 0.241000 0.007000 0.012667
2 0.289250 0.239333 0.006500 0.013333
2 0.291750 0.238000 0.005500 0.013333
2 0.298000 0.235333 0.005000 0.012000
2 0.303000 0.235000 0.003000 0.012667
2 0.307750 0.233667 0.004500 0.011333
9 0.259500 0.246667 0.007000 0.017333
9 0.654250 0.238667 0.006500 0.014667
9 0.662000 0.240000 0.008000 0.016000
9 0.673750 0.247000 0.005500 0.015333
9 0.681500 0.249000 0.007000 0.019333
9 0.688750 0.253333 0.008500 0.014667
2 0.694250 0.256667 0.005500 0.014667
2 0.700500 0.258667 0.008000 0.013333
2 0.706000 0.258333 0.005000 0.011333
9 0.712000 0.263000 0.007000 0.011333
9 0.720000 0.268000 0.006000 0.014667
9 0.727250 0.269667 0.007500 0.015333
9 0.737500 0.272667 0.006000 0.013333
0 0.743750 0.273000 0.005500 0.018000
2 0.749250 0.273000 0.004500 0.015333
2 0.753750 0.275000 0.006500 0.014000
2 0.758000 0.282667 0.007000 0.016000
2 0.764250 0.280000 0.005500 0.017333
2 0.769250 0.285667 0.005500 0.018000
2 0.774750 0.284333 0.006500 0.015333
2 0.782500 0.286333 0.005000 0.018000
2 0.794250 0.293667 0.006500 0.016667
2 0.800250 0.293667 0.005500 0.016667
2 0.809000 0.296667 0.010000 0.014667
2 0.815250 0.298000 0.007500 0.016000
2 0.822000 0.300000 0.010000 0.014667
2 0.836000 0.305333 0.007000 0.014667
2 0.847000 0.305333 0.008000 0.017333
0 0.303750 0.306667 0.003500 0.018667
