8 0.234643 0.607234 0.042143 0.074873
4 0.103929 0.161802 0.010714 0.016497
0 0.196786 0.651015 0.003571 0.010152
0 0.255000 0.556472 0.002857 0.013959
0 0.273929 0.532360 0.002143 0.006345
0 0.276429 0.525381 0.002857 0.010152
3 0.232500 0.506980 0.016429 0.019036
4 0.287857 0.451777 0.014286 0.017766
4 0.300000 0.425127 0.014286 0.015228
4 0.355000 0.362310 0.012857 0.019036
4 0.368929 0.360406 0.010714 0.012690
3 0.345714 0.381345 0.014286 0.013959
8 0.360714 0.416878 0.037143 0.057107
0 0.380357 0.379442 0.002143 0.010152
3 0.370714 0.572335 0.012857 0.020305
4 0.387857 0.642132 0.014286 0.032995
8 0.473571 0.623096 0.020000 0.086294
5 0.686786 0.964467 0.019286 0.063452
4 0.723571 0.958122 0.017143 0.048223
4 0.801786 0.808376 0.029286 0.025381
4 0.796071 0.788706 0.030714 0.024112
4 0.795357 0.767766 0.027857 0.025381
4 0.784286 0.722081 0.027143 0.025381
3 0.719286 0.720812 0.011429 0.035533
3 0.702143 0.622462 0.011429 0.029188
3 0.703929 0.566624 0.012143 0.026650
3 0.687857 0.503173 0.011429 0.024112
4 0.756786 0.589467 0.025000 0.021574
4 0.752143 0.566624 0.022857 0.021574
3 0.747500 0.550761 0.020714 0.017766
3 0.744643 0.528553 0.020714 0.016497
4 0.740714 0.504442 0.022857 0.019036
4 0.738571 0.493655 0.022857 0.017766
4 0.733571 0.463198 0.021429 0.017766
3 0.735000 0.482234 0.020000 0.015228
3 0.730714 0.452411 0.020000 0.013959
3 0.727500 0.442893 0.019286 0.012690
4 0.726071 0.431472 0.020714 0.017766
4 0.723571 0.411802 0.021429 0.019036
4 0.711071 0.388325 0.010714 0.022843
4 0.706429 0.363579 0.010000 0.021574
3 0.702500 0.343909 0.007857 0.017766
4 0.698214 0.321066 0.009286 0.022843
4 0.694286 0.300761 0.010000 0.020305
8 0.672500 0.398477 0.017857 0.065990
3 0.677500 0.370558 0.009286 0.020305
3 0.673571 0.345178 0.008571 0.020305
3 0.670357 0.318528 0.006429 0.017766
3 0.664286 0.294416 0.007143 0.015228
3 0.662857 0.275381 0.005714 0.017766
8 0.652143 0.269036 0.012857 0.053299
4 0.597857 0.418147 0.007143 0.021574
4 0.482857 0.401650 0.010000 0.021574
4 0.437143 0.403553 0.011429 0.020305
4 0.420714 0.387056 0.012857 0.015228
4 0.418214 0.362944 0.010714 0.020305
4 0.407143 0.393401 0.011429 0.020305
3 0.421429 0.411802 0.011429 0.019036
3 0.430000 0.361041 0.010000 0.016497
8 0.457500 0.347081 0.015000 0.031726
3 0.451429 0.328680 0.008571 0.015228
4 0.445000 0.321701 0.008571 0.013959
4 0.428571 0.340736 0.010000 0.016497
4 0.437857 0.340102 0.010000 0.017766
3 0.434286 0.321701 0.007143 0.011421
8 0.447857 0.263325 0.028571 0.034264
4 0.492143 0.255076 0.008571 0.015228
3 0.525000 0.256980 0.007143 0.013959
3 0.459286 0.231599 0.007143 0.013959
3 0.480357 0.210025 0.009286 0.011421
3 0.490357 0.226523 0.009286 0.013959
3 0.504643 0.190990 0.007857 0.013959
4 0.503571 0.164975 0.007143 0.015228
3 0.505714 0.143401 0.005714 0.010152
3 0.527500 0.154188 0.006429 0.011421
4 0.528929 0.104695 0.006429 0.011421
4 0.537857 0.116117 0.007143 0.008883
4 0.570714 0.116751 0.007143 0.012690
4 0.562143 0.115482 0.005714 0.012690
3 0.584643 0.098985 0.005000 0.012690
8 0.693571 0.098985 0.021429 0.038071
3 0.616071 0.134518 0.006429 0.012690
3 0.609286 0.105964 0.005714 0.011421
3 0.588214 0.065990 0.005000 0.012690
8 0.571786 0.029822 0.007857 0.016497
3 0.558214 0.049492 0.006429 0.010152
4 0.535357 0.063452 0.006429 0.010152
4 0.546429 0.069797 0.005714 0.010152
8 0.561429 0.063452 0.005714 0.012690
3 0.548929 0.028553 0.005000 0.008883
3 0.558571 0.029822 0.005714 0.008883
3 0.565357 0.008883 0.005000 0.007614
3 0.644643 0.181472 0.006429 0.010152
0 0.566429 0.588832 0.002857 0.010152
0 0.570714 0.567893 0.002857 0.008883
0 0.566786 0.557741 0.002143 0.011421
0 0.574643 0.566624 0.002143 0.008883
0 0.578214 0.498096 0.003571 0.008883
0 0.569643 0.503807 0.002143 0.007614
0 0.572857 0.461929 0.002857 0.007614
3 0.778571 0.244924 0.010000 0.020305
4 0.812143 0.239213 0.014286 0.026650
4 0.835357 0.239213 0.012143 0.021574
3 0.845357 0.239213 0.010714 0.021574
4 0.866786 0.235406 0.015000 0.026650
4 0.878571 0.234137 0.015714 0.024112
4 0.923929 0.230330 0.017857 0.021574
4 0.946429 0.225254 0.014286 0.021574
3 0.957857 0.226523 0.014286 0.024112
3 0.742857 0.357234 0.018571 0.016497
4 0.748214 0.374365 0.019286 0.017766
3 0.776786 0.272208 0.010714 0.021574
3 0.788214 0.270305 0.012143 0.017766
4 0.831786 0.263325 0.013571 0.021574
4 0.897143 0.256980 0.012857 0.024112
3 0.919286 0.254442 0.012857 0.019036
4 0.942500 0.251269 0.013571 0.020305
3 0.931429 0.253173 0.012857 0.019036
4 0.951786 0.253173 0.012143 0.019036
3 0.964643 0.250635 0.015000 0.024112
3 0.944286 0.272843 0.014286 0.022843
4 0.872500 0.281091 0.013571 0.019036
4 0.759286 0.313452 0.012857 0.022843
4 0.758214 0.334391 0.012143 0.021574
4 0.767857 0.333756 0.014286 0.022843
3 0.779643 0.336294 0.010714 0.017766
4 0.790714 0.332487 0.011429 0.020305
4 0.791429 0.310914 0.012857 0.020305
4 0.803571 0.310914 0.011429 0.022843
3 0.773571 0.312183 0.010000 0.020305
3 0.782500 0.312817 0.010714 0.019036
4 0.825714 0.310914 0.012857 0.017766
3 0.834286 0.309645 0.011429 0.017766
4 0.846071 0.307107 0.012143 0.017766
4 0.912500 0.296954 0.015000 0.022843
4 0.945714 0.340102 0.012857 0.020305
4 0.839286 0.349619 0.012857 0.019036
4 0.849643 0.350254 0.010714 0.017766
4 0.818571 0.352157 0.012857 0.019036
4 0.796071 0.354695 0.015000 0.016497
3 0.805714 0.353426 0.014286 0.016497
4 0.015357 0.784264 0.020714 0.027919
