4 0.695000 0.967640 0.024286 0.062183
4 0.747857 0.939721 0.024286 0.090102
4 0.705714 0.868655 0.022857 0.082487
3 0.855357 0.972716 0.053571 0.052030
3 0.852143 0.930838 0.051429 0.054569
5 0.960357 0.755711 0.043571 0.163706
4 0.599286 0.796320 0.021429 0.079949
3 0.683571 0.777919 0.018571 0.073604
8 0.753571 0.749365 0.035714 0.217005
0 0.220714 0.741117 0.008571 0.025381
3 0.272857 0.657995 0.027143 0.057107
0 0.268571 0.472081 0.004286 0.022843
4 0.294286 0.545051 0.024286 0.054569
0 0.136786 0.578680 0.007857 0.027919
0 0.133571 0.489848 0.007143 0.025381
0 0.152143 0.477792 0.007143 0.021574
0 0.140000 0.413071 0.008571 0.021574
0 0.146429 0.414340 0.004286 0.016497
0 0.252857 0.353426 0.005714 0.021574
0 0.204643 0.324239 0.005000 0.021574
0 0.223571 0.332487 0.004286 0.012690
0 0.289286 0.296320 0.004286 0.019036
0 0.293929 0.296320 0.005000 0.021574
0 0.298929 0.257614 0.003571 0.017766
0 0.296071 0.212563 0.005000 0.019036
0 0.296786 0.213198 0.003571 0.017766
8 0.303571 0.427665 0.035714 0.124365
0 0.256429 0.010787 0.004286 0.016497
0 0.236071 0.010152 0.032143 0.020305
0 0.260357 0.013325 0.003571 0.013959
0 0.265000 0.019036 0.002857 0.012690
0 0.266786 0.014594 0.002143 0.013959
0 0.269643 0.020305 0.002143 0.015228
0 0.280714 0.052030 0.002857 0.015228
0 0.284286 0.049492 0.002857 0.012690
0 0.266786 0.053934 0.005000 0.011421
0 0.258214 0.057107 0.005000 0.015228
3 0.298571 0.111675 0.014286 0.022843
3 0.306786 0.136421 0.015000 0.024112
4 0.314286 0.161168 0.014286 0.030457
3 0.318929 0.197335 0.012143 0.024112
3 0.321071 0.228426 0.012143 0.027919
4 0.311786 0.357234 0.016429 0.034264
4 0.317500 0.311548 0.016429 0.036802
3 0.319286 0.267766 0.014286 0.030457
3 0.341786 0.335025 0.015000 0.032995
3 0.348571 0.225888 0.012857 0.025381
3 0.352143 0.124365 0.011429 0.020305
3 0.579286 0.015228 0.012857 0.020305
9 0.630000 0.010152 0.004286 0.012690
1 0.629643 0.006980 0.003571 0.013959
3 0.600357 0.070431 0.012143 0.021574
3 0.642857 0.022843 0.011429 0.017766
4 0.633571 0.044416 0.011429 0.020305
3 0.719643 0.074873 0.012143 0.025381
3 0.635000 0.253173 0.014286 0.029188
3 0.781071 0.014594 0.010714 0.024112
3 0.803571 0.013959 0.010000 0.025381
4 0.740357 0.085025 0.012143 0.027919
4 0.765000 0.083122 0.014286 0.031726
8 0.795714 0.062817 0.021429 0.062183
4 0.758214 0.317893 0.015000 0.039340
3 0.732857 0.371827 0.015714 0.043147
3 0.870714 0.286802 0.015714 0.032995
5 0.903929 0.295051 0.022143 0.054569
3 0.968214 0.439721 0.022143 0.036802
3 0.935000 0.463832 0.020000 0.041878
4 0.883571 0.433376 0.021429 0.046954
4 0.906071 0.446066 0.019286 0.039340
5 0.956429 0.604061 0.038571 0.144670
4 0.873214 0.543782 0.036429 0.054569
4 0.868929 0.577411 0.037857 0.055838
4 0.872857 0.617386 0.040000 0.064721
4 0.872500 0.663071 0.035000 0.059645
3 0.869286 0.703680 0.037143 0.062183
4 0.868929 0.750635 0.046429 0.074873
9 0.856071 0.800127 0.029286 0.034264
9 0.855000 0.823604 0.008571 0.035533
4 0.613929 0.393401 0.016429 0.043147
4 0.633571 0.588198 0.018571 0.049492
4 0.697857 0.504442 0.017143 0.054569
4 0.749286 0.459391 0.017143 0.053299
3 0.533214 0.529822 0.016429 0.044416
3 0.730000 0.541878 0.018571 0.055838
3 0.734643 0.622462 0.017857 0.062183
3 0.747857 0.519670 0.017143 0.044416
3 0.690357 0.683376 0.019286 0.067259
