3 0.698929 0.890863 0.072143 0.058376
3 0.785714 0.593909 0.034286 0.086294
3 0.712500 0.596447 0.026429 0.081218
3 0.679643 0.593909 0.027857 0.086294
3 0.643571 0.599619 0.031429 0.090102
3 0.577143 0.598350 0.030000 0.107868
3 0.406786 0.597716 0.022143 0.091371
3 0.345000 0.597716 0.025714 0.098985
3 0.303571 0.597716 0.027143 0.091371
3 0.238214 0.625000 0.035000 0.110406
3 0.171071 0.604061 0.033571 0.093909
3 0.112857 0.614213 0.031429 0.098985
3 0.037857 0.602792 0.037143 0.088832
3 0.914286 0.601523 0.034286 0.091371
4 0.947857 0.592640 0.032857 0.088832
4 0.983571 0.595178 0.032857 0.093909
0 0.971429 0.982868 0.028571 0.019036
1 0.410000 0.664340 0.011429 0.021574
1 0.381429 0.699873 0.011429 0.021574
9 0.409643 0.664975 0.023571 0.017766
9 0.383214 0.701777 0.023571 0.017766
