3 0.517857 0.755711 0.030000 0.077411
3 0.454643 0.209391 0.013571 0.027919
3 0.446429 0.065990 0.007143 0.017766
3 0.527857 0.059645 0.010000 0.027919
3 0.455714 0.012690 0.008571 0.012690
3 0.585357 0.161802 0.020714 0.019036
3 0.585357 0.151015 0.023571 0.017766
3 0.578214 0.129442 0.019286 0.015228
4 0.583571 0.140863 0.027143 0.017766
4 0.576429 0.116751 0.022857 0.022843
4 0.594643 0.461294 0.016429 0.052030
8 0.379286 0.298858 0.024286 0.105330
8 0.375714 0.373731 0.025714 0.125635
4 0.421429 0.416244 0.014286 0.053299
4 0.530357 0.130711 0.010714 0.025381
0 0.886786 0.923223 0.012143 0.026650
0 0.692143 0.651015 0.008571 0.035533
0 0.674643 0.555838 0.007857 0.027919
0 0.660714 0.493020 0.007143 0.029188
0 0.348214 0.362944 0.005000 0.020305
0 0.360000 0.309645 0.004286 0.017766
0 0.598929 0.151650 0.003571 0.019036
