3 0.270357 0.726190 0.055000 0.130476
3 0.271071 0.581905 0.050714 0.120000
3 0.298929 0.455714 0.050714 0.111429
3 0.402857 0.419048 0.041429 0.095238
3 0.392857 0.103333 0.030000 0.060000
3 0.363929 0.099524 0.030714 0.058095
3 0.345000 0.250000 0.037143 0.077143
3 0.641429 0.338095 0.035714 0.080000
4 0.528214 0.212381 0.025000 0.059048
3 0.528929 0.148571 0.027857 0.057143
1 0.427143 0.099524 0.008571 0.025714
9 0.428214 0.109524 0.007857 0.028571
0 0.373929 0.165238 0.012143 0.033333
0 0.356429 0.140000 0.008571 0.028571
2 0.384286 0.166190 0.017143 0.031429
2 0.370357 0.139524 0.022143 0.027619
0 0.347143 0.034286 0.008571 0.032381
1 0.342143 0.060952 0.010000 0.022857
1 0.491429 0.456667 0.011429 0.031429
2 0.491429 0.465238 0.010000 0.039048
9 0.682857 0.455238 0.028571 0.026667
9 0.654286 0.298095 0.028571 0.022857
9 0.651786 0.289048 0.027857 0.025714
0 0.575357 0.208571 0.010714 0.032381
5 0.532857 0.084286 0.025714 0.073333
4 0.538571 0.037619 0.024286 0.040952
3 0.730357 0.955714 0.125000 0.086667
3 0.730000 0.858571 0.134286 0.096190
3 0.527143 0.864762 0.048571 0.158095
4 0.526071 0.691429 0.040714 0.106667
9 0.737500 0.720000 0.040714 0.038095
9 0.703929 0.696190 0.037857 0.026667
