0 0.177500 0.987944 0.005000 0.021574
0 0.191071 0.988579 0.006429 0.020305
0 0.197143 0.989848 0.004286 0.017766
1 0.212857 0.990482 0.005714 0.016497
3 0.393214 0.713832 0.015000 0.034264
9 0.381071 0.687817 0.005000 0.015228
1 0.381071 0.685279 0.005000 0.017766
4 0.454286 0.664975 0.014286 0.032995
3 0.550000 0.711294 0.012857 0.034264
3 0.440357 0.606599 0.012143 0.025381
3 0.462857 0.534898 0.010000 0.019036
0 0.390000 0.567893 0.002857 0.016497
0 0.394286 0.555838 0.002857 0.012690
0 0.405000 0.513325 0.001429 0.008883
4 0.465714 0.467640 0.010000 0.019036
4 0.467500 0.416244 0.007857 0.015228
3 0.455000 0.426396 0.008571 0.012690
3 0.501786 0.431472 0.007857 0.017766
3 0.487143 0.418147 0.008571 0.016497
4 0.517857 0.423223 0.005714 0.016497
4 0.517143 0.413706 0.007143 0.015228
4 0.515357 0.387690 0.006429 0.013959
3 0.499286 0.377538 0.007143 0.013959
4 0.469643 0.371827 0.007857 0.012690
4 0.461786 0.350888 0.007857 0.013959
3 0.487143 0.359137 0.005714 0.010152
3 0.472857 0.333756 0.005714 0.010152
4 0.473214 0.309645 0.006429 0.010152
4 0.474286 0.295051 0.005714 0.013959
8 0.453929 0.265863 0.009286 0.024112
8 0.449286 0.247462 0.010000 0.020305
8 0.451786 0.217640 0.007857 0.013959
4 0.458929 0.221447 0.005000 0.008883
4 0.461071 0.211929 0.005000 0.007614
4 0.477857 0.238579 0.004286 0.010152
4 0.474286 0.267132 0.004286 0.008883
4 0.537500 0.394670 0.006429 0.010152
4 0.540000 0.416878 0.007143 0.013959
0 0.542143 0.482868 0.002857 0.008883
0 0.573929 0.444162 0.002143 0.010152
0 0.566429 0.463832 0.001429 0.011421
0 0.570000 0.463198 0.002857 0.012690
0 0.581429 0.465736 0.002857 0.012690
0 0.587143 0.442893 0.002857 0.012690
4 0.568571 0.470178 0.018571 0.013959
4 0.575000 0.474619 0.018571 0.015228
4 0.622143 0.449873 0.018571 0.013959
4 0.643929 0.469543 0.019286 0.015228
4 0.597857 0.466371 0.020000 0.016497
8 0.602857 0.468909 0.025714 0.021574
3 0.624643 0.464467 0.016429 0.015228
4 0.651429 0.461294 0.015714 0.013959
4 0.650714 0.418147 0.017143 0.016497
4 0.648214 0.416878 0.016429 0.019036
3 0.667143 0.466371 0.020000 0.013959
3 0.691786 0.426396 0.010714 0.012690
0 0.693214 0.434010 0.002143 0.010152
3 0.703214 0.373096 0.013571 0.010152
3 0.698571 0.406091 0.010000 0.015228
3 0.702143 0.465102 0.020000 0.013959
0 0.725000 0.431472 0.002857 0.010152
0 0.761429 0.427030 0.004286 0.011421
4 0.741071 0.460025 0.015000 0.013959
3 0.766429 0.449873 0.015714 0.013959
4 0.774643 0.456218 0.019286 0.013959
3 0.821429 0.456853 0.020000 0.012690
3 0.818214 0.444797 0.020714 0.013959
3 0.841429 0.430838 0.020000 0.013959
4 0.864286 0.451142 0.020000 0.013959
