3 0.047750 0.125333 0.035500 0.014667
4 0.110000 0.173667 0.028000 0.026000
3 0.053000 0.178000 0.046000 0.017333
3 0.102000 0.196667 0.049000 0.017333
3 0.138750 0.211000 0.057500 0.020667
3 0.105500 0.577667 0.113000 0.068667
4 0.238250 0.497333 0.115500 0.096000
3 0.343250 0.486667 0.093500 0.073333
9 0.156750 0.530333 0.034500 0.039333
2 0.229750 0.454333 0.031500 0.035333
9 0.264000 0.437333 0.034000 0.037333
0 0.235750 0.402000 0.013500 0.042667
3 0.350000 0.445333 0.085000 0.062667
3 0.499000 0.472000 0.089000 0.074667
3 0.463000 0.434667 0.076000 0.064000
3 0.431750 0.403000 0.068500 0.055333
3 0.509250 0.366000 0.062500 0.050667
3 0.530750 0.321000 0.058500 0.046000
3 0.652000 0.289000 0.051000 0.043333
3 0.707500 0.263667 0.038000 0.034000
9 0.721250 0.236000 0.014500 0.009333
2 0.716500 0.240667 0.017000 0.009333
2 0.711000 0.245000 0.018000 0.010000
2 0.777750 0.225667 0.009500 0.018000
2 0.793000 0.200333 0.010000 0.015333
2 0.818000 0.184333 0.008000 0.016667
0 0.869500 0.176667 0.004000 0.014667
2 0.869750 0.184333 0.015500 0.010000
3 0.836000 0.207333 0.053000 0.028000
3 0.853750 0.189000 0.039500 0.022000
3 0.912750 0.219667 0.032500 0.031333
4 0.899750 0.167667 0.033500 0.030000
0 0.927000 0.167667 0.007000 0.019333
4 0.680000 0.409667 0.061000 0.070000
3 0.870750 0.553000 0.079500 0.082000
