9 0.011786 0.418782 0.016429 0.043147
9 0.063929 0.456853 0.015000 0.045685
9 0.090000 0.449873 0.012857 0.049492
9 0.196786 0.375635 0.025000 0.025381
9 0.244643 0.581218 0.013571 0.048223
9 0.243929 0.641497 0.012143 0.046954
9 0.265000 0.486041 0.031429 0.032995
9 0.264286 0.473350 0.024286 0.030457
3 0.037857 0.437817 0.037143 0.098985
3 0.067500 0.595812 0.070714 0.059645
3 0.027857 0.694797 0.055714 0.110406
3 0.051071 0.710025 0.043571 0.097716
4 0.132500 0.506980 0.092143 0.079949
3 0.132857 0.614848 0.035714 0.095178
4 0.167500 0.612310 0.036429 0.100254
4 0.200357 0.596447 0.032143 0.109137
4 0.328571 0.347716 0.060000 0.050761
3 0.324643 0.303934 0.056429 0.052030
4 0.326429 0.265228 0.057143 0.050761
3 0.328571 0.228426 0.048571 0.045685
3 0.325000 0.157995 0.050000 0.046954
3 0.326786 0.123096 0.052143 0.045685
4 0.343214 0.064086 0.022143 0.067259
3 0.272500 0.017132 0.022143 0.034264
0 0.171071 0.371193 0.010714 0.026650
9 0.203929 0.335025 0.027857 0.020305
9 0.205714 0.317259 0.027143 0.015228
1 0.474286 0.019036 0.005714 0.027919
1 0.480714 0.019036 0.005714 0.022843
1 0.489286 0.018401 0.008571 0.024112
1 0.502500 0.016497 0.007857 0.025381
0 0.475714 0.086929 0.004286 0.024112
1 0.490357 0.061548 0.010714 0.016497
1 0.507143 0.168782 0.005714 0.017766
0 0.510357 0.165609 0.003571 0.013959
0 0.525000 0.236041 0.005714 0.017766
0 0.525000 0.260787 0.005714 0.026650
1 0.533214 0.427030 0.005000 0.026650
0 0.626071 0.050761 0.006429 0.020305
0 0.631786 0.048858 0.007857 0.026650
0 0.630714 0.038706 0.005714 0.026650
1 0.649286 0.013325 0.005714 0.016497
0 0.695000 0.084391 0.007143 0.029188
0 0.738929 0.059010 0.005000 0.024112
0 0.581786 0.229061 0.007857 0.013959
0 0.605714 0.234137 0.007143 0.026650
0 0.635357 0.202411 0.005000 0.019036
0 0.641071 0.203046 0.007857 0.027919
1 0.689643 0.264594 0.013571 0.021574
1 0.685357 0.299492 0.012143 0.015228
1 0.693214 0.295685 0.009286 0.022843
0 0.736786 0.362310 0.007857 0.019036
0 0.761429 0.456853 0.008571 0.017766
1 0.792143 0.542513 0.015714 0.024112
1 0.798214 0.550127 0.013571 0.021574
0 0.788571 0.602792 0.008571 0.020305
1 0.750000 0.586294 0.017143 0.015228
1 0.757500 0.613579 0.006429 0.026650
1 0.760357 0.631980 0.012143 0.020305
2 0.568571 0.633249 0.011429 0.022843
1 0.569286 0.625000 0.008571 0.024112
1 0.640357 0.599619 0.006429 0.021574
0 0.691429 0.565990 0.007143 0.012690
0 0.696786 0.558376 0.006429 0.025381
1 0.675714 0.546320 0.007143 0.011421
1 0.591429 0.513959 0.012857 0.012690
0 0.241786 0.961929 0.016429 0.025381
0 0.233214 0.979695 0.015000 0.030457
