3 0.531429 0.524746 0.012857 0.039340
3 0.556786 0.525381 0.015000 0.040609
3 0.500714 0.527919 0.017143 0.038071
3 0.551786 0.470178 0.015000 0.034264
3 0.527143 0.447970 0.012857 0.032995
3 0.530357 0.413706 0.012143 0.032995
4 0.535000 0.305203 0.011429 0.031726
4 0.552500 0.435279 0.013571 0.035533
3 0.531071 0.248731 0.009286 0.030457
3 0.474286 0.160533 0.007143 0.013959
5 0.497500 0.199239 0.009286 0.038071
5 0.504286 0.178299 0.011429 0.031726
3 0.505714 0.161168 0.008571 0.017766
5 0.509286 0.132614 0.011429 0.031726
3 0.523929 0.120558 0.007857 0.020305
0 0.652143 0.647208 0.007143 0.025381
0 0.659643 0.649112 0.006429 0.029188
0 0.655357 0.625000 0.006429 0.026650
0 0.627857 0.602792 0.007143 0.030457
0 0.654643 0.611041 0.005000 0.024112
0 0.660357 0.611041 0.006429 0.026650
0 0.729286 0.637690 0.008571 0.029188
0 0.745357 0.648477 0.006429 0.030457
0 0.763214 0.649112 0.006429 0.026650
0 0.760357 0.645939 0.006429 0.027919
0 0.803929 0.645939 0.006429 0.025381
0 0.797500 0.652284 0.006429 0.030457
0 0.831071 0.651650 0.005000 0.029188
0 0.829643 0.649112 0.006429 0.031726
0 0.771071 0.641497 0.006429 0.031726
0 0.876429 0.654822 0.011429 0.027919
0 0.901429 0.651650 0.007143 0.029188
0 0.907143 0.647208 0.007143 0.025381
0 0.931429 0.651650 0.007143 0.029188
0 0.964643 0.653553 0.006429 0.030457
0 0.978214 0.657995 0.006429 0.029188
0 0.981786 0.651650 0.007857 0.024112
0 0.877857 0.919416 0.012857 0.031726
0 0.874286 0.862944 0.012857 0.035533
0 0.906786 0.871193 0.009286 0.029188
0 0.895000 0.854061 0.011429 0.027919
0 0.866786 0.840736 0.012143 0.029188
0 0.822143 0.896574 0.010000 0.029188
0 0.883214 0.852792 0.006429 0.027919
0 0.888571 0.847081 0.007143 0.031726
0 0.920000 0.869289 0.010000 0.030457
0 0.926786 0.854061 0.007857 0.030457
0 0.853571 0.989848 0.008571 0.017766
0 0.605714 0.949239 0.007143 0.035533
0 0.612143 0.893401 0.008571 0.040609
0 0.618214 0.919416 0.007857 0.039340
0 0.611429 0.621193 0.004286 0.019036
0 0.598571 0.585660 0.005714 0.024112
0 0.632500 0.487944 0.005000 0.021574
0 0.643929 0.489848 0.005000 0.022843
0 0.641071 0.486675 0.005000 0.016497
0 0.635714 0.465102 0.004286 0.019036
0 0.590714 0.605964 0.005714 0.026650
0 0.611786 0.550761 0.005000 0.025381
0 0.630714 0.557107 0.007143 0.027919
0 0.625714 0.555203 0.005714 0.024112
0 0.622857 0.546954 0.004286 0.022843
0 0.618929 0.528553 0.006429 0.024112
0 0.606786 0.534264 0.005000 0.020305
0 0.595714 0.545051 0.005714 0.019036
0 0.590357 0.557741 0.006429 0.029188
0 0.505357 0.578680 0.007857 0.025381
0 0.465000 0.598985 0.004286 0.020305
0 0.628571 0.493655 0.004286 0.017766
0 0.623571 0.496827 0.004286 0.021574
0 0.635000 0.499365 0.004286 0.021574
0 0.641786 0.496827 0.005000 0.024112
0 0.641429 0.461294 0.004286 0.016497
0 0.646071 0.461929 0.006429 0.030457
0 0.623571 0.475254 0.005714 0.024112
0 0.620000 0.477157 0.004286 0.015228
0 0.632857 0.451777 0.002857 0.015228
0 0.635000 0.448604 0.004286 0.019036
0 0.622857 0.454949 0.005714 0.021574
0 0.628214 0.439086 0.005000 0.020305
0 0.621429 0.412437 0.004286 0.017766
0 0.616786 0.427030 0.005000 0.021574
0 0.621786 0.391497 0.002143 0.016497
0 0.615357 0.452411 0.005000 0.019036
0 0.621786 0.439086 0.003571 0.015228
0 0.628929 0.427030 0.003571 0.021574
0 0.626071 0.424492 0.003571 0.019036
0 0.625357 0.388325 0.003571 0.015228
0 0.615714 0.385787 0.004286 0.015228
0 0.615714 0.404188 0.005714 0.026650
0 0.613571 0.394670 0.002857 0.012690
0 0.626071 0.405457 0.003571 0.013959
0 0.631071 0.414975 0.005000 0.012690
0 0.415000 0.376904 0.004286 0.017766
0 0.411429 0.376269 0.004286 0.021574
0 0.395000 0.548858 0.005714 0.024112
0 0.378571 0.579315 0.004286 0.024112
0 0.370714 0.579949 0.008571 0.027919
0 0.364643 0.579949 0.005000 0.025381
0 0.348571 0.583756 0.008571 0.025381
0 0.322143 0.579315 0.005714 0.021574
0 0.328571 0.578046 0.007143 0.024112
0 0.311071 0.591371 0.006429 0.022843
0 0.295714 0.574239 0.004286 0.021574
0 0.300000 0.571066 0.005714 0.025381
0 0.277857 0.566624 0.007143 0.026650
0 0.225714 0.615482 0.007143 0.025381
0 0.152143 0.646574 0.010000 0.026650
0 0.160000 0.642766 0.008571 0.026650
0 0.156786 0.623731 0.006429 0.019036
0 0.238214 0.617386 0.006429 0.024112
0 0.239286 0.597716 0.004286 0.020305
0 0.244643 0.605964 0.006429 0.026650
0 0.245000 0.597716 0.007143 0.025381
0 0.250714 0.590736 0.008571 0.019036
0 0.226786 0.593909 0.009286 0.022843
0 0.262857 0.547589 0.005714 0.021574
0 0.270714 0.543782 0.005714 0.024112
0 0.276429 0.553299 0.005714 0.022843
0 0.311429 0.578046 0.005714 0.019036
0 0.311429 0.561548 0.005714 0.021574
0 0.323214 0.572970 0.006429 0.021574
0 0.341429 0.570431 0.005714 0.026650
0 0.363929 0.563452 0.005000 0.022843
0 0.368929 0.562817 0.005000 0.021574
0 0.380714 0.568528 0.005714 0.022843
0 0.389643 0.557741 0.005000 0.024112
0 0.387143 0.598985 0.005714 0.030457
0 0.288214 0.956218 0.007857 0.036802
0 0.277857 0.864848 0.010000 0.034264
0 0.270714 0.831853 0.008571 0.031726
0 0.220000 0.899746 0.010000 0.030457
0 0.248214 0.795685 0.007857 0.030457
0 0.254643 0.796320 0.005000 0.026650
0 0.211786 0.875635 0.010714 0.032995
0 0.206429 0.883883 0.005714 0.021574
0 0.153929 0.791878 0.007857 0.027919
8 0.287143 0.738579 0.152857 0.109137
3 0.353929 0.720178 0.033571 0.026650
3 0.182500 0.732868 0.046429 0.039340
0 0.391786 0.534898 0.005000 0.021574
3 0.534286 0.064721 0.005714 0.015228
3 0.534286 0.043782 0.005714 0.016497
3 0.533214 0.030457 0.006429 0.017766
3 0.530000 0.489848 0.017143 0.043147
