5 0.411786 0.214762 0.109286 0.408571
3 0.320714 0.037619 0.058571 0.075238
3 0.410714 0.040952 0.110000 0.081905
3 0.265714 0.109524 0.108571 0.104762
9 0.183571 0.465238 0.051429 0.050476
9 0.181786 0.514286 0.037857 0.055238
3 0.395000 0.516667 0.071429 0.180000
0 0.290714 0.660000 0.020000 0.026667
0 0.269286 0.640000 0.021429 0.036190
0 0.246071 0.649048 0.029286 0.035238
9 0.320714 0.609048 0.038571 0.020000
0 0.218214 0.694286 0.026429 0.036190
3 0.163571 0.693333 0.112857 0.190476
0 0.102500 0.719048 0.045000 0.032381
0 0.103929 0.757143 0.040714 0.034286
0 0.151429 0.881905 0.044286 0.022857
0 0.143929 0.866190 0.025000 0.018095
3 0.068214 0.791905 0.120714 0.221905
0 0.306786 0.798571 0.025000 0.033333
2 0.333571 0.819048 0.024286 0.085714
3 0.556786 0.453333 0.056429 0.169524
3 0.580714 0.185714 0.051429 0.131429
3 0.652857 0.182857 0.051429 0.139048
3 0.741071 0.022857 0.043571 0.045714
3 0.778571 0.270952 0.058571 0.141905
3 0.758929 0.124286 0.053571 0.117143
3 0.796786 0.460476 0.063571 0.164762
0 0.791786 0.580000 0.023571 0.043810
0 0.821786 0.607143 0.025000 0.042857
0 0.840357 0.639524 0.027857 0.044762
0 0.808929 0.647143 0.029286 0.042857
0 0.777500 0.871429 0.040714 0.053333
3 0.822500 0.784762 0.086429 0.213333
