4 0.529643 0.598350 0.033571 0.110406
5 0.968571 0.820431 0.062857 0.173858
3 0.848929 0.402284 0.026429 0.058376
3 0.865714 0.458122 0.031429 0.058376
4 0.374286 0.381980 0.027143 0.076142
3 0.451429 0.319162 0.022857 0.062183
8 0.552500 0.243020 0.040714 0.186548
4 0.506071 0.158629 0.023571 0.068528
3 0.426429 0.145305 0.020000 0.044416
3 0.450714 0.029188 0.020000 0.035533
5 0.400714 0.031726 0.034286 0.063452
5 0.800357 0.234772 0.036429 0.088832
4 0.743214 0.066624 0.023571 0.044416
3 0.719286 0.281091 0.024286 0.052030
0 0.098571 0.962563 0.012857 0.036802
0 0.070000 0.840736 0.011429 0.029188
0 0.116429 0.647843 0.015714 0.031726
1 0.253571 0.425761 0.007143 0.021574
1 0.296071 0.288071 0.012143 0.022843
1 0.301786 0.206853 0.007857 0.015228
0 0.321429 0.192259 0.008571 0.019036
0 0.318929 0.081218 0.005000 0.020305
0 0.354286 0.046320 0.005714 0.011421
0 0.292857 0.031726 0.007143 0.015228
0 0.837857 0.871193 0.012857 0.034264
0 0.825714 0.957487 0.015714 0.026650
0 0.810000 0.924492 0.012857 0.029188
0 0.751786 0.933376 0.009286 0.026650
0 0.743571 0.932107 0.011429 0.021574
0 0.730357 0.915609 0.013571 0.026650
0 0.276071 0.821066 0.010714 0.025381
0 0.279643 0.848985 0.010714 0.027919
0 0.272143 0.841371 0.008571 0.020305
0 0.052143 0.920685 0.015714 0.026650
0 0.053214 0.951142 0.015000 0.021574
0 0.088571 0.867386 0.011429 0.021574
0 0.083571 0.877538 0.008571 0.021574
0 0.082143 0.800761 0.012857 0.022843
0 0.085000 0.788706 0.015714 0.026650
0 0.146786 0.714467 0.012143 0.030457
0 0.137857 0.723985 0.012857 0.031726
0 0.100000 0.723985 0.011429 0.021574
0 0.103571 0.713832 0.014286 0.024112
0 0.129286 0.597081 0.010000 0.029188
0 0.169286 0.536802 0.008571 0.022843
0 0.167143 0.561548 0.010000 0.029188
0 0.176786 0.555203 0.007857 0.021574
1 0.286429 0.354695 0.005714 0.019036
1 0.274643 0.363579 0.006429 0.021574
0 0.352500 0.222081 0.007857 0.020305
0 0.348214 0.225254 0.006429 0.024112
0 0.268929 0.094543 0.006429 0.019036
0 0.263214 0.095812 0.007857 0.016497
0 0.315714 0.088832 0.005714 0.017766
1 0.350000 0.046320 0.007143 0.011421
1 0.318929 0.202411 0.007857 0.011421
