3 0.040250 0.629333 0.065500 0.062667
3 0.156750 0.600667 0.104500 0.076000
3 0.294500 0.525000 0.086000 0.070000
3 0.347000 0.652667 0.086000 0.098667
4 0.527500 0.504000 0.075000 0.070667
3 0.697250 0.460667 0.082500 0.053333
3 0.765250 0.493333 0.090500 0.046667
3 0.813500 0.419333 0.067000 0.040000
9 0.744250 0.390333 0.012500 0.026000
3 0.619000 0.331667 0.025000 0.039333
3 0.725500 0.341000 0.028000 0.035333
3 0.699750 0.289333 0.020500 0.029333
1 0.726750 0.321333 0.012500 0.020000
3 0.661500 0.227000 0.017000 0.019333
3 0.656750 0.215000 0.016500 0.018000
3 0.651250 0.197333 0.013500 0.016000
5 0.599250 0.171333 0.015500 0.020000
3 0.647500 0.133000 0.010000 0.011333
3 0.723750 0.150667 0.016500 0.010667
3 0.813500 0.174333 0.016000 0.015333
3 0.426000 0.467000 0.080000 0.055333
