3 0.329643 0.216371 0.027857 0.069797
3 0.464286 0.069797 0.018571 0.055838
3 0.631071 0.115482 0.037857 0.063452
3 0.851429 0.717005 0.067143 0.131980
3 0.326786 0.702411 0.037857 0.125635
3 0.522500 0.446066 0.029286 0.077411
5 0.318929 0.387690 0.040714 0.145939
4 0.672857 0.368020 0.047143 0.106599
4 0.596071 0.849619 0.046429 0.135787
4 0.493929 0.234772 0.019286 0.071066
3 0.064286 0.026015 0.020000 0.039340
3 0.066071 0.075508 0.020714 0.044416
3 0.067143 0.117386 0.018571 0.046954
9 0.048571 0.821066 0.020000 0.048223
1 0.047500 0.815990 0.013571 0.030457
