3 0.349286 0.856190 0.117143 0.274286
3 0.453929 0.516667 0.089286 0.147619
3 0.558214 0.920476 0.107857 0.159048
3 0.693929 0.856190 0.083571 0.192381
3 0.688214 0.670476 0.075000 0.156190
3 0.838571 0.538571 0.077143 0.130476
3 0.686429 0.513810 0.060000 0.107619
3 0.611429 0.433810 0.054286 0.101905
3 0.682857 0.379048 0.052857 0.089524
3 0.790357 0.340952 0.050714 0.078095
4 0.817857 0.419048 0.061429 0.100952
0 0.821786 0.692381 0.029286 0.072381
0 0.826071 0.833333 0.035000 0.078095
3 0.587857 0.726190 0.081429 0.185714
3 0.598214 0.561429 0.070714 0.138095
3 0.498571 0.391905 0.060000 0.096190
3 0.529643 0.302857 0.049286 0.076190
3 0.483929 0.248571 0.079286 0.047619
3 0.501429 0.233810 0.074286 0.029524
3 0.496786 0.200476 0.069286 0.058095
3 0.541071 0.150000 0.065000 0.048571
3 0.558571 0.122381 0.050000 0.039048
3 0.586429 0.103810 0.022857 0.043810
3 0.622143 0.335238 0.051429 0.095238
3 0.677857 0.306190 0.042857 0.067619
3 0.678214 0.257619 0.037857 0.060000
3 0.631786 0.236190 0.035000 0.053333
3 0.631429 0.193333 0.031429 0.043810
3 0.681786 0.196190 0.030714 0.049524
3 0.776786 0.284762 0.045000 0.051429
3 0.763214 0.248571 0.042143 0.047619
3 0.749643 0.165714 0.042143 0.041905
3 0.793571 0.153810 0.060000 0.037143
3 0.774643 0.131905 0.059286 0.035238
3 0.764643 0.119524 0.062143 0.033333
3 0.764286 0.105238 0.062857 0.035238
3 0.761786 0.099048 0.063571 0.036190
3 0.726429 0.079524 0.025714 0.039048
3 0.671429 0.160476 0.030000 0.033333
4 0.635000 0.157619 0.027143 0.040952
3 0.637143 0.122381 0.027143 0.033333
3 0.671071 0.140000 0.029286 0.032381
3 0.668214 0.103810 0.025000 0.030476
3 0.641429 0.089524 0.021429 0.028571
3 0.668214 0.078571 0.019286 0.025714
3 0.644643 0.050476 0.019286 0.026667
3 0.668929 0.053333 0.019286 0.024762
3 0.645714 0.025238 0.017143 0.023810
3 0.666786 0.031905 0.016429 0.020000
3 0.668929 0.020476 0.015000 0.014286
3 0.593214 0.074762 0.025000 0.029524
3 0.604286 0.047143 0.017143 0.025714
3 0.605000 0.023810 0.017143 0.020952
3 0.612857 0.006667 0.014286 0.013333
3 0.657500 0.010476 0.013571 0.020952
3 0.704643 0.018095 0.015000 0.020952
3 0.723571 0.013333 0.028571 0.017143
3 0.726071 0.025238 0.029286 0.016190
3 0.730714 0.036667 0.035714 0.020000
3 0.722500 0.049524 0.040714 0.020952
