3 0.653214 0.747619 0.032143 0.059048
3 0.600357 0.924286 0.036429 0.098095
3 0.476786 0.832381 0.026429 0.076190
3 0.506071 0.664286 0.022143 0.044762
3 0.527500 0.513333 0.016429 0.028571
3 0.564286 0.549524 0.017143 0.028571
3 0.516429 0.574762 0.017143 0.031429
3 0.640714 0.579048 0.020000 0.032381
3 0.640000 0.484762 0.017143 0.019048
3 0.617857 0.409524 0.010000 0.015238
3 0.569286 0.429524 0.011429 0.017143
3 0.567143 0.466190 0.011429 0.020000
3 0.550357 0.463810 0.013571 0.017143
4 0.547500 0.511905 0.016429 0.029524
3 0.639286 0.379048 0.010000 0.011429
3 0.681429 0.297619 0.008571 0.004762
4 0.563571 0.716667 0.022857 0.056190
