5 0.234643 0.580476 0.033571 0.164762
5 0.240357 0.456667 0.020714 0.052381
5 0.253571 0.401905 0.020000 0.049524
5 0.295000 0.122857 0.007143 0.015238
3 0.332857 0.233333 0.007143 0.011429
9 0.331429 0.640000 0.008571 0.020952
1 0.331429 0.637619 0.005714 0.010476
1 0.330714 0.635714 0.005714 0.012381
1 0.190714 0.448571 0.005714 0.011429
9 0.191429 0.454286 0.004286 0.015238
5 0.106071 0.335714 0.112143 0.058095
4 0.442143 0.315714 0.021429 0.016190
5 0.778571 0.146667 0.021429 0.022857
3 0.517500 0.223333 0.013571 0.016190
3 0.543214 0.220000 0.007857 0.015238
3 0.552143 0.218571 0.012857 0.018095
3 0.562143 0.219048 0.010000 0.015238
3 0.589643 0.212857 0.012143 0.012381
3 0.616429 0.208571 0.011429 0.011429
3 0.651071 0.201905 0.010714 0.011429
3 0.645714 0.203333 0.010000 0.012381
3 0.634643 0.206190 0.010714 0.008571
3 0.669286 0.200000 0.008571 0.007619
3 0.677500 0.197619 0.010714 0.012381
3 0.693214 0.194286 0.012143 0.009524
0 0.803571 0.460476 0.004286 0.016190
3 0.531429 0.472381 0.021429 0.032381
3 0.548214 0.465714 0.017857 0.020952
3 0.464643 0.205238 0.015000 0.008571
3 0.467500 0.209524 0.017857 0.009524
3 0.565000 0.237619 0.015714 0.012381
5 0.853571 0.365238 0.082857 0.061905
