3 0.128214 0.343274 0.027857 0.021574
3 0.171071 0.301396 0.026429 0.016497
3 0.495000 0.581853 0.014286 0.046954
3 0.486786 0.750635 0.015000 0.052030
3 0.639286 0.755711 0.014286 0.054569
3 0.797857 0.322335 0.031429 0.025381
3 0.580714 0.330584 0.022857 0.021574
3 0.718214 0.335660 0.026429 0.026650
3 0.018929 0.322335 0.027857 0.022843
8 0.524643 0.461929 0.022143 0.065990
4 0.632143 0.598350 0.015714 0.052030
3 0.466786 0.322970 0.027857 0.024112
4 0.546786 0.306472 0.027857 0.024112
3 0.539286 0.248096 0.022857 0.024112
4 0.951071 0.344543 0.035000 0.031726
3 0.991071 0.377538 0.017857 0.026650
3 0.333571 0.010787 0.008571 0.013959
4 0.992143 0.087563 0.012857 0.027919
3 0.667500 0.446701 0.029286 0.022843
3 0.672143 0.467640 0.030000 0.021574
3 0.673929 0.491751 0.027857 0.019036
0 0.475357 0.492386 0.005000 0.015228
0 0.483929 0.473350 0.003571 0.015228
0 0.466071 0.471447 0.005000 0.016497
0 0.472500 0.423858 0.005000 0.012690
3 0.515357 0.416878 0.016429 0.029188
0 0.422857 0.538706 0.005714 0.016497
0 0.417857 0.532360 0.004286 0.013959
0 0.645357 0.991751 0.006429 0.013959
0 0.618571 0.815355 0.004286 0.016497
3 0.949643 0.466371 0.036429 0.026650
3 0.886071 0.467640 0.040714 0.029188
3 0.928571 0.056472 0.010000 0.019036
