3 0.972500 0.888667 0.055000 0.066667
5 0.218750 0.125000 0.014500 0.010000
3 0.240250 0.127000 0.008500 0.007333
3 0.251250 0.125667 0.006500 0.007333
3 0.320750 0.121000 0.009500 0.007333
3 0.327750 0.120000 0.007500 0.006667
3 0.333750 0.119000 0.009500 0.007333
3 0.343750 0.118333 0.011500 0.007333
8 0.321750 0.156667 0.023500 0.018667
3 0.323250 0.139333 0.008500 0.008000
3 0.316250 0.138667 0.006500 0.009333
3 0.307000 0.139333 0.009000 0.008000
6 0.329250 0.170667 0.009500 0.009333
0 0.352250 0.189667 0.002500 0.010000
0 0.349750 0.189667 0.003500 0.010000
5 0.374000 0.427000 0.054000 0.047333
2 0.393000 0.539667 0.017000 0.018000
1 0.393250 0.535000 0.009500 0.019333
9 0.465500 0.530333 0.011000 0.019333
1 0.464750 0.524333 0.007500 0.018000
0 0.413000 0.617000 0.006000 0.028667
3 0.516250 0.564000 0.046500 0.036000
3 0.088750 0.356667 0.028500 0.025333
3 0.216500 0.163333 0.013000 0.009333
3 0.226000 0.162000 0.012000 0.010667
3 0.039250 0.393333 0.036500 0.020000
2 0.068750 0.482333 0.018500 0.015333
2 0.076750 0.491667 0.020500 0.018000
0 0.109250 0.456000 0.006500 0.024000
0 0.123250 0.473000 0.006500 0.027333
0 0.100000 0.456667 0.008000 0.021333
0 0.094500 0.458333 0.008000 0.024667
0 0.138000 0.507333 0.008000 0.026667
0 0.211750 0.580667 0.008500 0.025333
0 0.231500 0.621000 0.008000 0.027333
2 0.201000 0.645000 0.022000 0.018000
0 0.197000 0.643667 0.008000 0.028667
3 0.168000 0.426667 0.032000 0.029333
3 0.195250 0.447667 0.035500 0.027333
3 0.225000 0.471333 0.036000 0.030667
3 0.264500 0.499333 0.039000 0.033333
3 0.295750 0.528667 0.034500 0.036000
3 0.330000 0.560667 0.035000 0.032000
3 0.137500 0.451333 0.044000 0.032000
3 0.154500 0.465000 0.038000 0.030000
3 0.172750 0.473667 0.034500 0.034000
3 0.192000 0.487000 0.035000 0.034000
3 0.211500 0.506333 0.037000 0.034000
3 0.226500 0.523000 0.035000 0.042000
3 0.255250 0.546000 0.039500 0.044000
3 0.267750 0.574333 0.044500 0.046000
3 0.288250 0.592667 0.043500 0.049333
3 0.221750 0.826333 0.060500 0.086000
3 0.348750 0.739000 0.050500 0.064667
3 0.377500 0.599000 0.040000 0.043333
0 0.404000 0.901000 0.012000 0.039333
3 0.396000 0.809667 0.067000 0.088667
0 0.478500 0.695000 0.007000 0.030000
2 0.443000 0.907000 0.021000 0.042000
1 0.442750 0.899000 0.014500 0.028667
0 0.767000 0.726333 0.010000 0.036667
0 0.768750 0.721333 0.017500 0.036000
2 0.508000 0.739000 0.014000 0.027333
1 0.507750 0.728333 0.011500 0.024667
2 0.565500 0.788667 0.015000 0.029333
1 0.563500 0.777333 0.008000 0.030667
0 0.567000 0.516000 0.006000 0.026667
2 0.599500 0.596667 0.018000 0.020000
1 0.599000 0.592333 0.009000 0.024667
9 0.621000 0.630333 0.010000 0.022000
1 0.621000 0.622333 0.009000 0.024667
3 0.646250 0.550333 0.042500 0.043333
3 0.686000 0.521333 0.039000 0.038667
3 0.723500 0.489000 0.042000 0.036667
2 0.531500 0.521667 0.011000 0.020667
2 0.532000 0.509000 0.009000 0.022000
2 0.540000 0.506000 0.010000 0.021333
2 0.540000 0.517000 0.005000 0.018000
2 0.515500 0.510333 0.013000 0.019333
2 0.474000 0.487000 0.012000 0.018000
2 0.479500 0.488667 0.014000 0.018667
2 0.486000 0.499333 0.016000 0.016000
2 0.499250 0.501333 0.010500 0.018667
2 0.503750 0.504333 0.010500 0.020667
2 0.508250 0.507000 0.011500 0.016667
