0 0.468571 0.652381 0.005714 0.022857
0 0.470714 0.629524 0.005714 0.020952
3 0.461071 0.500952 0.025000 0.062857
3 0.377143 0.462381 0.022857 0.065714
0 0.472500 0.409048 0.003571 0.021905
3 0.378214 0.340476 0.019286 0.050476
3 0.452143 0.329524 0.022857 0.047619
3 0.450714 0.271429 0.024286 0.049524
3 0.371786 0.275238 0.020714 0.047619
3 0.446429 0.216190 0.021429 0.047619
3 0.373571 0.220952 0.020000 0.043810
3 0.373929 0.167143 0.019286 0.039048
3 0.445357 0.150000 0.017857 0.039048
3 0.440714 0.111429 0.020000 0.038095
4 0.375357 0.127143 0.016429 0.031429
3 0.376071 0.090952 0.017857 0.031429
3 0.394286 0.060000 0.018571 0.038095
3 0.374643 0.023810 0.022143 0.041905
