9 0.607000 0.862333 0.024000 0.040667
1 0.622750 0.904000 0.016500 0.029333
0 0.553750 0.839667 0.010500 0.044667
0 0.543000 0.838667 0.011000 0.046667
0 0.531000 0.822000 0.014000 0.052000
5 0.574500 0.748333 0.038000 0.075333
4 0.454500 0.775667 0.032000 0.062000
0 0.555000 0.684333 0.008000 0.031333
0 0.540250 0.697667 0.008500 0.032667
0 0.540000 0.688000 0.008000 0.032000
0 0.551500 0.648333 0.007000 0.023333
0 0.563750 0.668000 0.005500 0.021333
5 0.570750 0.691667 0.026500 0.048667
5 0.611250 0.619667 0.038500 0.086000
5 0.618750 0.560000 0.050500 0.042667
0 0.551000 0.597333 0.005000 0.021333
4 0.626250 0.533333 0.032500 0.021333
4 0.620250 0.516000 0.024500 0.018667
3 0.600250 0.543333 0.027500 0.017333
3 0.655750 0.522333 0.027500 0.014000
3 0.662000 0.542000 0.032000 0.012000
9 0.582750 0.548667 0.014500 0.010667
7 0.557750 0.588667 0.010500 0.033333
0 0.570750 0.573667 0.004500 0.020667
5 0.437750 0.714000 0.066500 0.060000
3 0.478000 0.635000 0.026000 0.040667
0 0.503250 0.600000 0.005500 0.021333
9 0.499000 0.640000 0.007000 0.020000
1 0.499250 0.633667 0.007500 0.024667
9 0.511000 0.638000 0.007000 0.021333
1 0.511500 0.632000 0.006000 0.021333
0 0.484750 0.558000 0.004500 0.017333
3 0.491000 0.549333 0.015000 0.021333
0 0.529250 0.551333 0.004500 0.018667
6 0.525750 0.609000 0.015500 0.020667
1 0.522750 0.602333 0.005500 0.015333
0 0.536250 0.553000 0.004500 0.018000
0 0.540500 0.552333 0.005000 0.020667
2 0.531250 0.586000 0.003500 0.014667
1 0.531500 0.582000 0.005000 0.016000
3 0.495500 0.537000 0.013000 0.018000
3 0.495250 0.522667 0.012500 0.016000
3 0.496750 0.509667 0.011500 0.016667
0 0.503000 0.506000 0.003000 0.013333
0 0.505500 0.499667 0.004000 0.012667
4 0.514250 0.506333 0.013500 0.016667
3 0.521750 0.535333 0.013500 0.016000
6 0.508250 0.523667 0.007500 0.014000
1 0.508500 0.520333 0.003000 0.011333
3 0.553750 0.537667 0.018500 0.015333
0 0.553250 0.524667 0.003500 0.017333
9 0.534500 0.530333 0.004000 0.011333
1 0.535000 0.528000 0.005000 0.014667
9 0.529750 0.518667 0.005500 0.010667
0 0.531750 0.509667 0.004500 0.014000
0 0.535500 0.513333 0.004000 0.012000
0 0.524500 0.505000 0.003000 0.012667
6 0.547000 0.515333 0.017000 0.017333
3 0.522250 0.447333 0.013500 0.008000
0 0.517250 0.445667 0.002500 0.008667
3 0.597000 0.483000 0.017000 0.015333
3 0.569000 0.468000 0.008000 0.010667
2 0.585250 0.466667 0.002500 0.006667
0 0.600500 0.473333 0.004000 0.009333
3 0.476000 0.449333 0.015000 0.008000
