3 0.303214 0.552857 0.133571 0.080952
3 0.347857 0.362381 0.094286 0.065714
3 0.364286 0.227143 0.092857 0.058095
3 0.383571 0.053333 0.070000 0.049524
0 0.277500 0.210000 0.013571 0.039048
3 0.276071 0.841905 0.157857 0.114286
3 0.245714 0.955238 0.188571 0.089524
0 0.195000 0.756190 0.035714 0.040000
1 0.191786 0.744286 0.016429 0.027619
1 0.031071 0.885238 0.062143 0.218095
2 0.161786 0.909524 0.040714 0.085714
2 0.185000 0.805714 0.027143 0.078095
9 0.195357 0.543810 0.035000 0.060952
0 0.316429 0.640476 0.022857 0.050476
0 0.456786 0.620952 0.020714 0.043810
3 0.572857 0.362857 0.051429 0.123810
3 0.564286 0.258095 0.044286 0.087619
3 0.555357 0.172857 0.040714 0.082857
3 0.497857 0.238095 0.038571 0.078095
3 0.510357 0.344762 0.045000 0.095238
3 0.375000 0.189524 0.087143 0.047619
3 0.375714 0.159524 0.082857 0.042857
3 0.372500 0.125238 0.082143 0.050476
3 0.390357 0.030000 0.053571 0.033333
3 0.398571 0.013333 0.064286 0.026667
0 0.327143 0.079524 0.011429 0.037143
0 0.331071 0.066190 0.012143 0.042857
3 0.547500 0.097143 0.029286 0.064762
3 0.545714 0.039048 0.032857 0.060952
4 0.773571 0.334286 0.061429 0.112381
3 0.685714 0.245714 0.042857 0.091429
0 0.727143 0.157619 0.014286 0.044762
1 0.612143 0.245238 0.014286 0.027619
1 0.612500 0.241429 0.013571 0.033333
9 0.611429 0.260476 0.012857 0.046667
5 0.859286 0.041429 0.057143 0.061905
3 0.900000 0.102857 0.055714 0.066667
4 0.842857 0.949048 0.124286 0.101905
3 0.953929 0.170000 0.063571 0.063810
3 0.980000 0.247619 0.040000 0.095238
