3 0.060357 0.040476 0.009286 0.012381
3 0.470714 0.384286 0.011429 0.014286
3 0.481071 0.385714 0.010714 0.015238
3 0.481071 0.368095 0.010714 0.016190
3 0.495714 0.365238 0.010000 0.014286
3 0.489286 0.355238 0.010000 0.013333
4 0.468929 0.312857 0.013571 0.012381
8 0.459286 0.335238 0.028571 0.024762
8 0.471786 0.360000 0.022143 0.032381
8 0.466429 0.329524 0.027143 0.024762
3 0.544643 0.781429 0.019286 0.044762
3 0.573571 0.810000 0.014286 0.031429
3 0.585357 0.814762 0.015000 0.031429
3 0.609643 0.831429 0.015000 0.036190
3 0.658214 0.871429 0.016429 0.038095
3 0.688214 0.659524 0.012143 0.023810
3 0.713571 0.670476 0.011429 0.028571
3 0.708571 0.904762 0.017143 0.028571
3 0.656429 0.720000 0.027143 0.028571
5 0.632500 0.694286 0.023571 0.038095
3 0.731071 0.354286 0.015000 0.011429
3 0.782143 0.281905 0.008571 0.015238
3 0.780714 0.184762 0.005714 0.013333
5 0.804643 0.183333 0.016429 0.010476
0 0.775000 0.333810 0.004286 0.008571
0 0.779643 0.337143 0.005000 0.009524
0 0.765000 0.329524 0.002857 0.007619
0 0.756429 0.327619 0.004286 0.007619
0 0.753571 0.319524 0.002857 0.006667
0 0.768214 0.322857 0.003571 0.005714
0 0.762143 0.326190 0.002857 0.006667
0 0.787143 0.335238 0.002857 0.005714
0 0.692500 0.304762 0.003571 0.007619
0 0.743214 0.315714 0.002143 0.006667
0 0.643571 0.260952 0.002857 0.005714
0 0.643214 0.198095 0.003571 0.007619
0 0.650000 0.193333 0.002857 0.007619
0 0.630714 0.149524 0.002857 0.005714
0 0.632500 0.149524 0.003571 0.005714
8 0.606786 0.143810 0.009286 0.009524
