0 0.015357 0.350000 0.010714 0.023810
0 0.010714 0.393810 0.011429 0.025714
0 0.775000 0.476190 0.007143 0.030476
0 0.784643 0.474286 0.009286 0.036190
0 0.881071 0.550476 0.012143 0.036190
0 0.956071 0.465714 0.013571 0.036190
3 0.782857 0.939048 0.131429 0.121905
3 0.214643 0.399524 0.035000 0.031429
3 0.292857 0.370952 0.031429 0.025714
3 0.262857 0.360476 0.027143 0.023810
3 0.447857 0.361429 0.037143 0.021905
3 0.538214 0.382381 0.043571 0.029524
3 0.698929 0.407143 0.040714 0.027619
3 0.869643 0.478095 0.045000 0.034286
3 0.903214 0.450952 0.040714 0.039048
3 0.972857 0.278571 0.012857 0.014286
3 0.986786 0.276667 0.015000 0.010476
3 0.908571 0.298571 0.020000 0.018095
3 0.933929 0.427143 0.039286 0.029524
3 0.962500 0.413333 0.032143 0.030476
3 0.944643 0.568095 0.092143 0.052381
3 0.932857 0.595238 0.105714 0.068571
8 0.956429 0.819524 0.087143 0.195238
3 0.959286 0.556667 0.081429 0.054286
3 0.973929 0.545238 0.052143 0.052381
3 0.871429 0.294762 0.027143 0.016190
3 0.842500 0.304762 0.020714 0.017143
3 0.833571 0.308095 0.020000 0.020000
3 0.818571 0.308095 0.018571 0.020000
3 0.805714 0.310000 0.020000 0.020000
3 0.797500 0.313810 0.017857 0.020000
3 0.786071 0.317619 0.023571 0.021905
3 0.773214 0.320000 0.019286 0.020952
3 0.761786 0.321905 0.023571 0.020952
3 0.752500 0.330000 0.022143 0.021905
3 0.719286 0.335238 0.028571 0.022857
3 0.708571 0.340000 0.030000 0.022857
3 0.690714 0.341905 0.022857 0.022857
3 0.676071 0.345714 0.030714 0.026667
3 0.655000 0.352857 0.034286 0.023810
3 0.623571 0.357619 0.032857 0.025714
3 0.730357 0.329524 0.030714 0.020952
3 0.850357 0.335714 0.025000 0.025714
3 0.806429 0.340476 0.027143 0.023810
3 0.678571 0.393333 0.038571 0.030476
3 0.566071 0.376667 0.036429 0.025714
3 0.485714 0.350000 0.032857 0.029524
3 0.505714 0.349048 0.027143 0.023810
3 0.520714 0.345714 0.028571 0.022857
3 0.534643 0.341905 0.027857 0.024762
4 0.567143 0.331905 0.037143 0.029524
3 0.437857 0.346190 0.031429 0.023810
3 0.393571 0.372857 0.035714 0.029524
3 0.424643 0.341429 0.032143 0.023810
3 0.409286 0.338571 0.035714 0.023810
3 0.396071 0.332857 0.032143 0.021905
3 0.383571 0.330952 0.030000 0.021905
3 0.372857 0.327143 0.024286 0.023810
3 0.351786 0.356667 0.032143 0.020000
3 0.287500 0.336190 0.032143 0.019048
3 0.269643 0.327619 0.029286 0.019048
3 0.251786 0.320952 0.030714 0.019048
3 0.241071 0.315714 0.033571 0.018095
3 0.243571 0.348095 0.027143 0.021905
3 0.221786 0.337619 0.029286 0.023810
3 0.208571 0.328571 0.022857 0.022857
3 0.192143 0.317143 0.024286 0.017143
3 0.168929 0.305714 0.020714 0.019048
3 0.156786 0.297619 0.017857 0.018095
3 0.146429 0.293333 0.018571 0.017143
5 0.154643 0.269524 0.049286 0.022857
3 0.104286 0.276667 0.012857 0.014286
3 0.304643 0.343810 0.042143 0.019048
4 0.361786 0.369524 0.033571 0.032381
3 0.111786 0.367143 0.029286 0.025714
3 0.103571 0.420952 0.035714 0.030476
3 0.083571 0.401905 0.031429 0.026667
3 0.071786 0.381429 0.030714 0.027619
3 0.054643 0.371429 0.025000 0.022857
3 0.046786 0.356190 0.029286 0.026667
3 0.007143 0.306667 0.014286 0.019048
0 0.117143 0.278571 0.005714 0.014286
0 0.044286 0.246667 0.005714 0.013333
0 0.038571 0.248095 0.005714 0.012381
3 0.058214 0.243810 0.012143 0.011429
3 0.047857 0.239048 0.008571 0.009524
