3 0.359643 0.807143 0.035000 0.058095
3 0.304643 0.827143 0.045000 0.063810
3 0.330000 0.763810 0.032857 0.047619
3 0.367143 0.761905 0.030000 0.038095
3 0.342857 0.729048 0.028571 0.035238
3 0.385000 0.703333 0.022857 0.037143
3 0.354643 0.698095 0.023571 0.032381
3 0.363929 0.678095 0.022143 0.020952
3 0.369643 0.655714 0.017857 0.021905
3 0.408214 0.599048 0.009286 0.013333
3 0.451071 0.590476 0.009286 0.011429
3 0.444643 0.567619 0.009286 0.009524
3 0.399643 0.581905 0.009286 0.011429
3 0.405357 0.570476 0.007857 0.007619
3 0.416429 0.556667 0.005714 0.008571
3 0.396429 0.563333 0.008571 0.010476
4 0.400714 0.547143 0.005714 0.008571
3 0.408571 0.546190 0.005714 0.006667
3 0.017857 0.650476 0.031429 0.024762
0 0.340357 0.599048 0.005000 0.015238
