2 0.277500 0.809524 0.059286 0.114286
3 0.158214 0.682857 0.199286 0.114286
0 0.383214 0.563810 0.020714 0.076190
7 0.383214 0.501429 0.085000 0.061905
0 0.366429 0.486667 0.018571 0.062857
0 0.383214 0.478571 0.015000 0.065714
0 0.465000 0.499048 0.015714 0.064762
0 0.458929 0.467143 0.013571 0.069524
9 0.517143 0.539048 0.025714 0.083810
0 0.387857 0.177619 0.005714 0.020000
0 0.394643 0.170952 0.006429 0.031429
2 0.405714 0.162857 0.008571 0.034286
0 0.417857 0.173333 0.008571 0.036190
0 0.370714 0.085714 0.005714 0.019048
2 0.726071 0.607143 0.057857 0.067619
3 0.625714 0.329524 0.057143 0.076190
3 0.774286 0.340952 0.082857 0.078095
3 0.687500 0.252857 0.055000 0.054286
3 0.629286 0.199048 0.041429 0.043810
3 0.595714 0.163810 0.035714 0.036190
4 0.470000 0.155238 0.025714 0.043810
4 0.561071 0.129524 0.026429 0.036190
3 0.536786 0.110952 0.022143 0.025714
3 0.847143 0.251429 0.072857 0.049524
4 0.764643 0.181429 0.076429 0.063810
4 0.748571 0.156667 0.038571 0.029524
3 0.639643 0.112381 0.027857 0.024762
3 0.617143 0.071429 0.015714 0.017143
3 0.586786 0.062381 0.017857 0.016190
5 0.576071 0.048095 0.022143 0.031429
3 0.511786 0.085714 0.020714 0.026667
3 0.497857 0.072381 0.017143 0.020952
3 0.484643 0.056190 0.016429 0.019048
4 0.473214 0.045714 0.012143 0.020952
4 0.465714 0.039048 0.012857 0.017143
0 0.942500 0.448095 0.030714 0.061905
0 0.776429 0.129048 0.008571 0.025714
0 0.728929 0.110000 0.006429 0.023810
0 0.666786 0.095714 0.005000 0.018095
0 0.671429 0.099048 0.004286 0.019048
1 0.517143 0.531905 0.024286 0.063810
1 0.271429 0.790000 0.042857 0.071429
1 0.730357 0.606190 0.033571 0.067619
1 0.406071 0.160000 0.009286 0.032381
