0 0.006000 0.476667 0.012000 0.028000
9 0.017250 0.486667 0.033500 0.040000
1 0.037250 0.552000 0.013500 0.033333
1 0.051750 0.558000 0.018500 0.030667
0 0.022250 0.591000 0.025500 0.070000
9 0.042250 0.597333 0.028500 0.060000
0 0.016750 0.687667 0.030500 0.098000
9 0.154000 0.680667 0.052000 0.065333
0 0.247750 0.610667 0.017500 0.077333
1 0.237500 0.593333 0.024000 0.064000
2 0.238750 0.614667 0.050500 0.058667
9 0.461500 0.746667 0.073000 0.072000
0 0.283750 0.545667 0.022500 0.059333
0 0.319250 0.563333 0.021500 0.064000
0 0.323000 0.537333 0.015000 0.058667
0 0.307750 0.545333 0.011500 0.045333
2 0.414750 0.542333 0.015500 0.048667
0 0.505750 0.631667 0.016500 0.064667
0 0.580750 0.621000 0.013500 0.047333
0 0.435250 0.509000 0.010500 0.050000
1 0.441500 0.540333 0.025000 0.051333
9 0.442250 0.547000 0.022500 0.052667
9 0.459250 0.521000 0.020500 0.040667
0 0.519250 0.581000 0.015500 0.067333
1 0.510750 0.570000 0.014500 0.049333
2 0.509250 0.585667 0.036500 0.047333
3 0.538750 0.538667 0.120500 0.096000
0 0.636000 0.577667 0.029000 0.052667
0 0.693750 0.554000 0.022500 0.053333
0 0.622000 0.537667 0.018000 0.055333
0 0.609250 0.531667 0.008500 0.034000
1 0.604250 0.553000 0.012500 0.023333
7 0.519250 0.501667 0.045500 0.036667
1 0.676250 0.533333 0.018500 0.057333
9 0.677000 0.540667 0.026000 0.042667
0 0.685750 0.497333 0.018500 0.053333
0 0.671000 0.469333 0.013000 0.046667
0 0.703250 0.472667 0.005500 0.022667
0 0.713000 0.467667 0.010000 0.043333
0 0.710000 0.467000 0.010000 0.035333
0 0.710500 0.457000 0.009000 0.043333
0 0.724500 0.465667 0.007000 0.031333
0 0.740250 0.466667 0.012500 0.034667
0 0.737750 0.470333 0.008500 0.031333
0 0.729000 0.471333 0.008000 0.033333
1 0.726250 0.463333 0.005500 0.013333
2 0.752500 0.453333 0.017000 0.024000
3 0.742000 0.498667 0.082000 0.056000
0 0.749000 0.525000 0.017000 0.051333
0 0.786250 0.518000 0.020500 0.042667
0 0.790750 0.507667 0.015500 0.040667
0 0.800250 0.473333 0.016500 0.048000
0 0.780750 0.470667 0.012500 0.037333
0 0.769500 0.468667 0.010000 0.040000
0 0.775000 0.464000 0.009000 0.040000
0 0.844750 0.492667 0.014500 0.050667
0 0.864250 0.508000 0.010500 0.038667
9 0.788500 0.446667 0.016000 0.024000
9 0.812750 0.446667 0.017500 0.028000
9 0.800000 0.439667 0.018000 0.020667
1 0.829250 0.435333 0.013500 0.034667
2 0.830750 0.443667 0.008500 0.026000
0 0.847000 0.434333 0.013000 0.034000
1 0.867750 0.456667 0.016500 0.041333
0 0.878750 0.471667 0.009500 0.040667
0 0.884000 0.477667 0.011000 0.040667
0 0.893500 0.494333 0.011000 0.038000
0 0.891750 0.469333 0.013500 0.040000
0 0.891500 0.433333 0.010000 0.033333
0 0.900750 0.430333 0.008500 0.032667
0 0.875250 0.427000 0.007500 0.024667
7 0.861000 0.435333 0.023000 0.034667
0 0.888500 0.419000 0.007000 0.030000
7 0.908250 0.409000 0.022500 0.020667
0 0.924750 0.438667 0.008500 0.022667
0 0.930500 0.430000 0.007000 0.036000
0 0.936500 0.445000 0.015000 0.034000
0 0.935750 0.474000 0.010500 0.033333
1 0.947500 0.460000 0.022000 0.014667
2 0.929750 0.452667 0.012500 0.020000
0 0.927500 0.392000 0.008000 0.021333
1 0.952000 0.402000 0.011000 0.018667
2 0.953500 0.405333 0.008000 0.017333
0 0.951250 0.423667 0.010500 0.026000
0 0.955250 0.430000 0.010500 0.030667
0 0.953250 0.452333 0.010500 0.031333
0 0.963500 0.451000 0.011000 0.031333
0 0.989500 0.453333 0.009000 0.033333
0 0.975000 0.441000 0.010000 0.034000
0 0.966750 0.438333 0.012500 0.032667
0 0.976000 0.433333 0.006000 0.030667
0 0.982500 0.439667 0.008000 0.032667
1 0.975750 0.410000 0.011500 0.026667
9 0.976250 0.416667 0.009500 0.020000
0 0.989000 0.413333 0.006000 0.029333
0 0.995000 0.421000 0.009000 0.032667
