3 0.463727 0.679499 0.040188 0.069573
3 0.439196 0.705009 0.039144 0.066790
3 0.486691 0.660019 0.033925 0.064007
9 0.407359 0.730983 0.015136 0.027829
6 0.504175 0.629870 0.018789 0.033395
7 0.625261 0.525510 0.022965 0.043599
9 0.644050 0.515770 0.021921 0.033395
3 0.715292 0.221707 0.024530 0.031540
3 0.728340 0.269481 0.033925 0.034323
3 0.749739 0.250000 0.030793 0.030612
3 0.773225 0.207328 0.024530 0.030612
3 0.752088 0.187384 0.022965 0.029685
5 0.623956 0.096011 0.050626 0.041744
3 0.545929 0.066327 0.017745 0.026902
3 0.805585 0.029685 0.014092 0.024119
3 0.789666 0.022727 0.014614 0.025046
3 0.775835 0.020408 0.015136 0.024119
4 0.743998 0.008813 0.014092 0.017625
3 0.525052 0.053803 0.019833 0.024119
4 0.298800 0.836735 0.034969 0.089054
3 0.139092 0.615955 0.046451 0.051948
3 0.082724 0.537106 0.046451 0.061224
3 0.059760 0.286178 0.022443 0.041744
3 0.037056 0.293599 0.022965 0.041744
6 0.020094 0.262987 0.031837 0.032468
3 0.778967 0.403525 0.038100 0.042672
3 0.792015 0.393321 0.040188 0.042672
3 0.805585 0.384508 0.037056 0.041744
9 0.862474 0.026438 0.008873 0.010204
3 0.894833 0.011596 0.022443 0.023191
