3 0.801071 0.261421 0.040714 0.073604
0 0.480714 0.063452 0.005714 0.027919
0 0.490000 0.056472 0.004286 0.013959
0 0.495714 0.084391 0.007143 0.029188
0 0.501071 0.085025 0.006429 0.025381
0 0.489643 0.336294 0.005000 0.027919
0 0.495357 0.341371 0.007857 0.027919
0 0.554643 0.258249 0.007857 0.021574
0 0.570000 0.287437 0.004286 0.021574
0 0.463214 0.247462 0.009286 0.015228
0 0.475714 0.184645 0.005714 0.024112
0 0.481786 0.186548 0.005000 0.022843
0 0.491071 0.186548 0.005000 0.022843
0 0.492857 0.182741 0.004286 0.025381
0 0.457500 0.651650 0.009286 0.039340
0 0.498929 0.688452 0.006429 0.021574
1 0.631071 0.677665 0.017857 0.025381
1 0.637857 0.666878 0.010000 0.026650
1 0.633214 0.437183 0.012143 0.016497
0 0.676786 0.430838 0.007857 0.034264
1 0.587857 0.083756 0.007143 0.015228
1 0.594643 0.087563 0.006429 0.012690
0 0.603214 0.059645 0.006429 0.022843
1 0.543571 0.074239 0.015714 0.008883
1 0.542143 0.064086 0.007143 0.013959
