3 0.359081 0.571892 0.025052 0.064007
3 0.282881 0.558905 0.031315 0.067718
3 0.252610 0.556122 0.029228 0.067718
3 0.183455 0.446197 0.047495 0.035250
3 0.194676 0.387291 0.035491 0.036178
0 0.173539 0.035714 0.004697 0.017625
3 0.228340 0.011596 0.024530 0.021336
3 0.598904 0.586735 0.020355 0.060297
3 0.629697 0.591373 0.024530 0.073284
3 0.664927 0.589054 0.025052 0.072356
3 0.696503 0.595547 0.026618 0.070501
3 0.475992 0.361317 0.019833 0.051020
3 0.459029 0.261596 0.016180 0.038961
3 0.462683 0.219852 0.016180 0.040816
3 0.468163 0.180891 0.015658 0.035250
3 0.469990 0.156308 0.013048 0.028757
3 0.433716 0.043135 0.011482 0.030612
3 0.439979 0.011132 0.011482 0.022263
3 0.806628 0.614564 0.029749 0.069573
9 0.903184 0.634045 0.013048 0.032468
9 0.972338 0.624304 0.012526 0.029685
3 0.942589 0.107607 0.026096 0.027829
4 0.897443 0.054267 0.023486 0.026902
