3 0.077500 0.753810 0.155000 0.140000
3 0.327143 0.827619 0.135714 0.312381
3 0.455714 0.870000 0.117143 0.260000
4 0.490357 0.534762 0.083571 0.187619
3 0.247500 0.499524 0.105000 0.168571
3 0.414286 0.512857 0.077143 0.164762
3 0.441071 0.360000 0.067857 0.133333
3 0.333214 0.260952 0.076429 0.102857
3 0.526071 0.269048 0.057857 0.090476
3 0.372500 0.179048 0.056429 0.080000
4 0.402143 0.103810 0.044286 0.078095
3 0.495357 0.103810 0.040714 0.068571
3 0.543571 0.119048 0.040000 0.076190
3 0.414286 0.058095 0.047143 0.055238
3 0.555714 0.031905 0.034286 0.061905
3 0.516429 0.017143 0.031429 0.034286
3 0.662500 0.012857 0.056429 0.025714
3 0.686429 0.026667 0.070000 0.038095
3 0.699286 0.046667 0.078571 0.045714
3 0.650000 0.088571 0.035714 0.051429
3 0.673214 0.289048 0.062143 0.100000
3 0.777857 0.400952 0.147143 0.083810
3 0.777500 0.471429 0.156429 0.095238
3 0.808929 0.633333 0.212143 0.116190
3 0.855714 0.764286 0.220000 0.143810
