3 0.204750 0.859000 0.076500 0.162000
1 0.269750 0.777667 0.018500 0.051333
2 0.269750 0.795000 0.018500 0.055333
3 0.249250 0.638000 0.050500 0.097333
0 0.309250 0.540000 0.011500 0.042667
4 0.402500 0.253667 0.025000 0.046000
2 0.320000 0.253000 0.019000 0.016667
1 0.372750 0.222000 0.005500 0.018667
1 0.371250 0.210000 0.005500 0.016000
1 0.386750 0.163667 0.005500 0.012667
1 0.383500 0.138667 0.005000 0.017333
1 0.394000 0.139333 0.005000 0.016000
1 0.404750 0.137333 0.004500 0.016000
1 0.396500 0.089667 0.003000 0.012667
1 0.402250 0.088667 0.004500 0.014667
1 0.398250 0.078000 0.003500 0.013333
1 0.404250 0.078000 0.003500 0.013333
9 0.372250 0.229667 0.007500 0.014000
9 0.371250 0.218667 0.006500 0.016000
9 0.386000 0.168333 0.006000 0.014000
2 0.383500 0.143000 0.005000 0.012667
2 0.394250 0.145333 0.004500 0.013333
2 0.405750 0.142333 0.004500 0.014000
2 0.396750 0.095000 0.003500 0.011333
2 0.403250 0.094667 0.003500 0.010667
2 0.398250 0.081333 0.003500 0.012000
2 0.404500 0.080667 0.004000 0.012000
3 0.359500 0.198000 0.018000 0.029333
3 0.364500 0.168667 0.017000 0.025333
3 0.307000 0.163333 0.035000 0.022667
3 0.315250 0.132667 0.015500 0.021333
4 0.307000 0.119333 0.033000 0.016000
4 0.322500 0.111333 0.033000 0.018667
3 0.311000 0.099333 0.017000 0.018667
4 0.327000 0.098667 0.014000 0.017333
4 0.382250 0.096667 0.013500 0.020000
3 0.360750 0.086667 0.025500 0.020000
0 0.335250 0.072333 0.002500 0.014000
0 0.338000 0.072333 0.003000 0.014000
3 0.355250 0.007667 0.018500 0.010000
4 0.357750 0.010667 0.016500 0.009333
3 0.337750 0.039000 0.027500 0.014000
3 0.340750 0.031000 0.020500 0.010000
3 0.338250 0.037000 0.026500 0.012667
3 0.389500 0.064000 0.013000 0.024000
3 0.400250 0.020000 0.010500 0.012000
0 0.402250 0.027667 0.003500 0.008667
1 0.415500 0.019000 0.003000 0.007333
2 0.416000 0.022667 0.003000 0.008000
4 0.534000 0.019667 0.009000 0.011333
1 0.519500 0.010667 0.003000 0.010667
2 0.520000 0.013333 0.005000 0.010667
1 0.531500 0.009333 0.003000 0.004000
6 0.533000 0.014000 0.009000 0.010667
4 0.575500 0.089000 0.011000 0.014000
4 0.581000 0.099333 0.015000 0.018667
4 0.603500 0.142000 0.017000 0.018667
4 0.623500 0.175000 0.020000 0.023333
4 0.655000 0.230000 0.027000 0.036000
3 0.674000 0.264000 0.032000 0.030667
4 0.880000 0.575333 0.092000 0.102667
3 0.621750 0.453000 0.041500 0.059333
3 0.481250 0.272667 0.023500 0.042667
1 0.706000 0.414000 0.012000 0.025333
1 0.749500 0.413667 0.013000 0.028667
9 0.705250 0.424000 0.014500 0.029333
2 0.748500 0.424333 0.013000 0.026000
