3 0.214643 0.599524 0.027857 0.018095
3 0.252500 0.550952 0.015000 0.037143
3 0.267857 0.555714 0.014286 0.037143
5 0.095357 0.562381 0.055000 0.040952
5 0.133214 0.584286 0.062143 0.029524
5 0.156429 0.520000 0.022857 0.038095
5 0.806071 0.798095 0.015000 0.057143
9 0.317857 0.359048 0.005714 0.017143
9 0.329286 0.476667 0.005714 0.016190
9 0.519643 0.762381 0.005000 0.014286
9 0.523929 0.565714 0.005000 0.013333
9 0.950714 0.171429 0.014286 0.013333
9 0.890000 0.210476 0.012857 0.009524
0 0.510357 0.976667 0.005000 0.010476
