3 0.124643 0.601905 0.112143 0.078095
3 0.501786 0.641429 0.045000 0.113333
3 0.545714 0.558095 0.054286 0.125714
3 0.478214 0.447619 0.039286 0.093333
3 0.502857 0.322381 0.041429 0.090476
3 0.448929 0.279524 0.036429 0.071429
3 0.146786 0.485238 0.095000 0.050476
3 0.150357 0.428095 0.085000 0.046667
3 0.155714 0.379048 0.071429 0.041905
3 0.193214 0.265238 0.067857 0.040952
3 0.202500 0.219048 0.062143 0.041905
3 0.177143 0.329048 0.085714 0.046667
3 0.440714 0.201905 0.027143 0.062857
3 0.430000 0.142381 0.027143 0.060000
3 0.420714 0.088095 0.027143 0.050476
3 0.391071 0.963810 0.052143 0.072381
3 0.585000 0.962381 0.048571 0.075238
0 0.564286 0.068095 0.008571 0.033333
