3 0.453929 0.621905 0.016429 0.020952
3 0.476071 0.620476 0.013571 0.021905
3 0.571071 0.647619 0.009286 0.026667
3 0.577500 0.693810 0.010714 0.027619
3 0.588571 0.745238 0.015714 0.029524
3 0.598571 0.791429 0.018571 0.024762
3 0.451429 0.756667 0.014286 0.029524
3 0.461786 0.590952 0.017857 0.016190
3 0.447857 0.646667 0.018571 0.019048
3 0.417500 0.982381 0.015000 0.035238
3 0.443214 0.791905 0.010714 0.029524
4 0.456071 0.791905 0.010714 0.027619
3 0.368571 0.733333 0.012857 0.030476
4 0.413929 0.906190 0.023571 0.021905
4 0.377500 0.917619 0.030714 0.023810
4 0.386786 0.649524 0.022143 0.017143
3 0.472500 0.567143 0.010714 0.020000
5 0.492500 0.621429 0.019286 0.046667
5 0.469286 0.642857 0.011429 0.020952
5 0.470714 0.628571 0.012857 0.017143
5 0.498929 0.561905 0.027857 0.022857
5 0.475714 0.549524 0.015714 0.026667
5 0.476071 0.530476 0.006429 0.015238
3 0.427143 0.569048 0.015714 0.014286
3 0.487857 0.506667 0.008571 0.017143
3 0.484286 0.530952 0.008571 0.018095
4 0.458214 0.463810 0.006429 0.015238
5 0.535000 0.450952 0.024286 0.016190
5 0.535000 0.428095 0.022857 0.016190
3 0.342857 0.630476 0.020000 0.017143
3 0.332500 0.740476 0.022143 0.018095
3 0.298571 0.952381 0.025714 0.024762
3 0.287143 0.986667 0.025714 0.015238
5 0.473929 0.913810 0.033571 0.101905
5 0.732857 0.967143 0.020000 0.054286
3 0.727857 0.909524 0.011429 0.038095
5 0.780714 0.749524 0.062857 0.078095
3 0.598214 0.500000 0.007857 0.020952
3 0.595714 0.468571 0.007143 0.020952
5 0.605000 0.425714 0.015714 0.040000
5 0.608929 0.368095 0.017857 0.044762
5 0.633214 0.303810 0.013571 0.032381
5 0.732500 0.238095 0.007857 0.015238
5 0.657500 0.167143 0.010714 0.025714
5 0.691786 0.003810 0.006429 0.007619
4 0.686429 0.057143 0.004286 0.007619
3 0.632500 0.017619 0.009286 0.004762
3 0.633214 0.013810 0.007857 0.004762
3 0.552143 0.299524 0.008571 0.010476
3 0.523214 0.286667 0.015000 0.007619
3 0.566786 0.243810 0.010714 0.009524
3 0.571786 0.230476 0.012143 0.009524
3 0.557857 0.206667 0.005714 0.009524
3 0.548929 0.208571 0.005000 0.009524
3 0.546786 0.312381 0.010714 0.009524
3 0.525357 0.277143 0.012143 0.005714
3 0.557857 0.257619 0.014286 0.006667
3 0.559286 0.250952 0.012857 0.006667
3 0.543214 0.329048 0.015000 0.006667
