1 0.348250 0.724667 0.012500 0.018667
3 0.349750 0.726333 0.066500 0.055333
3 0.485750 0.704667 0.060500 0.054667
3 0.488750 0.664667 0.057500 0.050667
1 0.486250 0.704333 0.012500 0.019333
1 0.488000 0.667333 0.012000 0.018667
0 0.422750 0.591000 0.006500 0.023333
1 0.499250 0.604667 0.008500 0.020000
6 0.501750 0.610667 0.027500 0.022667
3 0.697250 0.592333 0.044500 0.034000
1 0.697500 0.523000 0.007000 0.018000
9 0.697750 0.525667 0.010500 0.014000
3 0.748500 0.532000 0.034000 0.026667
3 0.783750 0.483000 0.027500 0.022000
3 0.854250 0.486000 0.027500 0.021333
0 0.802000 0.464667 0.004000 0.016000
1 0.808750 0.466667 0.004500 0.008000
0 0.806000 0.464333 0.004000 0.012667
9 0.804250 0.457000 0.009500 0.010000
4 0.923000 0.454333 0.022000 0.022000
3 0.987500 0.408333 0.025000 0.012667
1 0.937000 0.378000 0.004000 0.006667
1 0.938250 0.379000 0.004500 0.007333
9 0.936000 0.380333 0.007000 0.008667
5 0.983000 0.385333 0.027000 0.014667
3 0.799000 0.388667 0.011000 0.012000
4 0.018000 0.456000 0.019000 0.032000
3 0.057500 0.384000 0.025000 0.010667
3 0.052500 0.337667 0.012000 0.006000
4 0.042000 0.332333 0.005000 0.007333
0 0.035500 0.331000 0.002000 0.006000
3 0.007000 0.364000 0.014000 0.009333
3 0.008250 0.360333 0.016500 0.008667
5 0.012250 0.348333 0.018500 0.011333
3 0.016000 0.346667 0.019000 0.008000
0 0.027500 0.340667 0.002000 0.005333
0 0.025250 0.340667 0.002500 0.008000
3 0.019500 0.336000 0.016000 0.006667
