5 0.652143 0.828571 0.247143 0.200000
5 0.633929 0.715714 0.247857 0.187619
0 0.430357 0.819048 0.026429 0.074286
3 0.565714 0.372857 0.081429 0.075238
3 0.571786 0.286667 0.085000 0.049524
3 0.556429 0.197143 0.071429 0.041905
3 0.552143 0.165238 0.050000 0.039048
3 0.548214 0.148095 0.066429 0.035238
3 0.540357 0.093333 0.052143 0.030476
3 0.535714 0.082381 0.048571 0.025714
3 0.500714 0.231429 0.034286 0.049524
3 0.367143 0.457619 0.060000 0.096190
3 0.411429 0.243333 0.034286 0.048571
3 0.421786 0.184286 0.033571 0.046667
3 0.434643 0.119048 0.026429 0.034286
1 0.504643 0.349048 0.016429 0.050476
2 0.506071 0.358095 0.012143 0.041905
0 0.440000 0.377619 0.012857 0.048571
9 0.511071 0.466190 0.046429 0.037143
2 0.566429 0.456190 0.035714 0.032381
0 0.611786 0.470000 0.016429 0.046667
1 0.465714 0.334286 0.017143 0.034286
7 0.467857 0.359048 0.028571 0.055238
3 0.349286 0.266667 0.045714 0.057143
3 0.287500 0.264762 0.050714 0.070476
3 0.382143 0.088571 0.027143 0.036190
3 0.448929 0.062381 0.020714 0.027619
3 0.409643 0.020000 0.020714 0.024762
3 0.303571 0.150000 0.035714 0.042857
3 0.251786 0.227143 0.047857 0.061905
3 0.207143 0.300952 0.060000 0.083810
3 0.134643 0.428571 0.090714 0.116190
3 0.049643 0.572857 0.099286 0.140000
1 0.139286 0.377143 0.018571 0.041905
0 0.514643 0.171429 0.010714 0.036190
0 0.508929 0.087143 0.007857 0.027619
0 0.497143 0.061905 0.007143 0.024762
0 0.492500 0.034762 0.006429 0.023810
7 0.506786 0.042857 0.015000 0.024762
7 0.514286 0.030952 0.014286 0.021905
3 0.500714 0.111905 0.022857 0.031429
3 0.350714 0.077619 0.027143 0.033333
4 0.323214 0.110952 0.033571 0.048571
5 0.364643 0.037619 0.035000 0.056190
3 0.546429 0.053333 0.038571 0.030476
1 0.021786 0.760000 0.040714 0.059048
2 0.024643 0.782381 0.047857 0.080952
