3 0.318929 0.843810 0.043571 0.041905
3 0.339286 0.808571 0.040000 0.038095
3 0.280357 0.680476 0.040714 0.033333
3 0.362857 0.606667 0.032857 0.022857
5 0.363929 0.590952 0.045000 0.025714
5 0.391429 0.558095 0.020000 0.043810
3 0.413571 0.567143 0.021429 0.033333
3 0.512857 0.753810 0.020000 0.042857
3 0.535357 0.646190 0.016429 0.042857
3 0.327500 0.546667 0.025000 0.032381
4 0.381071 0.489048 0.032143 0.023810
4 0.895357 0.690952 0.050714 0.040952
3 0.777143 0.660000 0.040000 0.026667
3 0.771429 0.631429 0.038571 0.024762
3 0.862143 0.574286 0.032857 0.024762
9 0.886786 0.610476 0.017857 0.017143
9 0.888571 0.645238 0.014286 0.014286
9 0.889286 0.639048 0.017143 0.015238
9 0.707857 0.791905 0.007143 0.023810
3 0.563214 0.505238 0.013571 0.037143
3 0.434286 0.346190 0.022857 0.014286
3 0.438214 0.337143 0.019286 0.013333
3 0.466071 0.230476 0.007857 0.013333
3 0.497143 0.174286 0.008571 0.011429
3 0.508571 0.157619 0.007143 0.010476
3 0.584643 0.330952 0.010714 0.018095
3 0.577143 0.281905 0.010000 0.015238
3 0.594643 0.280952 0.009286 0.015238
3 0.599286 0.251905 0.008571 0.014286
3 0.672857 0.275238 0.010000 0.011429
3 0.672143 0.291905 0.008571 0.012381
5 0.736071 0.389048 0.032143 0.033333
3 0.717500 0.342381 0.010714 0.018095
3 0.717143 0.327143 0.008571 0.016190
3 0.723571 0.313810 0.010000 0.016190
3 0.749286 0.342381 0.011429 0.018095
3 0.767143 0.325238 0.017143 0.014286
3 0.768214 0.319048 0.020714 0.011429
3 0.764286 0.312381 0.018571 0.013333
3 0.760000 0.306190 0.017143 0.014286
3 0.757500 0.300476 0.017857 0.010476
3 0.722500 0.231905 0.007857 0.016190
3 0.676786 0.246667 0.009286 0.017143
3 0.658214 0.266190 0.007857 0.016190
3 0.658214 0.236667 0.006429 0.010476
3 0.682857 0.219048 0.017143 0.011429
3 0.752143 0.200000 0.005714 0.009524
3 0.761786 0.200000 0.007857 0.011429
3 0.770357 0.201429 0.009286 0.010476
5 0.563571 0.196667 0.015714 0.033333
5 0.582500 0.146190 0.007857 0.016190
3 0.743929 0.171429 0.007857 0.011429
3 0.751786 0.170000 0.007857 0.012381
5 0.571071 0.130000 0.015000 0.014286
8 0.623929 0.075714 0.006429 0.016190
5 0.663571 0.084286 0.007143 0.012381
5 0.669643 0.109048 0.007857 0.018095
3 0.666429 0.127143 0.005714 0.006667
3 0.693929 0.150952 0.010714 0.008571
3 0.657857 0.173333 0.005714 0.009524
3 0.658571 0.098095 0.004286 0.005714
3 0.664286 0.095238 0.004286 0.007619
3 0.525357 0.103810 0.005000 0.005714
3 0.537500 0.105238 0.005000 0.006667
3 0.545714 0.108571 0.005714 0.007619
3 0.565714 0.106667 0.004286 0.005714
3 0.571786 0.106667 0.006429 0.007619
3 0.577500 0.106190 0.005000 0.008571
3 0.594643 0.090000 0.006429 0.006667
3 0.678214 0.074762 0.009286 0.006667
3 0.680357 0.068571 0.006429 0.007619
3 0.611071 0.064286 0.005000 0.006667
3 0.605357 0.049524 0.003571 0.005714
3 0.382857 0.439524 0.022857 0.016190
