9 0.010357 0.066667 0.020714 0.045714
0 0.010000 0.045238 0.020000 0.039048
0 0.020000 0.034762 0.021429 0.035238
0 0.031786 0.021429 0.017857 0.031429
0 0.026071 0.028095 0.026429 0.040952
9 0.033571 0.309048 0.028571 0.050476
1 0.029643 0.287143 0.027857 0.021905
1 0.028214 0.298095 0.026429 0.017143
9 0.086071 0.566190 0.035000 0.056190
1 0.083929 0.551905 0.027857 0.035238
3 0.356429 0.663333 0.111429 0.218095
0 0.335714 0.587143 0.018571 0.025714
3 0.381071 0.468571 0.093571 0.144762
3 0.460357 0.630952 0.116429 0.189524
4 0.518929 0.540000 0.130714 0.205714
3 0.596429 0.514286 0.117143 0.163810
3 0.663214 0.470952 0.103571 0.128571
3 0.577857 0.364762 0.100000 0.116190
2 0.532500 0.442381 0.050714 0.031429
0 0.453929 0.361429 0.020714 0.058095
0 0.489286 0.367143 0.017143 0.058095
0 0.585357 0.274762 0.017857 0.056190
2 0.261786 0.361905 0.040714 0.036190
2 0.216071 0.351429 0.049286 0.043810
2 0.281429 0.324286 0.045714 0.044762
2 0.371071 0.273810 0.037857 0.033333
2 0.460357 0.232381 0.035000 0.040000
2 0.346071 0.303333 0.045000 0.039048
2 0.541429 0.218571 0.035714 0.039048
2 0.533929 0.201429 0.023571 0.023810
3 0.782500 0.337143 0.122143 0.108571
3 0.722857 0.418571 0.117143 0.140000
3 0.733571 0.294762 0.104286 0.094286
3 0.691786 0.246190 0.105000 0.082857
4 0.587143 0.111429 0.068571 0.097143
4 0.635357 0.085714 0.083571 0.108571
4 0.529643 0.050952 0.067857 0.080952
4 0.816071 0.094762 0.110714 0.096190
4 0.727143 0.038095 0.085714 0.074286
0 0.844286 0.527143 0.037143 0.065714
0 0.816071 0.506190 0.029286 0.065714
3 0.952500 0.731905 0.092143 0.180000
4 0.885000 0.891429 0.227143 0.215238
