3 0.223214 0.059010 0.017857 0.013959
0 0.242500 0.095812 0.003571 0.011421
0 0.247500 0.093274 0.003571 0.013959
0 0.248929 0.121193 0.003571 0.008883
3 0.229643 0.112310 0.017857 0.021574
3 0.318571 0.091371 0.017143 0.017766
3 0.253929 0.137056 0.017857 0.022843
4 0.288929 0.039975 0.010714 0.024112
4 0.329286 0.062817 0.021429 0.016497
3 0.036786 0.407360 0.015000 0.022843
3 0.121786 0.557107 0.017857 0.027919
3 0.031429 0.848350 0.030000 0.039340
3 0.067857 0.807741 0.027143 0.036802
4 0.102500 0.763959 0.023571 0.035533
3 0.131429 0.713198 0.024286 0.038071
8 0.245714 0.575508 0.057143 0.077411
0 0.168214 0.556472 0.006429 0.008883
0 0.168929 0.551396 0.003571 0.011421
8 0.260000 0.409898 0.022857 0.048223
8 0.298929 0.396574 0.032143 0.062183
8 0.310000 0.411168 0.027143 0.058376
8 0.336786 0.335660 0.030714 0.079949
8 0.440357 0.359772 0.013571 0.100254
8 0.361071 0.269036 0.022143 0.055838
8 0.397500 0.280457 0.042143 0.068528
0 0.428929 0.259518 0.002143 0.011421
8 0.393571 0.300127 0.034286 0.057107
8 0.379643 0.312183 0.043571 0.071066
8 0.376429 0.335025 0.042857 0.068528
8 0.373214 0.362310 0.045000 0.072335
8 0.368929 0.384518 0.045000 0.076142
8 0.368214 0.411802 0.029286 0.046954
8 0.357143 0.425761 0.034286 0.057107
8 0.348571 0.443528 0.044286 0.074873
8 0.341071 0.463832 0.043571 0.069797
8 0.336071 0.488579 0.042143 0.068528
4 0.264286 0.451777 0.017143 0.032995
0 0.241071 0.427665 0.003571 0.005076
0 0.245000 0.416244 0.004286 0.007614
0 0.254286 0.401650 0.002857 0.011421
0 0.280714 0.468274 0.004286 0.012690
0 0.333571 0.527919 0.004286 0.010152
0 0.338214 0.532995 0.003571 0.010152
0 0.339286 0.538706 0.002857 0.011421
8 0.376786 0.173858 0.033571 0.076142
8 0.449643 0.156726 0.016429 0.072335
3 0.464643 0.038706 0.009286 0.024112
3 0.465357 0.152284 0.007857 0.025381
8 0.439286 0.886421 0.070000 0.049492
4 0.800000 0.987944 0.027143 0.021574
0 0.923214 0.904188 0.006429 0.006345
0 0.857857 0.867386 0.007143 0.008883
0 0.933571 0.913071 0.007143 0.008883
0 0.958214 0.928299 0.006429 0.006345
0 0.951071 0.925127 0.006429 0.007614
0 0.954286 0.930838 0.005714 0.006345
0 0.985357 0.947335 0.006429 0.006345
0 0.566786 0.308376 0.002143 0.010152
