1 0.408500 0.769667 0.014000 0.042000
2 0.408500 0.778667 0.014000 0.046667
0 0.406250 0.898667 0.021500 0.061333
0 0.534000 0.843333 0.013000 0.049333
0 0.575500 0.858667 0.012000 0.050667
0 0.440000 0.982000 0.013000 0.034667
0 0.423250 0.966333 0.016500 0.052667
4 0.582500 0.956667 0.058000 0.085333
5 0.667250 0.886667 0.180500 0.209333
3 0.637250 0.783667 0.090500 0.058000
3 0.766000 0.764667 0.118000 0.069333
6 0.714000 0.733000 0.047000 0.039333
1 0.720500 0.725667 0.020000 0.040667
3 0.683500 0.707000 0.094000 0.058000
3 0.717750 0.661333 0.085500 0.052000
3 0.575750 0.686667 0.086500 0.053333
4 0.623250 0.627667 0.079500 0.048667
4 0.598000 0.551667 0.060000 0.050000
2 0.649000 0.514333 0.013000 0.022000
6 0.605750 0.503000 0.017500 0.022000
2 0.597750 0.474667 0.016500 0.014667
6 0.606000 0.479000 0.018000 0.020667
9 0.576000 0.456667 0.015000 0.012000
9 0.572250 0.480667 0.016500 0.017333
3 0.553250 0.471333 0.044500 0.022667
3 0.552500 0.461333 0.022000 0.017333
9 0.540750 0.439333 0.012500 0.012000
2 0.551250 0.434000 0.004500 0.014667
2 0.545500 0.427000 0.008000 0.011333
3 0.578250 0.404000 0.030500 0.016000
4 0.524000 0.425000 0.030000 0.027333
0 0.519750 0.455333 0.005500 0.022667
3 0.515500 0.481333 0.025000 0.030667
3 0.492000 0.507667 0.031000 0.034000
6 0.480750 0.450333 0.013500 0.019333
3 0.498250 0.411667 0.036500 0.019333
1 0.516750 0.385667 0.003500 0.011333
1 0.520750 0.386667 0.004500 0.010667
1 0.525000 0.395000 0.004000 0.011333
2 0.529750 0.393333 0.003500 0.010667
9 0.499000 0.382333 0.003000 0.010000
4 0.467000 0.417333 0.011000 0.022667
0 0.471250 0.413333 0.004500 0.016000
3 0.474500 0.385000 0.015000 0.015333
4 0.457250 0.380333 0.011500 0.018000
3 0.470500 0.340667 0.015000 0.010667
0 0.394500 0.342667 0.003000 0.010667
0 0.390500 0.345667 0.003000 0.011333
0 0.379750 0.349333 0.003500 0.012000
0 0.392500 0.336000 0.003000 0.010667
0 0.398500 0.336000 0.002000 0.009333
3 0.406250 0.340667 0.020500 0.010667
0 0.403500 0.353667 0.003000 0.012667
4 0.376500 0.364333 0.009000 0.016667
0 0.381500 0.364000 0.003000 0.012000
0 0.378000 0.382667 0.004000 0.013333
9 0.384500 0.391667 0.004000 0.008667
1 0.384500 0.388000 0.005000 0.013333
9 0.391500 0.406333 0.005000 0.011333
1 0.391250 0.403667 0.006500 0.015333
0 0.377000 0.374667 0.004000 0.012000
0 0.376000 0.394667 0.005000 0.016000
0 0.365250 0.396000 0.005500 0.016000
0 0.398000 0.396333 0.006000 0.016667
0 0.402000 0.403333 0.004000 0.014667
0 0.405250 0.401333 0.004500 0.014667
0 0.401000 0.393333 0.005000 0.016000
0 0.406000 0.394333 0.004000 0.015333
0 0.411250 0.378333 0.003500 0.012667
0 0.412750 0.380333 0.002500 0.008667
0 0.408000 0.387667 0.003000 0.012667
0 0.371250 0.423667 0.004500 0.014000
6 0.372250 0.437333 0.008500 0.016000
0 0.366750 0.436000 0.004500 0.016000
0 0.364500 0.457333 0.005000 0.021333
0 0.364250 0.455667 0.008500 0.014000
0 0.362500 0.441333 0.006000 0.017333
0 0.354000 0.441667 0.005000 0.020667
0 0.350500 0.455667 0.005000 0.018000
6 0.347000 0.469000 0.012000 0.022000
1 0.395500 0.445000 0.007000 0.020667
2 0.395500 0.448333 0.006000 0.015333
0 0.406500 0.432667 0.006000 0.017333
9 0.406750 0.452667 0.006500 0.014667
0 0.120750 0.926000 0.029500 0.056000
3 0.277500 0.766000 0.051000 0.101333
3 0.305750 0.671333 0.037500 0.068000
0 0.360750 0.675333 0.014500 0.037333
0 0.419000 0.648000 0.011000 0.036000
0 0.400500 0.628333 0.010000 0.034000
0 0.336500 0.642000 0.015000 0.034667
2 0.339500 0.646667 0.009000 0.033333
3 0.462000 0.664333 0.061000 0.058000
1 0.445750 0.592000 0.010500 0.022667
1 0.456000 0.589000 0.010000 0.019333
1 0.460000 0.598667 0.019000 0.020000
3 0.319750 0.595667 0.033500 0.052667
3 0.334000 0.530667 0.029000 0.041333
9 0.400750 0.560000 0.010500 0.022667
0 0.413000 0.537667 0.006000 0.024667
1 0.420500 0.545667 0.007000 0.014000
0 0.424250 0.531333 0.006500 0.018667
0 0.396750 0.523000 0.007500 0.027333
0 0.409750 0.486000 0.006500 0.021333
1 0.394250 0.493333 0.008500 0.021333
9 0.394250 0.496333 0.008500 0.018000
0 0.382500 0.494000 0.007000 0.022667
0 0.378250 0.490333 0.006500 0.023333
1 0.341000 0.493333 0.008000 0.014667
9 0.387000 0.484333 0.007000 0.018000
1 0.386500 0.479667 0.006000 0.016667
1 0.390000 0.465333 0.005000 0.010667
1 0.389000 0.460667 0.005000 0.013333
9 0.389750 0.466667 0.005500 0.013333
0 0.400000 0.480333 0.006000 0.022000
0 0.403250 0.468667 0.005500 0.014667
0 0.407750 0.466333 0.004500 0.018000
4 0.303750 0.354000 0.023500 0.014667
3 0.337250 0.346000 0.020500 0.012000
3 0.828000 0.486000 0.042000 0.032000
6 0.861500 0.430667 0.025000 0.017333
6 0.840250 0.433000 0.019500 0.015333
4 0.930750 0.494667 0.049500 0.038667
3 0.917500 0.345333 0.025000 0.017333
3 0.859750 0.352667 0.021500 0.016000
3 0.860250 0.347667 0.022500 0.016667
