5 0.164666 0.689703 0.165449 0.154917
3 0.479384 0.510668 0.040188 0.043599
3 0.405793 0.872449 0.055846 0.091837
3 0.736430 0.615955 0.024008 0.051948
3 0.790449 0.624304 0.023486 0.053803
3 0.859081 0.793135 0.054280 0.072356
3 0.870303 0.761132 0.055846 0.071429
3 0.953288 0.445733 0.028706 0.032468
3 0.973382 0.427180 0.025052 0.038033
3 0.959290 0.311688 0.036534 0.027829
3 0.976514 0.308442 0.028184 0.028757
3 0.978340 0.292672 0.032881 0.026902
3 0.989040 0.286178 0.020877 0.021336
3 0.992432 0.271800 0.014092 0.020408
5 0.458246 0.203618 0.037578 0.045455
5 0.474165 0.198052 0.028706 0.039889
