3 0.864750 0.406000 0.045500 0.022667
4 0.530000 0.325667 0.030000 0.022000
5 0.482500 0.622000 0.025000 0.048000
3 0.531000 0.745667 0.032000 0.059333
3 0.562750 0.917000 0.037500 0.055333
3 0.426250 0.899000 0.031500 0.060667
3 0.376250 0.721333 0.022500 0.053333
5 0.422500 0.712000 0.026000 0.065333
5 0.436250 0.208000 0.011500 0.032000
3 0.434750 0.245667 0.010500 0.028667
3 0.418500 0.643000 0.026000 0.051333
3 0.368500 0.595000 0.022000 0.047333
3 0.398000 0.590667 0.025000 0.044000
3 0.389750 0.548333 0.029500 0.020667
3 0.385000 0.520000 0.030000 0.033333
3 0.014250 0.071333 0.021500 0.010667
3 0.098000 0.082333 0.021000 0.019333
3 0.167500 0.089667 0.022000 0.016667
3 0.229500 0.094333 0.023000 0.012667
3 0.191750 0.077667 0.010500 0.018000
3 0.174500 0.158000 0.028000 0.024000
3 0.253750 0.135667 0.013500 0.018000
3 0.274250 0.192000 0.012500 0.028000
3 0.268750 0.254667 0.014500 0.028000
3 0.278250 0.284667 0.016500 0.032000
3 0.289250 0.325333 0.017500 0.033333
3 0.298500 0.358000 0.020000 0.034667
3 0.313750 0.338000 0.016500 0.033333
3 0.306250 0.302667 0.010500 0.024000
3 0.299000 0.266667 0.021000 0.029333
3 0.289250 0.245667 0.015500 0.023333
3 0.301750 0.420667 0.015500 0.040000
3 0.314750 0.394000 0.016500 0.032000
3 0.325500 0.428333 0.024000 0.039333
3 0.353250 0.439333 0.020500 0.038667
3 0.310000 0.459333 0.020000 0.040000
3 0.324500 0.499333 0.022000 0.036000
3 0.347000 0.488667 0.021000 0.045333
3 0.339250 0.540667 0.026500 0.044000
3 0.296250 0.542000 0.037500 0.030667
3 0.307500 0.566333 0.031000 0.023333
3 0.245500 0.579000 0.043000 0.018000
3 0.214750 0.148333 0.012500 0.023333
3 0.227250 0.173333 0.014500 0.032000
4 0.157500 0.116333 0.021000 0.015333
4 0.147000 0.084333 0.019000 0.015333
4 0.264250 0.313667 0.017500 0.031333
4 0.343500 0.400667 0.018000 0.036000
4 0.283500 0.381667 0.015000 0.026000
4 0.180250 0.603333 0.035500 0.022667
5 0.693500 0.378333 0.030000 0.022000
5 0.790750 0.395667 0.029500 0.020667
5 0.778250 0.634333 0.056500 0.056667
4 0.721000 0.686667 0.046000 0.033333
4 0.841250 0.584667 0.034500 0.029333
4 0.883000 0.558000 0.032000 0.032000
4 0.186000 0.040000 0.015000 0.020000
4 0.174000 0.074333 0.026000 0.019333
4 0.251750 0.085000 0.015500 0.024667
4 0.266250 0.129000 0.014500 0.024667
4 0.211250 0.208667 0.019500 0.036000
6 0.188750 0.324000 0.028500 0.017333
3 0.148000 0.149000 0.021000 0.024667
3 0.401000 0.828000 0.032000 0.064000
3 0.304750 0.989000 0.050500 0.022000
9 0.590500 0.772333 0.014000 0.018000
1 0.590750 0.772667 0.010500 0.014667
0 0.253250 0.241000 0.008500 0.016667
4 0.256000 0.280667 0.020000 0.028000
