0 0.522857 0.954286 0.022857 0.049524
1 0.750000 0.726190 0.032857 0.056190
0 0.788929 0.632857 0.012143 0.040952
9 0.781786 0.633810 0.045000 0.029524
0 0.728214 0.502857 0.013571 0.028571
0 0.553571 0.458095 0.010000 0.026667
0 0.425000 0.469524 0.007143 0.020952
0 0.514286 0.470476 0.005714 0.017143
0 0.520714 0.467619 0.007143 0.024762
0 0.054286 0.368571 0.007143 0.020952
0 0.038214 0.379524 0.010714 0.020000
1 0.188214 0.408095 0.010714 0.018095
1 0.222857 0.400476 0.008571 0.016190
1 0.303929 0.367619 0.005000 0.015238
2 0.302143 0.371905 0.014286 0.008571
0 0.372143 0.425714 0.007143 0.015238
0 0.386071 0.426190 0.007857 0.025714
0 0.395000 0.424286 0.008571 0.025714
0 0.377857 0.342381 0.004286 0.012381
0 0.354286 0.337143 0.004286 0.011429
0 0.350000 0.336190 0.004286 0.011429
0 0.373571 0.329524 0.004286 0.011429
0 0.378929 0.326667 0.003571 0.011429
0 0.390714 0.375238 0.005714 0.020952
0 0.402500 0.367619 0.006429 0.019048
0 0.460357 0.367143 0.006429 0.014286
0 0.468214 0.365714 0.005000 0.015238
0 0.474286 0.367143 0.004286 0.014286
0 0.491071 0.377143 0.006429 0.019048
0 0.577500 0.382381 0.006429 0.018095
0 0.432857 0.331429 0.002857 0.009524
0 0.435357 0.330476 0.003571 0.009524
1 0.492143 0.360000 0.005714 0.011429
1 0.495000 0.361429 0.005714 0.010476
9 0.673571 0.390952 0.020000 0.012381
9 0.608214 0.421905 0.015000 0.011429
1 0.668929 0.418095 0.006429 0.013333
3 0.546786 0.338571 0.017857 0.008571
4 0.522500 0.327619 0.012143 0.009524
3 0.402857 0.316190 0.020000 0.013333
