0 0.066071 0.519670 0.023571 0.046954
0 0.081429 0.515863 0.020000 0.049492
0 0.325714 0.545685 0.011429 0.035533
0 0.358571 0.499365 0.011429 0.031726
0 0.406429 0.460025 0.010000 0.039340
0 0.470357 0.460660 0.016429 0.035533
0 0.453929 0.443528 0.009286 0.036802
0 0.446071 0.442893 0.009286 0.032995
0 0.498214 0.424492 0.009286 0.029188
0 0.532500 0.461929 0.007857 0.035533
0 0.596429 0.546954 0.012857 0.030457
0 0.701786 0.509518 0.012143 0.031726
0 0.756786 0.527284 0.016429 0.031726
4 0.838571 0.854695 0.098571 0.133249
4 0.663571 0.964467 0.105714 0.068528
9 0.710357 0.441624 0.020714 0.053299
9 0.687857 0.392132 0.017143 0.050761
9 0.639286 0.378173 0.014286 0.058376
9 0.593214 0.397208 0.016429 0.058376
9 0.579643 0.402284 0.022143 0.055838
9 0.605000 0.392132 0.014286 0.053299
9 0.613571 0.384518 0.011429 0.043147
9 0.663571 0.355964 0.012857 0.054569
0 0.310357 0.532360 0.020714 0.039340
0 0.445714 0.437183 0.008571 0.031726
0 0.497857 0.409898 0.008571 0.027919
0 0.472143 0.444797 0.008571 0.026650
0 0.244643 0.344543 0.015000 0.044416
0 0.099643 0.531726 0.016429 0.038071
3 0.358571 0.330584 0.040000 0.107868
3 0.385714 0.266497 0.042857 0.093909
9 0.490357 0.204949 0.017857 0.057107
8 0.131429 0.128807 0.154286 0.184010
8 0.299286 0.027919 0.122857 0.055838
9 0.030714 0.232868 0.030000 0.069797
9 0.013571 0.249365 0.027143 0.069797
9 0.010000 0.262056 0.020000 0.072335
0 0.125357 0.043782 0.025000 0.049492
0 0.188214 0.635152 0.020714 0.036802
