0 0.643929 0.911168 0.012143 0.032995
0 0.663214 0.931472 0.012143 0.032995
0 0.639286 0.748096 0.008571 0.029188
2 0.571786 0.932107 0.009286 0.031726
2 0.579286 0.863579 0.011429 0.052030
2 0.590000 0.816624 0.017143 0.034264
2 0.603214 0.779822 0.019286 0.041878
0 0.621429 0.652919 0.010000 0.031726
0 0.626786 0.616117 0.007857 0.029188
0 0.542500 0.461294 0.010714 0.029188
0 0.558214 0.454315 0.005000 0.030457
0 0.563571 0.441624 0.010000 0.027919
0 0.548571 0.425761 0.007143 0.026650
0 0.505357 0.454949 0.010714 0.034264
0 0.499643 0.442259 0.010714 0.029188
0 0.508571 0.423223 0.008571 0.029188
0 0.620357 0.395305 0.007857 0.026650
0 0.801786 0.317893 0.012143 0.034264
0 0.464286 0.434010 0.010000 0.035533
0 0.456429 0.403553 0.010000 0.030457
0 0.407500 0.371827 0.009286 0.032995
0 0.422857 0.355964 0.008571 0.031726
0 0.394286 0.320431 0.010000 0.034264
0 0.380000 0.266497 0.008571 0.035533
0 0.368929 0.228426 0.009286 0.032995
0 0.359643 0.222081 0.007857 0.035533
8 0.205357 0.049492 0.037857 0.098985
