3 0.648250 0.670000 0.071500 0.109333
8 0.512250 0.302667 0.104500 0.166667
7 0.520500 0.498000 0.029000 0.068000
5 0.715250 0.903333 0.491500 0.193333
5 0.968000 0.740333 0.064000 0.114000
3 0.108500 0.498333 0.043000 0.091333
3 0.242250 0.323667 0.075500 0.042000
3 0.229750 0.278000 0.032500 0.049333
3 0.272750 0.277667 0.033500 0.052667
3 0.395000 0.217000 0.029000 0.046000
3 0.382250 0.178000 0.028500 0.042667
3 0.477250 0.197333 0.033500 0.044000
4 0.426000 0.199667 0.027000 0.052667
3 0.441000 0.124667 0.028000 0.038667
3 0.393000 0.102333 0.026000 0.038000
3 0.602000 0.138333 0.036000 0.032667
3 0.562000 0.085667 0.028000 0.026000
7 0.565250 0.140000 0.021500 0.033333
1 0.401750 0.073667 0.006500 0.019333
2 0.401250 0.079667 0.007500 0.012667
3 0.448750 0.065333 0.039500 0.025333
3 0.437250 0.054333 0.039500 0.026000
3 0.427750 0.032667 0.039500 0.022667
3 0.508000 0.021667 0.024000 0.024667
3 0.469500 0.032000 0.031000 0.024000
3 0.355750 0.034667 0.022500 0.022667
3 0.383500 0.012333 0.020000 0.024667
2 0.374250 0.278667 0.022500 0.018667
