3 0.069643 0.612381 0.033571 0.020952
3 0.130714 0.569048 0.020000 0.042857
3 0.105714 0.715714 0.038571 0.023810
3 0.236786 0.722381 0.036429 0.021905
3 0.249286 0.621429 0.035714 0.021905
3 0.259643 0.599048 0.033571 0.022857
3 0.303929 0.597619 0.032143 0.021905
3 0.298571 0.575714 0.034286 0.020000
3 0.348929 0.597143 0.036429 0.022857
3 0.390357 0.601429 0.036429 0.023810
3 0.445000 0.615238 0.034286 0.022857
3 0.483929 0.591429 0.033571 0.020952
3 0.026429 0.610476 0.032857 0.020952
3 0.159643 0.797143 0.036429 0.022857
3 0.290714 0.794286 0.037143 0.020952
3 0.245714 0.795238 0.038571 0.022857
3 0.111071 0.795714 0.037857 0.021905
3 0.331071 0.791905 0.035000 0.021905
3 0.376429 0.788571 0.034286 0.020952
3 0.417500 0.787143 0.036429 0.025714
4 0.467857 0.705714 0.040000 0.024762
4 0.430357 0.592857 0.027857 0.018095
0 0.148571 0.627619 0.010000 0.009524
9 0.257857 0.769048 0.018571 0.010476
1 0.256429 0.770000 0.008571 0.012381
9 0.190714 0.541429 0.008571 0.020000
9 0.208214 0.538571 0.006429 0.014286
9 0.378214 0.573333 0.017857 0.011429
9 0.073571 0.556190 0.014286 0.013333
0 0.066071 0.546190 0.009286 0.012381
3 0.196429 0.254762 0.018571 0.054286
0 0.179286 0.323333 0.008571 0.010476
0 0.172857 0.297143 0.008571 0.009524
3 0.163214 0.120952 0.019286 0.049524
3 0.423571 0.259524 0.015714 0.046667
3 0.423214 0.204286 0.015000 0.044762
3 0.421071 0.123810 0.013571 0.045714
3 0.484286 0.162381 0.032857 0.021905
4 0.454643 0.249524 0.013571 0.043810
3 0.820000 0.941905 0.018571 0.053333
3 0.945357 0.870000 0.022143 0.054286
3 0.935714 0.795238 0.041429 0.026667
3 0.945357 0.770476 0.033571 0.020952
3 0.735357 0.700476 0.037857 0.021905
3 0.622143 0.730000 0.037143 0.021905
3 0.608929 0.550952 0.036429 0.025714
3 0.501429 0.564286 0.037143 0.021905
3 0.524643 0.587619 0.033571 0.020952
3 0.563929 0.587143 0.035000 0.021905
3 0.600714 0.583810 0.032857 0.022857
3 0.778929 0.410000 0.035000 0.021905
3 0.866071 0.404762 0.037857 0.022857
3 0.861786 0.265238 0.037857 0.021905
3 0.861071 0.172381 0.037857 0.024762
3 0.847143 0.108095 0.037143 0.025714
3 0.771429 0.151429 0.034286 0.024762
3 0.770357 0.197619 0.036429 0.023810
3 0.774643 0.269048 0.035000 0.021905
3 0.779643 0.313810 0.036429 0.021905
3 0.723214 0.298571 0.016429 0.050476
3 0.767500 0.175714 0.033571 0.023810
3 0.847143 0.083333 0.035714 0.023810
3 0.844643 0.060000 0.035000 0.022857
3 0.983571 0.570000 0.032857 0.023810
3 0.988929 0.544762 0.022143 0.019048
3 0.931071 0.471429 0.019286 0.047619
3 0.872857 0.480476 0.020000 0.042857
3 0.799643 0.475714 0.015000 0.035238
3 0.833929 0.478571 0.019286 0.048571
3 0.853929 0.477619 0.017857 0.046667
3 0.782143 0.480000 0.018571 0.047619
4 0.758571 0.487143 0.015714 0.040952
3 0.989286 0.475238 0.018571 0.040000
0 0.663929 0.612381 0.009286 0.009524
0 0.895357 0.516190 0.009286 0.009524
1 0.855000 0.598571 0.007143 0.010476
1 0.832857 0.596190 0.007143 0.011429
9 0.854286 0.599524 0.015714 0.010476
9 0.831429 0.595714 0.017143 0.010476
5 0.774286 0.922857 0.020000 0.060952
3 0.614286 0.835238 0.035714 0.022857
1 0.833571 0.797143 0.010000 0.011429
1 0.800714 0.870000 0.011429 0.012381
1 0.797857 0.805238 0.010000 0.010476
1 0.720714 0.781905 0.008571 0.009524
2 0.835000 0.795238 0.008571 0.017143
2 0.719286 0.782857 0.007143 0.020952
9 0.801071 0.870476 0.006429 0.022857
9 0.798571 0.806667 0.008571 0.017143
