4 0.043929 0.264286 0.020714 0.040952
3 0.057857 0.263810 0.017143 0.036190
3 0.538571 0.100952 0.025714 0.019048
3 0.717857 0.205714 0.017143 0.038095
3 0.738571 0.176190 0.012857 0.034286
3 0.750357 0.212381 0.025000 0.024762
5 0.723571 0.261905 0.022857 0.041905
3 0.692857 0.307619 0.017143 0.049524
3 0.877857 0.065238 0.017143 0.035238
4 0.931429 0.010952 0.027143 0.021905
3 0.932143 0.027619 0.030000 0.022857
3 0.933571 0.049048 0.028571 0.021905
3 0.957143 0.171429 0.030000 0.020952
3 0.961071 0.187619 0.029286 0.019048
3 0.960357 0.208095 0.029286 0.020000
3 0.965714 0.226190 0.030000 0.020000
5 0.716429 0.395238 0.014286 0.041905
3 0.731786 0.412381 0.016429 0.036190
5 0.842500 0.424762 0.106429 0.057143
5 0.681071 0.473333 0.070714 0.041905
3 0.710357 0.505238 0.027857 0.023810
3 0.486786 0.514286 0.026429 0.020952
3 0.466429 0.463810 0.027143 0.020952
3 0.379286 0.488571 0.028571 0.019048
3 0.409643 0.421905 0.017857 0.038095
3 0.343929 0.496190 0.026429 0.019048
3 0.225714 0.452381 0.025714 0.026667
3 0.235714 0.526190 0.028571 0.021905
3 0.267500 0.517619 0.029286 0.021905
9 0.096786 0.574286 0.013571 0.009524
9 0.109286 0.582857 0.014286 0.007619
9 0.125357 0.595714 0.012143 0.008571
9 0.033929 0.642857 0.015000 0.007619
9 0.343929 0.593810 0.013571 0.008571
9 0.440357 0.613333 0.012143 0.009524
9 0.735000 0.331429 0.010000 0.015238
9 0.745357 0.399048 0.007857 0.011429
9 0.798214 0.386190 0.010714 0.008571
9 0.775357 0.418571 0.013571 0.012381
9 0.845714 0.396667 0.011429 0.008571
9 0.967857 0.464762 0.011429 0.009524
