4 0.396071 0.836294 0.040714 0.053299
3 0.402500 0.812817 0.027857 0.034264
3 0.411786 0.793147 0.033571 0.035533
4 0.420000 0.767132 0.034286 0.039340
3 0.429286 0.751904 0.035714 0.039340
3 0.437857 0.727157 0.031429 0.038071
3 0.441786 0.704949 0.029286 0.039340
4 0.447500 0.684645 0.035000 0.044416
3 0.458214 0.671954 0.036429 0.039340
3 0.461071 0.649746 0.026429 0.032995
4 0.467500 0.633249 0.032143 0.040609
4 0.474286 0.614848 0.031429 0.036802
3 0.479643 0.602792 0.030714 0.030457
3 0.481071 0.585025 0.033571 0.035533
4 0.487500 0.567893 0.033571 0.036802
3 0.495000 0.559645 0.028571 0.030457
3 0.497500 0.542513 0.030714 0.031726
3 0.501429 0.526015 0.027143 0.029188
3 0.506786 0.515228 0.025000 0.027919
3 0.825000 0.358503 0.025714 0.019036
3 0.823571 0.344543 0.027143 0.016497
3 0.833571 0.328680 0.022857 0.017766
4 0.826786 0.316624 0.025000 0.019036
3 0.966429 0.107234 0.015714 0.013959
3 0.953929 0.804569 0.029286 0.032995
8 0.394643 0.193528 0.039286 0.039340
3 0.407143 0.148477 0.008571 0.015228
4 0.376786 0.048858 0.009286 0.016497
8 0.358929 0.010152 0.010714 0.020305
3 0.354286 0.032995 0.010000 0.015228
0 0.592857 0.422589 0.007143 0.020305
