0 0.728500 0.944000 0.109000 0.112000
0 0.490250 0.947000 0.035500 0.078000
0 0.882000 0.933333 0.043000 0.077333
2 0.919250 0.859667 0.033500 0.080667
6 0.856250 0.650667 0.078500 0.058667
9 0.794500 0.566333 0.051000 0.032667
9 0.803500 0.533000 0.051000 0.034000
3 0.615750 0.584000 0.073500 0.190667
3 0.692250 0.592333 0.103500 0.144667
0 0.708750 0.531333 0.017500 0.061333
0 0.542000 0.693000 0.025000 0.058000
0 0.452500 0.722667 0.028000 0.068000
0 0.450000 0.674667 0.015000 0.045333
0 0.471500 0.630333 0.019000 0.068667
0 0.495250 0.634000 0.019500 0.066667
0 0.539750 0.555333 0.021500 0.061333
0 0.556250 0.532667 0.018500 0.056000
0 0.530750 0.539000 0.014500 0.048667
0 0.541750 0.527333 0.017500 0.052000
1 0.582250 0.465667 0.017500 0.032667
1 0.688250 0.471000 0.014500 0.048667
9 0.710000 0.465333 0.042000 0.034667
0 0.686750 0.434000 0.015500 0.053333
0 0.689000 0.427000 0.016000 0.051333
0 0.679250 0.428667 0.012500 0.030667
0 0.675750 0.403333 0.014500 0.045333
2 0.670750 0.412000 0.010500 0.038667
0 0.638250 0.380333 0.014500 0.042000
6 0.580500 0.475333 0.030000 0.069333
1 0.531000 0.458333 0.011000 0.022000
0 0.530250 0.431667 0.015500 0.042000
0 0.515500 0.431667 0.014000 0.043333
9 0.492750 0.450333 0.018500 0.048667
0 0.473250 0.452667 0.019500 0.056000
9 0.616500 0.383000 0.030000 0.031333
0 0.590750 0.372667 0.015500 0.048000
1 0.607500 0.359333 0.016000 0.030667
9 0.606500 0.368667 0.028000 0.030667
1 0.615250 0.345333 0.015500 0.033333
9 0.614500 0.349667 0.028000 0.030000
0 0.657000 0.321000 0.016000 0.042000
0 0.678750 0.314000 0.011500 0.040000
0 0.643500 0.317667 0.013000 0.046000
1 0.594250 0.333667 0.011500 0.040667
2 0.594500 0.338333 0.023000 0.031333
0 0.581250 0.347667 0.011500 0.043333
1 0.553500 0.342000 0.013000 0.042667
2 0.553500 0.346667 0.012000 0.030667
0 0.626250 0.292667 0.010500 0.036000
0 0.605000 0.283667 0.013000 0.031333
1 0.489250 0.311000 0.014500 0.023333
0 0.511500 0.298667 0.008000 0.034667
0 0.551750 0.304667 0.012500 0.038667
0 0.566500 0.301000 0.010000 0.036667
0 0.561500 0.289333 0.013000 0.038667
0 0.546250 0.287667 0.009500 0.035333
0 0.551750 0.279667 0.009500 0.031333
0 0.551000 0.272000 0.011000 0.029333
0 0.536750 0.286000 0.008500 0.036000
0 0.540250 0.280333 0.006500 0.023333
3 0.596250 0.311667 0.036500 0.052667
4 0.580500 0.247667 0.030000 0.052667
3 0.514000 0.244333 0.033000 0.046000
0 0.495750 0.280333 0.009500 0.032667
2 0.619750 0.226333 0.033500 0.016667
0 0.619750 0.229000 0.013500 0.032667
0 0.657250 0.204333 0.005500 0.020667
4 0.788000 0.240667 0.050000 0.040000
4 0.703250 0.240333 0.056500 0.040667
0 0.797000 0.200333 0.006000 0.022000
4 0.588000 0.213333 0.040000 0.033333
0 0.642750 0.205667 0.007500 0.019333
0 0.628750 0.205000 0.005500 0.019333
0 0.617250 0.205667 0.005500 0.019333
0 0.608500 0.205000 0.006000 0.019333
0 0.611750 0.200333 0.005500 0.019333
1 0.565500 0.208000 0.009000 0.017333
0 0.520750 0.225000 0.010500 0.023333
4 0.635500 0.193000 0.032000 0.031333
4 0.625750 0.178333 0.022500 0.028667
5 0.595000 0.177333 0.065000 0.033333
0 0.532500 0.212333 0.008000 0.028667
0 0.518750 0.207667 0.006500 0.019333
9 0.519750 0.208000 0.015500 0.014667
0 0.506750 0.209000 0.008500 0.023333
0 0.534500 0.186667 0.008000 0.021333
0 0.527000 0.184000 0.007000 0.024000
0 0.535000 0.183333 0.007000 0.024000
0 0.490000 0.246333 0.009000 0.026000
0 0.481000 0.252333 0.009000 0.026000
0 0.484000 0.242333 0.009000 0.026000
0 0.472000 0.242000 0.009000 0.025333
0 0.462000 0.225000 0.007000 0.026000
1 0.465500 0.209667 0.010000 0.018000
9 0.465750 0.217000 0.015500 0.020667
4 0.447750 0.193000 0.035500 0.030000
3 0.440750 0.175000 0.043500 0.028667
9 0.394750 0.258000 0.011500 0.024000
9 0.385500 0.254333 0.010000 0.019333
3 0.375750 0.270333 0.028500 0.026000
4 0.318000 0.277667 0.064000 0.034000
0 0.343250 0.252333 0.009500 0.030000
0 0.346500 0.245333 0.009000 0.032000
0 0.336750 0.250333 0.008500 0.030000
0 0.330250 0.248333 0.008500 0.030000
0 0.302750 0.329333 0.013500 0.028000
0 0.304500 0.342667 0.014000 0.038667
0 0.293500 0.390667 0.011000 0.028000
0 0.343500 0.388667 0.011000 0.028000
0 0.307250 0.386667 0.013500 0.032000
0 0.314000 0.351667 0.015000 0.038000
1 0.367250 0.325333 0.014500 0.029333
0 0.335750 0.376000 0.012500 0.034667
0 0.367750 0.380000 0.010500 0.033333
0 0.357500 0.368000 0.011000 0.040000
0 0.449500 0.358000 0.012000 0.040000
1 0.427750 0.372000 0.013500 0.030667
1 0.479250 0.351667 0.016500 0.042000
2 0.480250 0.356667 0.031500 0.026667
9 0.427500 0.378667 0.032000 0.029333
