3 0.270357 0.622857 0.165000 0.184762
3 0.439643 0.395714 0.077857 0.120952
3 0.488929 0.282857 0.063571 0.083810
3 0.775714 0.305714 0.061429 0.076190
3 0.781071 0.384762 0.065000 0.089524
3 0.798571 0.506667 0.085714 0.129524
5 0.849286 0.720476 0.155714 0.305714
0 0.676071 0.423333 0.019286 0.067619
0 0.692500 0.427619 0.023571 0.057143
1 0.714286 0.430952 0.030000 0.058095
9 0.717857 0.447619 0.031429 0.062857
3 0.516786 0.223333 0.047857 0.067619
3 0.546429 0.185714 0.037143 0.057143
3 0.570000 0.146190 0.041429 0.050476
4 0.759286 0.230952 0.050000 0.073333
3 0.766786 0.186667 0.047857 0.057143
4 0.764286 0.139524 0.072857 0.058095
3 0.595357 0.115238 0.037857 0.038095
3 0.610357 0.092381 0.036429 0.047619
3 0.766429 0.100476 0.035714 0.046667
3 0.759286 0.061905 0.055714 0.026667
3 0.632857 0.071429 0.031429 0.034286
3 0.617857 0.058571 0.040000 0.029524
3 0.625357 0.034762 0.046429 0.027619
3 0.648571 0.029048 0.040000 0.023810
3 0.826429 0.065238 0.051429 0.035238
3 0.790357 0.026190 0.023571 0.025714
3 0.809643 0.041905 0.045000 0.026667
3 0.784286 0.012857 0.024286 0.020000
3 0.688929 0.022381 0.033571 0.016190
3 0.680000 0.024762 0.037143 0.022857
3 0.693571 0.015714 0.030000 0.018095
