9 0.016180 0.388683 0.013570 0.018553
3 0.025574 0.436456 0.048017 0.032468
7 0.040710 0.422078 0.025052 0.027829
3 0.047234 0.413729 0.028706 0.031540
0 0.044624 0.645640 0.010960 0.040816
0 0.063413 0.630798 0.013048 0.048237
9 0.248695 0.979592 0.024530 0.025974
9 0.256263 0.959647 0.020877 0.025046
9 0.264092 0.932282 0.022965 0.027829
9 0.269833 0.894249 0.024008 0.025974
9 0.298278 0.775510 0.019311 0.024119
9 0.294624 0.791744 0.022443 0.021336
2 0.375261 0.862709 0.022965 0.025974
2 0.378132 0.832560 0.023486 0.025046
6 0.384395 0.799165 0.032881 0.045455
3 0.382829 0.706865 0.056889 0.053803
3 0.401879 0.573748 0.050104 0.039889
5 0.390919 0.353896 0.022965 0.043599
7 0.389614 0.339054 0.022443 0.025046
1 0.431106 0.306586 0.004175 0.013915
9 0.430585 0.308905 0.009395 0.014842
5 0.431106 0.263451 0.020877 0.040816
5 0.462944 0.212894 0.029228 0.017625
0 0.474426 0.202226 0.004175 0.014842
3 0.443894 0.100649 0.008873 0.012059
3 0.453027 0.101113 0.008351 0.011132
3 0.468685 0.101113 0.008351 0.014842
6 0.454854 0.090909 0.009916 0.012987
1 0.533664 0.129870 0.003653 0.007421
9 0.533403 0.131262 0.003132 0.008349
1 0.505480 0.159091 0.003653 0.010204
1 0.540449 0.181354 0.003653 0.012059
1 0.552192 0.195733 0.003132 0.009276
1 0.515397 0.254174 0.003653 0.012987
1 0.515919 0.178571 0.003653 0.008349
1 0.542797 0.285250 0.004175 0.010204
1 0.524530 0.422078 0.005219 0.016698
1 0.503653 0.446197 0.006263 0.016698
1 0.512004 0.449907 0.006263 0.020408
3 0.552975 0.660946 0.026618 0.064007
7 0.596033 0.799165 0.021921 0.075139
6 0.665710 0.923469 0.019311 0.060297
6 0.686065 0.865492 0.034969 0.040816
6 0.650313 0.795918 0.011482 0.031540
6 0.643528 0.770872 0.012526 0.031540
9 0.671190 0.821892 0.019833 0.027829
9 0.653445 0.863636 0.022965 0.025974
0 0.712683 0.852505 0.009916 0.031540
1 0.716075 0.876160 0.011482 0.021336
6 0.624478 0.574675 0.032881 0.030612
9 0.631524 0.588590 0.017745 0.015770
7 0.634656 0.537570 0.029228 0.030612
9 0.637265 0.526438 0.014614 0.021336
3 0.577244 0.482375 0.020877 0.038961
9 0.581681 0.456401 0.005741 0.018553
9 0.584812 0.456401 0.006785 0.016698
9 0.593685 0.456401 0.009916 0.016698
9 0.588466 0.452226 0.006785 0.015770
9 0.588466 0.467996 0.010960 0.017625
9 0.586117 0.389147 0.011482 0.017625
9 0.594990 0.390538 0.012526 0.012987
9 0.524530 0.426252 0.008351 0.019481
9 0.512265 0.454082 0.006785 0.023191
9 0.503132 0.451763 0.006263 0.025974
0 0.487996 0.354360 0.004175 0.022263
6 0.494781 0.359462 0.010438 0.023191
9 0.594207 0.362709 0.012004 0.016698
0 0.585856 0.340445 0.003653 0.016698
9 0.577505 0.332560 0.010960 0.017625
9 0.516441 0.257421 0.004697 0.012059
6 0.542797 0.289889 0.006263 0.015770
0 0.491127 0.272263 0.003132 0.013915
7 0.496608 0.273655 0.007829 0.020408
3 0.534186 0.271336 0.012004 0.021336
3 0.528445 0.248609 0.012004 0.018553
7 0.535491 0.201763 0.004175 0.015770
7 0.551931 0.208256 0.006785 0.019481
7 0.543841 0.192486 0.006263 0.013915
4 0.525835 0.161410 0.007829 0.020408
6 0.516180 0.177180 0.006263 0.018553
9 0.506002 0.161410 0.003653 0.012987
3 0.543580 0.083952 0.005741 0.008349
6 0.520877 0.088126 0.004175 0.011132
7 0.516441 0.085343 0.002610 0.007421
0 0.548017 0.081633 0.002088 0.009276
1 0.538622 0.076531 0.002088 0.006494
9 0.538622 0.078386 0.003132 0.006494
9 0.530271 0.064935 0.002088 0.005566
9 0.534708 0.064935 0.002610 0.007421
1 0.530271 0.064007 0.002088 0.007421
1 0.534447 0.063544 0.002088 0.006494
3 0.529489 0.044527 0.004697 0.007421
3 0.526096 0.041280 0.004175 0.010204
3 0.524530 0.038033 0.004175 0.007421
3 0.523747 0.034323 0.004697 0.007421
1 0.518789 0.059369 0.001044 0.003711
1 0.518267 0.056122 0.002088 0.004638
1 0.514614 0.050093 0.002088 0.005566
1 0.526879 0.054267 0.001566 0.004638
9 0.526357 0.055659 0.002610 0.005566
9 0.518528 0.061224 0.001566 0.005566
9 0.518006 0.057050 0.002610 0.004638
9 0.514614 0.051484 0.003132 0.004638
9 0.532098 0.052412 0.003653 0.004638
7 0.526096 0.049165 0.003132 0.005566
3 0.519833 0.026902 0.003132 0.005566
7 0.740866 0.359462 0.022443 0.025046
5 0.721555 0.313544 0.042276 0.035250
