0 0.437143 0.975254 0.015714 0.024112
0 0.483214 0.982868 0.015000 0.031726
0 0.443929 0.808376 0.012143 0.040609
0 0.497857 0.831218 0.012857 0.038071
0 0.480000 0.752538 0.010000 0.043147
0 0.473571 0.724619 0.011429 0.032995
0 0.459286 0.701777 0.008571 0.032995
0 0.427500 0.728426 0.005000 0.022843
0 0.424286 0.713832 0.010000 0.034264
0 0.416786 0.628173 0.007857 0.032995
0 0.419643 0.441624 0.007857 0.035533
0 0.422857 0.426396 0.012857 0.032995
0 0.568929 0.274746 0.005000 0.029188
0 0.563571 0.279188 0.005714 0.027919
0 0.654643 0.241117 0.006429 0.030457
0 0.673571 0.163706 0.005714 0.025381
0 0.433929 0.060914 0.009286 0.027919
0 0.438571 0.060914 0.005714 0.025381
1 0.476071 0.192893 0.007857 0.017766
1 0.477857 0.185279 0.008571 0.017766
1 0.476071 0.107868 0.007857 0.015228
0 0.479643 0.293782 0.005000 0.026650
0 0.480357 0.292513 0.010714 0.031726
0 0.643929 0.181472 0.007857 0.025381
0 0.663571 0.173223 0.007143 0.026650
3 0.740714 0.046954 0.041429 0.065990
4 0.803571 0.190355 0.052857 0.096447
4 0.977143 0.435914 0.045714 0.135787
5 0.875000 0.489848 0.101429 0.200508
3 0.940714 0.493020 0.075714 0.135787
1 0.475000 0.101523 0.008571 0.020305
