3 0.255500 0.107333 0.022000 0.013333
4 0.277250 0.106333 0.017500 0.012667
4 0.301500 0.105667 0.021000 0.014000
3 0.331250 0.107000 0.023500 0.011333
3 0.358750 0.107667 0.022500 0.011333
3 0.388750 0.108000 0.022500 0.012000
4 0.344500 0.093333 0.022000 0.013333
3 0.347250 0.099333 0.021500 0.010667
3 0.375500 0.099000 0.022000 0.011333
0 0.387000 0.094000 0.002000 0.009333
3 0.404250 0.099000 0.022500 0.011333
3 0.416000 0.107000 0.023000 0.011333
3 0.447000 0.108333 0.023000 0.011333
4 0.430750 0.097667 0.018500 0.014000
4 0.454500 0.096333 0.018000 0.014000
3 0.484000 0.097667 0.024000 0.014000
3 0.502500 0.108667 0.020000 0.010667
3 0.513250 0.099000 0.021500 0.012667
3 0.527000 0.109000 0.018000 0.010000
3 0.545250 0.099333 0.019500 0.010667
0 0.548750 0.099000 0.002500 0.012667
3 0.590250 0.108667 0.024500 0.012000
0 0.591500 0.100333 0.002000 0.010000
3 0.599000 0.093333 0.018000 0.013333
3 0.647000 0.097667 0.021000 0.012667
3 0.718500 0.119667 0.010000 0.011333
3 0.716250 0.150333 0.015500 0.016667
3 0.708750 0.194333 0.017500 0.024667
3 0.715000 0.220667 0.026000 0.024000
0 0.683000 0.116333 0.004000 0.010000
0 0.680500 0.114000 0.002000 0.005333
3 0.632000 0.297333 0.021000 0.037333
3 0.616000 0.334333 0.025000 0.034000
3 0.641250 0.250000 0.020500 0.029333
3 0.606250 0.370667 0.026500 0.042667
3 0.595750 0.410333 0.029500 0.043333
0 0.620000 0.386667 0.008000 0.024000
0 0.582500 0.487000 0.009000 0.030000
3 0.563250 0.542667 0.042500 0.078667
3 0.430500 0.418333 0.039000 0.051333
3 0.641000 0.704000 0.080000 0.068000
7 0.539750 0.671333 0.035500 0.069333
3 0.647500 0.846000 0.060000 0.157333
3 0.289250 0.677667 0.076500 0.111333
5 0.420750 0.649333 0.057500 0.105333
3 0.356250 0.817333 0.063500 0.097333
0 0.499000 0.629667 0.010000 0.036667
0 0.489500 0.616333 0.008000 0.023333
0 0.472500 0.344000 0.008000 0.014667
3 0.938750 0.688000 0.106500 0.061333
0 0.768500 0.172333 0.005000 0.018000
4 0.764250 0.136333 0.020500 0.020667
5 0.707750 0.012667 0.010500 0.022667
1 0.395250 0.178333 0.004500 0.008667
1 0.385500 0.183667 0.004000 0.008667
0 0.393250 0.189333 0.004500 0.012000
0 0.239000 0.182333 0.004000 0.012667
0 0.242750 0.181000 0.004500 0.014000
0 0.139750 0.126333 0.004500 0.012667
0 0.148250 0.127667 0.005500 0.012667
0 0.053250 0.134000 0.005500 0.013333
0 0.034250 0.135667 0.005500 0.011333
0 0.011000 0.145000 0.007000 0.015333
0 0.332500 0.076000 0.003000 0.010667
0 0.326000 0.077333 0.003000 0.010667
4 0.317500 0.071333 0.017000 0.014667
0 0.377750 0.071333 0.002500 0.009333
0 0.370250 0.072333 0.002500 0.010000
1 0.373500 0.074667 0.002000 0.005333
4 0.225750 0.061667 0.015500 0.012667
1 0.526000 0.349333 0.003000 0.008000
1 0.524750 0.350667 0.006500 0.016000
1 0.533750 0.340667 0.006500 0.014667
3 0.836500 0.303333 0.038000 0.020000
3 0.838000 0.317333 0.037000 0.018667
3 0.839750 0.335000 0.041500 0.023333
3 0.690250 0.411333 0.026500 0.045333
3 0.500500 0.475000 0.031000 0.075333
3 0.268500 0.975000 0.063000 0.044667
