3 0.101429 0.185714 0.068571 0.040000
3 0.100357 0.058095 0.066429 0.045714
0 0.212143 0.070000 0.014286 0.027619
9 0.238214 0.096667 0.013571 0.033333
0 0.236071 0.089524 0.015000 0.024762
0 0.143214 0.249048 0.017857 0.020000
0 0.163929 0.251905 0.017857 0.016190
3 0.275714 0.186667 0.068571 0.051429
3 0.251429 0.250000 0.070000 0.052381
0 0.293571 0.285238 0.022857 0.023810
0 0.278571 0.341429 0.015714 0.021905
2 0.255357 0.371905 0.015000 0.027619
0 0.257143 0.376667 0.015714 0.016190
2 0.347143 0.359524 0.011429 0.039048
1 0.348571 0.357143 0.007143 0.017143
2 0.361786 0.413333 0.010714 0.034286
1 0.362857 0.411905 0.010000 0.018095
2 0.361429 0.478571 0.010000 0.031429
1 0.358929 0.472857 0.010714 0.018095
9 0.454643 0.275714 0.012143 0.031429
1 0.452857 0.270000 0.007143 0.018095
3 0.371786 0.271905 0.039286 0.086667
3 0.420357 0.335714 0.030714 0.092381
3 0.313571 0.348095 0.038571 0.086667
3 0.268929 0.494286 0.067857 0.066667
3 0.425357 0.500952 0.030714 0.091429
4 0.336786 0.535238 0.030714 0.076190
4 0.331786 0.651429 0.032143 0.102857
3 0.196429 0.670000 0.065714 0.084762
3 0.211786 0.717143 0.066429 0.078095
0 0.206071 0.594762 0.017857 0.014286
9 0.437857 0.740476 0.011429 0.035238
1 0.436786 0.743333 0.009286 0.018095
3 0.329643 0.777143 0.030714 0.083810
3 0.325357 0.963810 0.033571 0.072381
9 0.472143 0.841905 0.021429 0.045714
9 0.471071 0.955714 0.029286 0.088571
3 0.479286 0.508095 0.031429 0.098095
3 0.477500 0.620952 0.026429 0.089524
4 0.481071 0.252857 0.023571 0.075238
3 0.485357 0.150952 0.029286 0.094286
2 0.531429 0.130476 0.010000 0.041905
4 0.062857 0.506190 0.074286 0.094286
3 0.040714 0.481429 0.061429 0.088571
3 0.069286 0.331905 0.077143 0.044762
3 0.068929 0.263333 0.077857 0.048571
