3 0.379643 0.383333 0.045000 0.058095
3 0.506429 0.542381 0.065714 0.086667
3 0.573214 0.240952 0.050714 0.040000
4 0.255000 0.247143 0.048571 0.063810
3 0.152143 0.247143 0.035714 0.040952
3 0.114286 0.200476 0.032857 0.039048
3 0.171071 0.135238 0.033571 0.040000
3 0.814643 0.625714 0.073571 0.106667
3 0.879643 0.833810 0.103571 0.145714
3 0.971786 0.896190 0.056429 0.127619
3 0.717500 0.950952 0.076429 0.098095
3 0.727500 0.079524 0.023571 0.031429
3 0.604643 0.132857 0.035000 0.042857
8 0.646071 0.106667 0.060714 0.091429
9 0.717143 0.456667 0.027143 0.027619
9 0.645714 0.314286 0.015714 0.024762
9 0.543571 0.119048 0.010000 0.017143
9 0.556786 0.119524 0.009286 0.014286
1 0.717143 0.447143 0.011429 0.023810
1 0.646071 0.305714 0.010714 0.022857
1 0.556429 0.111905 0.005714 0.018095
1 0.543929 0.110476 0.006429 0.019048
