4 0.453929 0.919416 0.020714 0.069797
4 0.559643 0.614213 0.016429 0.043147
4 0.446071 0.518401 0.016429 0.039340
3 0.546071 0.395939 0.010714 0.025381
4 0.510357 0.470812 0.012143 0.040609
4 0.486429 0.350888 0.011429 0.019036
3 0.544286 0.332487 0.011429 0.025381
4 0.462143 0.313452 0.011429 0.022843
3 0.512143 0.291244 0.008571 0.019036
3 0.477857 0.282360 0.008571 0.016497
3 0.540714 0.283629 0.008571 0.021574
3 0.491429 0.246193 0.010000 0.015228
3 0.527143 0.251904 0.008571 0.019036
3 0.539643 0.227157 0.007857 0.015228
3 0.526071 0.212563 0.007857 0.019036
3 0.538929 0.198604 0.009286 0.013959
3 0.526429 0.187817 0.007143 0.015228
5 0.118929 0.329315 0.030714 0.044416
0 0.596071 0.541244 0.006429 0.021574
0 0.600000 0.571066 0.004286 0.020305
0 0.629286 0.575508 0.005714 0.019036
